Zeit (s) Messreihe #10	Spannung, Ch A (V) Messreihe #10	Spannung, Ch B (V) Messreihe #10
0,000	1,008	-0,002
0,050	1,008	-0,001
0,100	1,008	-0,002
0,150	1,008	-9,939E-4
0,200	1,008	-0,002
0,250	1,007	-0,001
0,300	1,008	-0,002
0,350	1,008	-0,001
0,400	1,008	-0,002
0,450	1,008	-0,001
0,500	1,008	-0,002
0,550	1,008	-0,001
0,600	1,008	-0,002
0,650	1,008	-0,001
0,700	1,008	-0,002
0,750	1,008	-0,002
0,800	1,008	-0,002
0,850	1,008	-0,001
0,900	1,008	-0,002
0,950	1,008	-0,001
1,000	1,008	-0,002
1,050	1,008	-0,001
1,100	1,008	-0,002
1,150	1,008	-0,001
1,200	1,008	-0,002
1,250	1,008	-0,001
1,300	1,008	-0,002
1,350	1,008	-0,001
1,400	1,008	-0,002
1,450	1,008	-0,001
1,500	1,006	-0,002
1,550	1,005	-0,001
1,600	1,003	-0,003
1,650	1,001	-0,002
1,700	1,000	-0,003
1,750	0,999	-0,002
1,800	0,999	-0,003
1,850	0,998	-0,002
1,900	0,997	-0,003
1,950	0,996	-0,002
2,000	0,995	-0,003
2,050	0,994	-0,002
2,100	0,993	-0,003
2,150	0,992	-0,002
2,200	0,991	-0,003
2,250	0,991	-0,002
2,300	0,990	-0,003
2,350	0,989	-0,002
2,400	0,988	-0,003
2,450	0,986	-0,003
2,500	0,985	-0,003
2,550	0,983	-0,003
2,600	0,979	-0,004
2,650	0,977	-0,003
2,700	0,975	-0,004
2,750	0,974	-0,003
2,800	0,973	-0,004
2,850	0,972	-0,003
2,900	0,971	-0,004
2,950	0,969	-0,003
3,000	0,968	-0,004
3,050	0,966	-0,003
3,100	0,963	-0,004
3,150	0,961	-0,004
3,200	0,959	-0,005
3,250	0,956	-0,004
3,300	0,952	-0,005
3,350	0,950	-0,004
3,400	0,946	-0,005
3,450	0,944	-0,005
3,500	0,944	-0,006
3,550	0,944	-0,005
3,600	0,944	-0,005
3,650	0,944	-0,005
3,700	0,944	-0,005
3,750	0,944	-0,005
3,800	0,944	-0,005
3,850	0,944	-0,005
3,900	0,944	-0,005
3,950	0,942	-0,005
4,000	0,938	-0,006
4,050	0,936	-0,005
4,100	0,934	-0,006
4,150	0,932	-0,006
4,200	0,931	-0,006
4,250	0,930	-0,006
4,300	0,928	-0,006
4,350	0,927	-0,006
4,400	0,925	-0,007
4,450	0,922	-0,006
4,500	0,920	-0,007
4,550	0,917	-0,007
4,600	0,915	-0,007
4,650	0,912	-0,007
4,700	0,911	-0,007
4,750	0,908	-0,007
4,800	0,906	-0,008
4,850	0,904	-0,007
4,900	0,903	-0,008
4,950	0,903	-0,007
5,000	0,901	-0,008
5,050	0,900	-0,008
5,100	0,899	-0,008
5,150	0,897	-0,008
5,200	0,895	-0,008
5,250	0,893	-0,008
5,300	0,890	-0,008
5,350	0,888	-0,008
5,400	0,885	-0,009
5,450	0,882	-0,009
5,500	0,880	-0,009
5,550	0,879	-0,009
5,600	0,878	-0,009
5,650	0,876	-0,009
5,700	0,873	-0,010
5,750	0,871	-0,010
5,800	0,869	-0,010
5,850	0,868	-0,010
5,900	0,866	-0,010
5,950	0,864	-0,010
6,000	0,862	-0,010
6,050	0,862	-0,010
6,100	0,862	-0,010
6,150	0,862	-0,010
6,200	0,862	-0,011
6,250	0,862	-0,010
6,300	0,862	-0,010
6,350	0,862	-0,010
6,400	0,862	-0,010
6,450	0,862	-0,010
6,500	0,862	-0,010
6,550	0,860	-0,010
6,600	0,858	-0,011
6,650	0,858	-0,010
6,700	0,857	-0,011
6,750	0,855	-0,010
6,800	0,853	-0,011
6,850	0,852	-0,011
6,900	0,850	-0,011
6,950	0,849	-0,011
7,000	0,847	-0,011
7,050	0,844	-0,011
7,100	0,842	-0,011
7,150	0,841	-0,011
7,200	0,841	-0,012
7,250	0,839	-0,012
7,300	0,836	-0,012
7,350	0,835	-0,012
7,400	0,833	-0,012
7,450	0,831	-0,012
7,500	0,828	-0,013
7,550	0,826	-0,013
7,600	0,825	-0,013
7,650	0,823	-0,013
7,700	0,821	-0,013
7,750	0,818	-0,013
7,800	0,816	-0,013
7,850	0,815	-0,013
7,900	0,813	-0,013
7,950	0,810	-0,014
8,000	0,807	-0,014
8,050	0,803	-0,014
8,100	0,800	-0,015
8,150	0,797	-0,015
8,200	0,795	-0,015
8,250	0,792	-0,015
8,300	0,789	-0,015
8,350	0,786	-0,016
8,400	0,784	-0,015
8,450	0,781	-0,016
8,500	0,780	-0,016
8,550	0,780	-0,016
8,600	0,780	-0,016
8,650	0,779	-0,016
8,700	0,779	-0,016
8,750	0,779	-0,016
8,800	0,779	-0,016
8,850	0,779	-0,016
8,900	0,779	-0,016
8,950	0,779	-0,016
9,000	0,780	-0,016
9,050	0,779	-0,016
9,100	0,779	-0,016
9,150	0,779	-0,016
9,200	0,779	-0,016
9,250	0,774	-0,017
9,300	0,771	-0,016
9,350	0,769	-0,017
9,400	0,766	-0,017
9,450	0,762	-0,018
9,500	0,757	-0,018
9,550	0,754	-0,018
9,600	0,752	-0,018
9,650	0,751	-0,019
9,700	0,749	-0,018
9,750	0,746	-0,019
9,800	0,742	-0,019
9,850	0,739	-0,019
9,900	0,736	-0,019
9,950	0,733	-0,020
10,000	0,731	-0,020
10,050	0,729	-0,020
10,100	0,727	-0,020
10,150	0,724	-0,021
10,200	0,722	-0,020
10,250	0,718	-0,021
10,300	0,715	-0,021
10,350	0,713	-0,022
10,400	0,710	-0,022
10,450	0,707	-0,022
10,500	0,703	-0,022
10,550	0,700	-0,023
10,600	0,697	-0,023
10,650	0,694	-0,023
10,700	0,690	-0,023
10,750	0,688	-0,024
10,800	0,686	-0,024
10,850	0,685	-0,024
10,900	0,686	-0,024
10,950	0,686	-0,024
11,000	0,686	-0,024
11,050	0,686	-0,024
11,100	0,686	-0,024
11,150	0,686	-0,024
11,200	0,686	-0,024
11,250	0,683	-0,024
11,300	0,677	-0,024
11,350	0,672	-0,025
11,400	0,668	-0,025
11,450	0,666	-0,026
11,500	0,664	-0,025
11,550	0,662	-0,027
11,600	0,660	-0,026
11,650	0,658	-0,027
11,700	0,656	-0,026
11,750	0,654	-0,027
11,800	0,651	-0,027
11,850	0,649	-0,028
11,900	0,647	-0,027
11,950	0,646	-0,028
12,000	0,644	-0,028
12,050	0,642	-0,028
12,100	0,639	-0,028
12,150	0,635	-0,029
12,200	0,633	-0,029
12,250	0,631	-0,030
12,300	0,628	-0,029
12,350	0,625	-0,030
12,400	0,623	-0,030
12,450	0,621	-0,031
12,500	0,618	-0,030
12,550	0,614	-0,031
12,600	0,609	-0,031
12,650	0,605	-0,032
12,700	0,601	-0,032
12,750	0,599	-0,033
12,800	0,599	-0,033
12,850	0,599	-0,034
12,900	0,599	-0,033
12,950	0,599	-0,034
13,000	0,599	-0,032
13,050	0,599	-0,034
13,100	0,599	-0,033
13,150	0,599	-0,033
13,200	0,597	-0,033
13,250	0,591	-0,034
13,300	0,585	-0,034
13,350	0,581	-0,035
13,400	0,578	-0,035
13,450	0,576	-0,036
13,500	0,574	-0,036
13,550	0,570	-0,037
13,600	0,567	-0,036
13,650	0,561	-0,038
13,700	0,557	-0,038
13,750	0,556	-0,039
13,800	0,554	-0,038
13,850	0,551	-0,039
13,900	0,549	-0,038
13,950	0,546	-0,040
14,000	0,543	-0,039
14,050	0,541	-0,041
14,100	0,539	-0,040
14,150	0,536	-0,042
14,200	0,534	-0,041
14,250	0,532	-0,042
14,300	0,529	-0,042
14,350	0,527	-0,043
14,400	0,524	-0,042
14,450	0,521	-0,044
14,500	0,519	-0,043
14,550	0,518	-0,044
14,600	0,518	-0,043
14,650	0,518	-0,044
14,700	0,518	-0,043
14,750	0,518	-0,044
14,800	0,518	-0,043
14,850	0,518	-0,044
14,900	0,518	-0,043
14,950	0,518	-0,044
15,000	0,511	-0,044
15,050	0,502	-0,046
15,100	0,498	-0,046
15,150	0,497	-0,047
15,200	0,495	-0,047
15,250	0,492	-0,048
15,300	0,488	-0,048
15,350	0,485	-0,049
15,400	0,484	-0,048
15,450	0,481	-0,050
15,500	0,478	-0,049
15,550	0,475	-0,051
15,600	0,470	-0,051
15,650	0,461	-0,053
15,700	0,456	-0,054
15,750	0,453	-0,055
15,800	0,450	-0,055
15,850	0,447	-0,056
15,900	0,444	-0,056
15,950	0,443	-0,057
16,000	0,441	-0,057
16,050	0,438	-0,058
16,100	0,436	-0,057
16,150	0,435	-0,059
16,200	0,432	-0,058
16,250	0,429	-0,060
16,300	0,426	-0,060
16,350	0,425	-0,061
16,400	0,425	-0,060
16,450	0,425	-0,061
16,500	0,425	-0,060
16,550	0,425	-0,061
16,600	0,425	-0,060
16,650	0,425	-0,061
16,700	0,425	-0,060
16,750	0,425	-0,061
16,800	0,425	-0,060
16,850	0,420	-0,061
16,900	0,413	-0,062
16,950	0,412	-0,064
17,000	0,410	-0,063
17,050	0,407	-0,064
17,100	0,404	-0,064
17,150	0,403	-0,065
17,200	0,402	-0,065
17,250	0,400	-0,066
17,300	0,397	-0,066
17,350	0,395	-0,067
17,400	0,393	-0,067
17,450	0,391	-0,068
17,500	0,390	-0,067
17,550	0,388	-0,069
17,600	0,387	-0,068
17,650	0,386	-0,070
17,700	0,384	-0,069
17,750	0,383	-0,070
17,800	0,382	-0,069
17,850	0,381	-0,071
17,900	0,380	-0,070
17,950	0,379	-0,072
18,000	0,377	-0,071
18,050	0,376	-0,072
18,100	0,374	-0,072
18,150	0,373	-0,073
18,200	0,370	-0,072
18,250	0,369	-0,074
18,300	0,368	-0,073
18,350	0,367	-0,075
18,400	0,366	-0,074
18,450	0,365	-0,075
18,500	0,364	-0,074
18,550	0,363	-0,076
18,600	0,362	-0,075
18,650	0,361	-0,076
18,700	0,359	-0,076
18,750	0,358	-0,077
18,800	0,355	-0,076
18,850	0,353	-0,078
18,900	0,353	-0,077
18,950	0,353	-0,079
19,000	0,353	-0,077
19,050	0,353	-0,079
19,100	0,353	-0,078
19,150	0,353	-0,079
19,200	0,353	-0,078
19,250	0,353	-0,078
19,300	0,353	-0,078
19,350	0,353	-0,079
19,400	0,353	-0,077
19,450	0,352	-0,079
19,500	0,349	-0,078
19,550	0,347	-0,080
19,600	0,346	-0,080
19,650	0,347	-0,081
19,700	0,344	-0,080
19,750	0,339	-0,083
19,800	0,337	-0,082
19,850	0,335	-0,084
19,900	0,331	-0,083
19,950	0,328	-0,086
20,000	0,325	-0,085
20,050	0,323	-0,087
20,100	0,321	-0,087
20,150	0,318	-0,089
20,200	0,314	-0,089
20,250	0,311	-0,091
20,300	0,307	-0,092
20,350	0,303	-0,094
20,400	0,299	-0,094
20,450	0,296	-0,097
20,500	0,293	-0,097
20,550	0,291	-0,098
20,600	0,289	-0,098
20,650	0,286	-0,100
20,700	0,283	-0,100
20,750	0,280	-0,102
20,800	0,278	-0,102
20,850	0,276	-0,104
20,900	0,274	-0,104
20,950	0,272	-0,106
21,000	0,269	-0,105
21,050	0,263	-0,109
21,100	0,259	-0,109
21,150	0,255	-0,112
21,200	0,251	-0,113
21,250	0,248	-0,116
21,300	0,248	-0,115
21,350	0,248	-0,117
21,400	0,248	-0,115
21,450	0,248	-0,116
21,500	0,248	-0,115
21,550	0,248	-0,117
21,600	0,248	-0,115
21,650	0,248	-0,116
21,700	0,247	-0,115
21,750	0,242	-0,118
21,800	0,236	-0,119
21,850	0,234	-0,122
21,900	0,232	-0,122
21,950	0,228	-0,125
22,000	0,225	-0,125
22,050	0,222	-0,127
22,100	0,218	-0,128
22,150	0,215	-0,131
22,200	0,212	-0,131
22,250	0,210	-0,134
22,300	0,208	-0,134
22,350	0,207	-0,135
22,400	0,204	-0,136
22,450	0,201	-0,138
22,500	0,198	-0,139
22,550	0,194	-0,141
22,600	0,193	-0,142
22,650	0,192	-0,144
22,700	0,190	-0,143
22,750	0,188	-0,145
22,800	0,186	-0,145
22,850	0,185	-0,147
22,900	0,185	-0,147
22,950	0,183	-0,148
23,000	0,181	-0,148
23,050	0,177	-0,151
23,100	0,174	-0,152
23,150	0,170	-0,155
23,200	0,168	-0,156
23,250	0,169	-0,157
23,300	0,169	-0,156
23,350	0,169	-0,157
23,400	0,169	-0,156
23,450	0,169	-0,158
23,500	0,169	-0,156
23,550	0,169	-0,157
23,600	0,169	-0,156
23,650	0,169	-0,157
23,700	0,167	-0,157
23,750	0,160	-0,161
23,800	0,158	-0,161
23,850	0,157	-0,164
23,900	0,156	-0,163
23,950	0,154	-0,166
24,000	0,152	-0,166
24,050	0,152	-0,168
24,100	0,150	-0,167
24,150	0,146	-0,170
24,200	0,143	-0,171
24,250	0,140	-0,174
24,300	0,136	-0,175
24,350	0,136	-0,177
24,400	0,137	-0,177
24,450	0,137	-0,178
24,500	0,137	-0,177
24,550	0,135	-0,178
24,600	0,132	-0,179
24,650	0,129	-0,181
24,700	0,127	-0,182
24,750	0,124	-0,185
24,800	0,122	-0,185
24,850	0,120	-0,188
24,900	0,118	-0,189
24,950	0,116	-0,191
25,000	0,115	-0,191
25,050	0,113	-0,193
25,100	0,111	-0,193
25,150	0,108	-0,197
25,200	0,106	-0,197
25,250	0,104	-0,200
25,300	0,101	-0,200
25,350	0,099	-0,203
25,400	0,098	-0,204
25,450	0,097	-0,205
25,500	0,095	-0,205
25,550	0,093	-0,208
25,600	0,091	-0,209
25,650	0,090	-0,210
25,700	0,089	-0,211
25,750	0,087	-0,213
25,800	0,085	-0,213
25,850	0,083	-0,216
25,900	0,081	-0,217
25,950	0,078	-0,219
26,000	0,077	-0,220
26,050	0,075	-0,222
26,100	0,073	-0,223
26,150	0,072	-0,225
26,200	0,072	-0,225
26,250	0,073	-0,226
26,300	0,073	-0,225
26,350	0,073	-0,226
26,400	0,073	-0,225
26,450	0,073	-0,226
26,500	0,073	-0,225
26,550	0,072	-0,226
26,600	0,073	-0,225
26,650	0,072	-0,226
26,700	0,073	-0,225
26,750	0,069	-0,227
26,800	0,065	-0,229
26,850	0,064	-0,232
26,900	0,061	-0,233
26,950	0,059	-0,236
27,000	0,057	-0,237
27,050	0,054	-0,240
27,100	0,051	-0,242
27,150	0,048	-0,245
27,200	0,044	-0,248
27,250	0,039	-0,253
27,300	0,037	-0,255
27,350	0,033	-0,259
27,400	0,031	-0,262
27,450	0,031	-0,264
27,500	0,028	-0,266
27,550	0,026	-0,269
27,600	0,022	-0,271
27,650	0,017	-0,277
27,700	0,014	-0,280
27,750	0,014	-0,283
27,800	0,013	-0,284
27,850	0,012	-0,286
27,900	0,011	-0,287
27,950	0,010	-0,289
28,000	0,008	-0,291
28,050	0,007	-0,293
28,100	0,006	-0,294
28,150	0,005	-0,296
28,200	0,003	-0,297
28,250	0,001	-0,300
28,300	0,001	-0,301
28,350	0,002	-0,302
28,400	0,001	-0,302
28,450	0,001	-0,303
28,500	0,002	-0,302
28,550	0,001	-0,303
28,600	0,001	-0,302
28,650	0,001	-0,303
28,700	0,001	-0,302
28,750	0,002	-0,303
28,800	0,002	-0,302
28,850	0,002	-0,303
28,900	0,002	-0,303
28,950	0,001	-0,303
29,000	0,002	-0,302
29,050	0,002	-0,303
29,100	0,002	-0,302
29,150	0,002	-0,303
29,200	0,002	-0,303
29,250	0,002	-0,303
29,300	0,001	-0,303
29,350	0,001	-0,304
29,400	0,002	-0,303
29,450	0,001	-0,304
29,500	0,001	-0,303
29,550	0,002	-0,303
29,600	0,001	-0,303
29,650	0,002	-0,303
29,700	0,002	-0,302
29,750	0,002	-0,303
29,800	0,002	-0,303
29,850	0,002	-0,303
29,900	0,002	-0,303
29,950	0,002	-0,303
30,000	0,002	-0,302
30,050	0,002	-0,303
30,100	0,002	-0,303
30,150	0,002	-0,303
30,200	0,002	-0,303
30,250	9,698E-4	-0,303
30,300	-9,088E-4	-0,304
30,350	-0,004	-0,307
30,400	-0,006	-0,309
30,450	-0,008	-0,314
30,500	-0,009	-0,315
30,550	-0,010	-0,318
30,600	-0,011	-0,319
30,650	-0,014	-0,323
30,700	-0,016	-0,326
30,750	-0,017	-0,329
30,800	-0,017	-0,330
30,850	-0,018	-0,333
30,900	-0,020	-0,335
30,950	-0,022	-0,339
31,000	-0,023	-0,341
31,050	-0,024	-0,345
31,100	-0,025	-0,347
31,150	-0,028	-0,352
31,200	-0,030	-0,357
31,250	-0,032	-0,363
31,300	-0,032	-0,368
31,350	-0,033	-0,372
31,400	-0,034	-0,377
31,450	-0,036	-0,383
31,500	-0,037	-0,389
31,550	-0,039	-0,396
31,600	-0,039	-0,400
31,650	-0,039	-0,405
31,700	-0,041	-0,409
31,750	-0,042	-0,414
31,800	-0,043	-0,419
31,850	-0,044	-0,425
31,900	-0,044	-0,429
31,950	-0,045	-0,434
32,000	-0,046	-0,438
32,050	-0,047	-0,443
32,100	-0,048	-0,447
32,150	-0,048	-0,452
32,200	-0,049	-0,456
32,250	-0,049	-0,460
32,300	-0,050	-0,464
32,350	-0,051	-0,468
32,400	-0,052	-0,471
32,450	-0,052	-0,475
32,500	-0,052	-0,478
32,550	-0,053	-0,482
32,600	-0,054	-0,485
32,650	-0,054	-0,488
32,700	-0,055	-0,490
32,750	-0,055	-0,494
32,800	-0,055	-0,496
32,850	-0,055	-0,498
32,900	-0,056	-0,501
32,950	-0,057	-0,504
33,000	-0,057	-0,506
33,050	-0,058	-0,509
33,100	-0,058	-0,511
33,150	-0,059	-0,513
33,200	-0,059	-0,515
33,250	-0,060	-0,518
33,300	-0,060	-0,519
33,350	-0,061	-0,522
33,400	-0,061	-0,524
33,450	-0,062	-0,526
33,500	-0,062	-0,528
33,550	-0,063	-0,531
33,600	-0,064	-0,533
33,650	-0,065	-0,536
33,700	-0,065	-0,538
33,750	-0,066	-0,541
33,800	-0,067	-0,543
33,850	-0,068	-0,547
33,900	-0,069	-0,549
33,950	-0,070	-0,553
34,000	-0,071	-0,556
34,050	-0,072	-0,559
34,100	-0,073	-0,562
34,150	-0,075	-0,566
34,200	-0,075	-0,568
34,250	-0,076	-0,572
34,300	-0,077	-0,574
34,350	-0,077	-0,577
34,400	-0,078	-0,578
34,450	-0,078	-0,581
34,500	-0,079	-0,583
34,550	-0,080	-0,586
34,600	-0,082	-0,588
34,650	-0,083	-0,591
34,700	-0,084	-0,593
34,750	-0,084	-0,596
34,800	-0,085	-0,598
34,850	-0,086	-0,601
34,900	-0,087	-0,602
34,950	-0,089	-0,606
35,000	-0,090	-0,608
35,050	-0,091	-0,611
35,100	-0,091	-0,613
35,150	-0,092	-0,615
35,200	-0,093	-0,616
35,250	-0,095	-0,620
35,300	-0,096	-0,622
35,350	-0,097	-0,625
35,400	-0,099	-0,627
35,450	-0,100	-0,630
35,500	-0,102	-0,633
35,550	-0,104	-0,636
35,600	-0,105	-0,638
35,650	-0,107	-0,642
35,700	-0,108	-0,644
35,750	-0,109	-0,647
35,800	-0,111	-0,649
35,850	-0,113	-0,652
35,900	-0,115	-0,654
35,950	-0,116	-0,657
36,000	-0,118	-0,660
36,050	-0,120	-0,663
36,100	-0,122	-0,665
36,150	-0,123	-0,668
36,200	-0,123	-0,669
36,250	-0,125	-0,672
36,300	-0,125	-0,673
36,350	-0,126	-0,675
36,400	-0,128	-0,676
36,450	-0,129	-0,678
36,500	-0,130	-0,679
36,550	-0,131	-0,681
36,600	-0,132	-0,682
36,650	-0,133	-0,684
36,700	-0,134	-0,685
36,750	-0,135	-0,686
36,800	-0,136	-0,687
36,850	-0,136	-0,689
36,900	-0,136	-0,689
36,950	-0,136	-0,690
37,000	-0,137	-0,690
37,050	-0,137	-0,690
37,100	-0,136	-0,690
37,150	-0,136	-0,690
37,200	-0,137	-0,690
37,250	-0,137	-0,691
37,300	-0,137	-0,690
37,350	-0,136	-0,690
37,400	-0,137	-0,690
37,450	-0,136	-0,690
37,500	-0,136	-0,690
37,550	-0,136	-0,691
37,600	-0,136	-0,690
37,650	-0,138	-0,691
37,700	-0,140	-0,692
37,750	-0,142	-0,694
37,800	-0,143	-0,695
37,850	-0,144	-0,697
37,900	-0,145	-0,698
37,950	-0,149	-0,701
38,000	-0,151	-0,703
38,050	-0,153	-0,706
38,100	-0,155	-0,708
38,150	-0,157	-0,710
38,200	-0,160	-0,712
38,250	-0,163	-0,716
38,300	-0,166	-0,718
38,350	-0,170	-0,723
38,400	-0,173	-0,725
38,450	-0,175	-0,728
38,500	-0,175	-0,729
38,550	-0,175	-0,730
38,600	-0,175	-0,730
38,650	-0,175	-0,731
38,700	-0,175	-0,730
38,750	-0,176	-0,732
38,800	-0,177	-0,732
38,850	-0,177	-0,732
38,900	-0,178	-0,732
38,950	-0,178	-0,733
39,000	-0,179	-0,733
39,050	-0,181	-0,735
39,100	-0,182	-0,736
39,150	-0,184	-0,738
39,200	-0,185	-0,738
39,250	-0,186	-0,740
39,300	-0,186	-0,740
39,350	-0,186	-0,741
39,400	-0,186	-0,741
39,450	-0,186	-0,741
39,500	-0,186	-0,740
39,550	-0,189	-0,742
39,600	-0,191	-0,743
39,650	-0,193	-0,745
39,700	-0,194	-0,746
39,750	-0,195	-0,747
39,800	-0,197	-0,748
39,850	-0,198	-0,750
39,900	-0,200	-0,751
39,950	-0,202	-0,753
40,000	-0,204	-0,754
40,050	-0,205	-0,755
40,100	-0,207	-0,756
40,150	-0,210	-0,758
40,200	-0,212	-0,760
40,250	-0,213	-0,761
40,300	-0,213	-0,762
40,350	-0,213	-0,762
40,400	-0,213	-0,762
40,450	-0,214	-0,763
40,500	-0,214	-0,763
40,550	-0,214	-0,763
40,600	-0,214	-0,763
40,650	-0,214	-0,764
40,700	-0,214	-0,763
40,750	-0,214	-0,763
40,800	-0,214	-0,763
40,850	-0,214	-0,763
40,900	-0,214	-0,763
40,950	-0,214	-0,763
41,000	-0,214	-0,763
41,050	-0,215	-0,763
41,100	-0,220	-0,765
41,150	-0,225	-0,768
41,200	-0,229	-0,771
41,250	-0,232	-0,774
41,300	-0,236	-0,776
41,350	-0,239	-0,778
41,400	-0,243	-0,781
41,450	-0,247	-0,784
41,500	-0,254	-0,787
41,550	-0,259	-0,790
41,600	-0,263	-0,793
41,650	-0,268	-0,796
41,700	-0,271	-0,799
41,750	-0,275	-0,801
41,800	-0,276	-0,802
41,850	-0,278	-0,804
41,900	-0,279	-0,804
41,950	-0,282	-0,806
42,000	-0,284	-0,806
42,050	-0,286	-0,808
42,100	-0,288	-0,809
42,150	-0,289	-0,810
42,200	-0,289	-0,810
42,250	-0,290	-0,811
42,300	-0,291	-0,811
42,350	-0,291	-0,811
42,400	-0,291	-0,811
42,450	-0,291	-0,812
42,500	-0,291	-0,811
42,550	-0,291	-0,812
42,600	-0,291	-0,811
42,650	-0,291	-0,812
42,700	-0,291	-0,811
42,750	-0,291	-0,812
42,800	-0,291	-0,811
42,850	-0,291	-0,812
42,900	-0,291	-0,811
42,950	-0,291	-0,811
43,000	-0,291	-0,811
43,050	-0,291	-0,812
43,100	-0,293	-0,812
43,150	-0,295	-0,813
43,200	-0,296	-0,813
43,250	-0,297	-0,814
43,300	-0,299	-0,815
43,350	-0,301	-0,816
43,400	-0,304	-0,817
43,450	-0,310	-0,820
43,500	-0,315	-0,822
43,550	-0,316	-0,824
43,600	-0,316	-0,823
43,650	-0,316	-0,824
43,700	-0,318	-0,824
43,750	-0,319	-0,825
43,800	-0,320	-0,825
43,850	-0,321	-0,826
43,900	-0,322	-0,826
43,950	-0,324	-0,827
44,000	-0,325	-0,827
44,050	-0,326	-0,828
44,100	-0,327	-0,829
44,150	-0,329	-0,830
44,200	-0,332	-0,830
44,250	-0,333	-0,832
44,300	-0,334	-0,832
44,350	-0,336	-0,833
44,400	-0,337	-0,833
44,450	-0,339	-0,834
44,500	-0,339	-0,834
44,550	-0,340	-0,835
44,600	-0,340	-0,835
44,650	-0,342	-0,835
44,700	-0,343	-0,836
44,750	-0,344	-0,836
44,800	-0,344	-0,836
44,850	-0,345	-0,837
44,900	-0,347	-0,837
44,950	-0,349	-0,838
45,000	-0,350	-0,838
45,050	-0,350	-0,839
45,100	-0,352	-0,840
45,150	-0,353	-0,840
45,200	-0,354	-0,840
45,250	-0,355	-0,841
45,300	-0,357	-0,841
45,350	-0,358	-0,842
45,400	-0,359	-0,842
45,450	-0,359	-0,843
45,500	-0,359	-0,843
45,550	-0,358	-0,843
45,600	-0,358	-0,842
45,650	-0,358	-0,843
45,700	-0,359	-0,843
45,750	-0,358	-0,843
45,800	-0,358	-0,842
45,850	-0,358	-0,843
45,900	-0,359	-0,843
45,950	-0,361	-0,843
46,000	-0,365	-0,844
46,050	-0,367	-0,846
46,100	-0,368	-0,846
46,150	-0,370	-0,847
46,200	-0,372	-0,847
46,250	-0,374	-0,848
46,300	-0,377	-0,849
46,350	-0,380	-0,851
46,400	-0,381	-0,851
46,450	-0,382	-0,851
46,500	-0,383	-0,852
46,550	-0,386	-0,853
46,600	-0,389	-0,853
46,650	-0,392	-0,855
46,700	-0,394	-0,855
46,750	-0,396	-0,856
46,800	-0,398	-0,857
46,850	-0,401	-0,858
46,900	-0,404	-0,859
46,950	-0,408	-0,860
47,000	-0,412	-0,861
47,050	-0,414	-0,862
47,100	-0,415	-0,862
47,150	-0,416	-0,864
47,200	-0,417	-0,863
47,250	-0,417	-0,864
47,300	-0,418	-0,864
47,350	-0,418	-0,864
47,400	-0,420	-0,864
47,450	-0,421	-0,865
47,500	-0,422	-0,865
47,550	-0,423	-0,866
47,600	-0,424	-0,866
47,650	-0,425	-0,866
47,700	-0,425	-0,866
47,750	-0,425	-0,866
47,800	-0,425	-0,866
47,850	-0,425	-0,866
47,900	-0,425	-0,866
47,950	-0,424	-0,866
48,000	-0,425	-0,866
48,050	-0,425	-0,867
48,100	-0,424	-0,866
48,150	-0,425	-0,866
48,200	-0,427	-0,866
48,250	-0,431	-0,868
48,300	-0,434	-0,868
48,350	-0,435	-0,869
48,400	-0,436	-0,869
48,450	-0,438	-0,870
48,500	-0,439	-0,870
48,550	-0,442	-0,871
48,600	-0,444	-0,871
48,650	-0,445	-0,872
48,700	-0,447	-0,872
48,750	-0,449	-0,873
48,800	-0,452	-0,874
48,850	-0,455	-0,875
48,900	-0,458	-0,875
48,950	-0,461	-0,876
49,000	-0,464	-0,877
49,050	-0,466	-0,878
49,100	-0,468	-0,878
49,150	-0,471	-0,879
49,200	-0,473	-0,880
49,250	-0,476	-0,881
49,300	-0,478	-0,881
49,350	-0,480	-0,882
49,400	-0,482	-0,882
49,450	-0,485	-0,883
49,500	-0,487	-0,883
49,550	-0,489	-0,884
49,600	-0,489	-0,884
49,650	-0,490	-0,884
49,700	-0,491	-0,884
49,750	-0,493	-0,885
49,800	-0,494	-0,885
49,850	-0,495	-0,886
49,900	-0,496	-0,885
49,950	-0,497	-0,886
50,000	-0,498	-0,886
50,050	-0,498	-0,886
50,100	-0,498	-0,886
50,150	-0,498	-0,886
50,200	-0,498	-0,886
50,250	-0,498	-0,886
50,300	-0,498	-0,886
50,350	-0,498	-0,886
50,400	-0,499	-0,886
50,450	-0,499	-0,887
50,500	-0,499	-0,886
50,550	-0,498	-0,886
50,600	-0,499	-0,886
50,650	-0,503	-0,888
50,700	-0,507	-0,888
50,750	-0,510	-0,889
50,800	-0,513	-0,889
50,850	-0,516	-0,890
50,900	-0,520	-0,891
50,950	-0,522	-0,892
51,000	-0,524	-0,891
51,050	-0,525	-0,892
51,100	-0,526	-0,892
51,150	-0,527	-0,893
51,200	-0,528	-0,893
51,250	-0,530	-0,893
51,300	-0,531	-0,893
51,350	-0,532	-0,894
51,400	-0,534	-0,894
51,450	-0,534	-0,894
51,500	-0,534	-0,894
51,550	-0,534	-0,894
51,600	-0,534	-0,894
51,650	-0,534	-0,894
51,700	-0,534	-0,894
51,750	-0,534	-0,894
51,800	-0,533	-0,894
51,850	-0,534	-0,894
51,900	-0,534	-0,894
51,950	-0,533	-0,894
52,000	-0,534	-0,894
52,050	-0,534	-0,894
52,100	-0,534	-0,894
52,150	-0,533	-0,894
52,200	-0,534	-0,894
52,250	-0,534	-0,894
52,300	-0,534	-0,894
52,350	-0,533	-0,894
52,400	-0,536	-0,894
52,450	-0,539	-0,895
52,500	-0,543	-0,895
52,550	-0,543	-0,896
52,600	-0,544	-0,896
52,650	-0,544	-0,896
52,700	-0,547	-0,896
52,750	-0,550	-0,897
52,800	-0,552	-0,897
52,850	-0,554	-0,898
52,900	-0,555	-0,898
52,950	-0,557	-0,899
53,000	-0,560	-0,899
53,050	-0,563	-0,900
53,100	-0,565	-0,900
53,150	-0,566	-0,901
53,200	-0,567	-0,900
53,250	-0,569	-0,901
53,300	-0,571	-0,901
53,350	-0,572	-0,902
53,400	-0,574	-0,902
53,450	-0,576	-0,903
53,500	-0,577	-0,902
53,550	-0,578	-0,903
53,600	-0,580	-0,903
53,650	-0,581	-0,903
53,700	-0,581	-0,903
53,750	-0,582	-0,903
53,800	-0,583	-0,903
53,850	-0,584	-0,904
53,900	-0,585	-0,904
53,950	-0,586	-0,904
54,000	-0,587	-0,904
54,050	-0,588	-0,905
54,100	-0,589	-0,904
54,150	-0,590	-0,905
54,200	-0,590	-0,905
54,250	-0,590	-0,905
54,300	-0,590	-0,905
54,350	-0,590	-0,905
54,400	-0,590	-0,905
54,450	-0,590	-0,905
54,500	-0,590	-0,905
54,550	-0,590	-0,905
54,600	-0,590	-0,905
54,650	-0,590	-0,905
54,700	-0,590	-0,905
54,750	-0,590	-0,905
54,800	-0,590	-0,904
54,850	-0,590	-0,905
54,900	-0,590	-0,905
54,950	-0,590	-0,905
55,000	-0,590	-0,905
55,050	-0,590	-0,905
55,100	-0,592	-0,905
55,150	-0,594	-0,906
55,200	-0,595	-0,906
55,250	-0,595	-0,906
55,300	-0,596	-0,906
55,350	-0,597	-0,906
55,400	-0,599	-0,906
55,450	-0,599	-0,906
55,500	-0,599	-0,906
55,550	-0,599	-0,906
55,600	-0,600	-0,906
55,650	-0,602	-0,907
55,700	-0,602	-0,907
55,750	-0,604	-0,907
55,800	-0,604	-0,907
55,850	-0,604	-0,908
55,900	-0,605	-0,907
55,950	-0,606	-0,907
56,000	-0,607	-0,907
56,050	-0,608	-0,908
56,100	-0,609	-0,908
56,150	-0,610	-0,908
56,200	-0,612	-0,908
56,250	-0,613	-0,909
56,300	-0,613	-0,908
56,350	-0,613	-0,909
56,400	-0,613	-0,908
56,450	-0,615	-0,909
56,500	-0,616	-0,909
56,550	-0,616	-0,909
56,600	-0,617	-0,909
56,650	-0,616	-0,909
56,700	-0,616	-0,909
56,750	-0,617	-0,910
56,800	-0,618	-0,909
56,850	-0,619	-0,910
56,900	-0,619	-0,910
56,950	-0,619	-0,910
57,000	-0,619	-0,909
57,050	-0,620	-0,910
57,100	-0,621	-0,910
57,150	-0,622	-0,910
57,200	-0,622	-0,910
57,250	-0,623	-0,911
57,300	-0,624	-0,910
57,350	-0,625	-0,910
57,400	-0,625	-0,911
57,450	-0,627	-0,911
57,500	-0,627	-0,911
57,550	-0,628	-0,911
57,600	-0,630	-0,911
57,650	-0,631	-0,912
57,700	-0,632	-0,911
57,750	-0,632	-0,912
57,800	-0,632	-0,912
57,850	-0,633	-0,912
57,900	-0,633	-0,912
57,950	-0,633	-0,912
58,000	-0,633	-0,912
58,050	-0,633	-0,912
58,100	-0,633	-0,912
58,150	-0,633	-0,912
58,200	-0,633	-0,912
58,250	-0,633	-0,912
58,300	-0,633	-0,912
58,350	-0,633	-0,912
58,400	-0,633	-0,912
58,450	-0,636	-0,912
58,500	-0,639	-0,913
58,550	-0,640	-0,913
58,600	-0,641	-0,913
58,650	-0,642	-0,913
58,700	-0,644	-0,913
58,750	-0,645	-0,914
58,800	-0,646	-0,914
58,850	-0,646	-0,914
58,900	-0,647	-0,914
58,950	-0,648	-0,914
59,000	-0,650	-0,914
59,050	-0,651	-0,915
59,100	-0,652	-0,914
59,150	-0,654	-0,915
59,200	-0,655	-0,915
59,250	-0,656	-0,915
59,300	-0,656	-0,915
59,350	-0,656	-0,915
59,400	-0,656	-0,916
59,450	-0,656	-0,915
59,500	-0,657	-0,915
59,550	-0,657	-0,915
59,600	-0,657	-0,915
59,650	-0,657	-0,915
59,700	-0,657	-0,915
59,750	-0,657	-0,915
59,800	-0,657	-0,915
59,850	-0,661	-0,916
59,900	-0,663	-0,916
59,950	-0,664	-0,916
60,000	-0,665	-0,917
60,050	-0,666	-0,917
60,100	-0,667	-0,917
60,150	-0,667	-0,917
60,200	-0,667	-0,917
60,250	-0,669	-0,917
60,300	-0,670	-0,917
60,350	-0,670	-0,917
60,400	-0,671	-0,917
60,450	-0,672	-0,917
60,500	-0,673	-0,918
60,550	-0,673	-0,917
60,600	-0,674	-0,918
60,650	-0,675	-0,918
60,700	-0,675	-0,918
60,750	-0,675	-0,918
60,800	-0,676	-0,918
60,850	-0,676	-0,918
60,900	-0,676	-0,918
60,950	-0,676	-0,918
61,000	-0,676	-0,918
61,050	-0,676	-0,918
61,100	-0,676	-0,918
61,150	-0,677	-0,918
61,200	-0,677	-0,918
61,250	-0,678	-0,918
61,300	-0,678	-0,918
61,350	-0,679	-0,918
61,400	-0,679	-0,918
61,450	-0,680	-0,919
61,500	-0,681	-0,919
61,550	-0,681	-0,919
61,600	-0,681	-0,919
61,650	-0,682	-0,919
61,700	-0,683	-0,919
61,750	-0,683	-0,919
61,800	-0,683	-0,919
61,850	-0,683	-0,919
61,900	-0,684	-0,919
61,950	-0,684	-0,919
62,000	-0,684	-0,919
62,050	-0,685	-0,919
62,100	-0,686	-0,920
62,150	-0,686	-0,919
62,200	-0,687	-0,919
62,250	-0,687	-0,920
62,300	-0,688	-0,920
62,350	-0,688	-0,920
62,400	-0,689	-0,920
62,450	-0,690	-0,920
62,500	-0,690	-0,920
62,550	-0,690	-0,920
62,600	-0,691	-0,920
62,650	-0,692	-0,920
62,700	-0,692	-0,920
62,750	-0,691	-0,920
62,800	-0,692	-0,920
62,850	-0,692	-0,920
62,900	-0,692	-0,920
62,950	-0,692	-0,920
63,000	-0,691	-0,920
63,050	-0,692	-0,920
63,100	-0,692	-0,920
63,150	-0,692	-0,920
63,200	-0,692	-0,920
63,250	-0,692	-0,920
63,300	-0,692	-0,920
63,350	-0,691	-0,920
63,400	-0,693	-0,921
63,450	-0,694	-0,920
63,500	-0,697	-0,921
63,550	-0,697	-0,921
63,600	-0,698	-0,921
63,650	-0,699	-0,921
63,700	-0,700	-0,921
63,750	-0,701	-0,921
63,800	-0,701	-0,922
63,850	-0,702	-0,922
63,900	-0,703	-0,922
63,950	-0,705	-0,922
64,000	-0,706	-0,922
64,050	-0,707	-0,922
64,100	-0,708	-0,922
64,150	-0,710	-0,922
64,200	-0,711	-0,923
64,250	-0,712	-0,923
64,300	-0,712	-0,923
64,350	-0,712	-0,922
64,400	-0,713	-0,923
64,450	-0,714	-0,923
64,500	-0,715	-0,923
64,550	-0,716	-0,923
64,600	-0,717	-0,924
64,650	-0,718	-0,924
64,700	-0,719	-0,924
64,750	-0,719	-0,924
64,800	-0,720	-0,924
64,850	-0,720	-0,924
64,900	-0,720	-0,924
64,950	-0,720	-0,924
65,000	-0,720	-0,924
65,050	-0,720	-0,924
65,100	-0,720	-0,924
65,150	-0,720	-0,924
65,200	-0,720	-0,924
65,250	-0,720	-0,924
65,300	-0,720	-0,924
65,350	-0,720	-0,923
65,400	-0,722	-0,924
65,450	-0,724	-0,924
65,500	-0,725	-0,925
65,550	-0,727	-0,925
65,600	-0,729	-0,925
65,650	-0,730	-0,925
65,700	-0,732	-0,925
65,750	-0,734	-0,925
65,800	-0,735	-0,926
65,850	-0,737	-0,925
65,900	-0,739	-0,926
65,950	-0,741	-0,926
66,000	-0,744	-0,927
66,050	-0,746	-0,927
66,100	-0,749	-0,927
66,150	-0,750	-0,927
66,200	-0,752	-0,928
66,250	-0,754	-0,928
66,300	-0,755	-0,928
66,350	-0,755	-0,928
66,400	-0,756	-0,928
66,450	-0,757	-0,928
66,500	-0,758	-0,928
66,550	-0,759	-0,928
66,600	-0,759	-0,928
66,650	-0,760	-0,929
66,700	-0,761	-0,929
66,750	-0,761	-0,929
66,800	-0,761	-0,928
66,850	-0,761	-0,928
66,900	-0,761	-0,928
66,950	-0,761	-0,929
67,000	-0,761	-0,929
67,050	-0,760	-0,928
67,100	-0,761	-0,929
67,150	-0,761	-0,929
67,200	-0,761	-0,929
67,250	-0,761	-0,928
67,300	-0,762	-0,929
67,350	-0,765	-0,929
67,400	-0,769	-0,930
67,450	-0,771	-0,930
67,500	-0,774	-0,931
67,550	-0,774	-0,930
67,600	-0,775	-0,930
67,650	-0,776	-0,930
67,700	-0,777	-0,930
67,750	-0,779	-0,930
67,800	-0,780	-0,931
67,850	-0,780	-0,931
67,900	-0,780	-0,931
67,950	-0,783	-0,931
68,000	-0,784	-0,931
68,050	-0,785	-0,931
68,100	-0,787	-0,931
68,150	-0,789	-0,931
68,200	-0,792	-0,932
68,250	-0,794	-0,932
68,300	-0,795	-0,932
68,350	-0,796	-0,932
68,400	-0,797	-0,933
68,450	-0,796	-0,932
68,500	-0,797	-0,933
68,550	-0,798	-0,932
68,600	-0,799	-0,933
68,650	-0,801	-0,933
68,700	-0,801	-0,933
68,750	-0,801	-0,933
68,800	-0,801	-0,933
68,850	-0,803	-0,933
68,900	-0,804	-0,933
68,950	-0,804	-0,933
69,000	-0,805	-0,933
69,050	-0,805	-0,933
69,100	-0,805	-0,933
69,150	-0,805	-0,933
69,200	-0,806	-0,933
69,250	-0,806	-0,933
69,300	-0,806	-0,933
69,350	-0,806	-0,933
69,400	-0,806	-0,934
69,450	-0,806	-0,933
69,500	-0,806	-0,934
69,550	-0,806	-0,933
69,600	-0,806	-0,933
69,650	-0,806	-0,933
69,700	-0,806	-0,933
69,750	-0,806	-0,933
69,800	-0,808	-0,934
69,850	-0,809	-0,934
69,900	-0,808	-0,934
69,950	-0,809	-0,934
70,000	-0,810	-0,934
70,050	-0,812	-0,934
70,100	-0,813	-0,934
70,150	-0,813	-0,934
70,200	-0,813	-0,934
70,250	-0,814	-0,934
70,300	-0,817	-0,934
70,350	-0,818	-0,934
70,400	-0,818	-0,935
70,450	-0,818	-0,934
70,500	-0,818	-0,935
70,550	-0,818	-0,934
70,600	-0,819	-0,934
70,650	-0,820	-0,934
70,700	-0,821	-0,935
70,750	-0,822	-0,935
70,800	-0,823	-0,935
70,850	-0,824	-0,935
70,900	-0,825	-0,935
70,950	-0,825	-0,935
71,000	-0,827	-0,935
71,050	-0,828	-0,935
71,100	-0,828	-0,936
71,150	-0,829	-0,936
71,200	-0,831	-0,936
71,250	-0,832	-0,936
71,300	-0,833	-0,936
71,350	-0,834	-0,936
71,400	-0,836	-0,937
71,450	-0,837	-0,936
71,500	-0,839	-0,937
71,550	-0,843	-0,937
71,600	-0,846	-0,937
71,650	-0,847	-0,937
71,700	-0,848	-0,938
71,750	-0,849	-0,938
71,800	-0,850	-0,938
71,850	-0,851	-0,938
71,900	-0,852	-0,938
71,950	-0,855	-0,938
72,000	-0,857	-0,938
72,050	-0,859	-0,938
72,100	-0,861	-0,939
72,150	-0,863	-0,939
72,200	-0,864	-0,939
72,250	-0,865	-0,939
72,300	-0,865	-0,939
72,350	-0,866	-0,939
72,400	-0,865	-0,939
72,450	-0,865	-0,939
72,500	-0,865	-0,939
72,550	-0,865	-0,939
72,600	-0,865	-0,939
72,650	-0,865	-0,939
72,700	-0,865	-0,939
72,750	-0,865	-0,939
72,800	-0,866	-0,939
72,850	-0,870	-0,940
72,900	-0,875	-0,940
72,950	-0,878	-0,940
73,000	-0,879	-0,940
73,050	-0,880	-0,940
73,100	-0,881	-0,941
73,150	-0,882	-0,941
73,200	-0,883	-0,940
73,250	-0,884	-0,940
73,300	-0,885	-0,941
73,350	-0,887	-0,941
73,400	-0,888	-0,941
73,450	-0,890	-0,941
73,500	-0,891	-0,941
73,550	-0,893	-0,941
73,600	-0,894	-0,941
73,650	-0,895	-0,941
73,700	-0,895	-0,942
73,750	-0,896	-0,942
73,800	-0,897	-0,942
73,850	-0,898	-0,942
73,900	-0,900	-0,942
73,950	-0,902	-0,943
74,000	-0,903	-0,942
74,050	-0,904	-0,942
74,100	-0,905	-0,942
74,150	-0,905	-0,942
74,200	-0,905	-0,942
74,250	-0,905	-0,942
74,300	-0,905	-0,942
74,350	-0,905	-0,942
74,400	-0,905	-0,942
74,450	-0,905	-0,943
74,500	-0,905	-0,943
74,550	-0,905	-0,943
74,600	-0,905	-0,943
74,650	-0,906	-0,943
74,700	-0,910	-0,943
74,750	-0,913	-0,943
74,800	-0,915	-0,943
74,850	-0,916	-0,943
74,900	-0,918	-0,944
74,950	-0,920	-0,944
75,000	-0,921	-0,944
75,050	-0,922	-0,944
75,100	-0,924	-0,944
75,150	-0,925	-0,944
75,200	-0,927	-0,944
75,250	-0,928	-0,944
75,300	-0,930	-0,944
75,350	-0,931	-0,945
75,400	-0,932	-0,945
75,450	-0,933	-0,945
75,500	-0,934	-0,945
75,550	-0,934	-0,945
75,600	-0,935	-0,945
75,650	-0,936	-0,945
75,700	-0,937	-0,945
75,750	-0,938	-0,945
75,800	-0,939	-0,945
75,850	-0,940	-0,946
75,900	-0,940	-0,945
75,950	-0,941	-0,945
76,000	-0,941	-0,945
76,050	-0,941	-0,945
76,100	-0,941	-0,946
76,150	-0,941	-0,945
76,200	-0,941	-0,945
76,250	-0,941	-0,945
76,300	-0,941	-0,945
76,350	-0,940	-0,945
76,400	-0,941	-0,945
76,450	-0,941	-0,945
76,500	-0,943	-0,945
76,550	-0,946	-0,946
76,600	-0,948	-0,946
76,650	-0,948	-0,946
76,700	-0,949	-0,946
76,750	-0,950	-0,946
76,800	-0,952	-0,946
76,850	-0,952	-0,946
76,900	-0,953	-0,946
76,950	-0,954	-0,946
77,000	-0,955	-0,947
77,050	-0,957	-0,947
77,100	-0,957	-0,946
77,150	-0,958	-0,947
77,200	-0,959	-0,947
77,250	-0,960	-0,947
77,300	-0,961	-0,947
77,350	-0,963	-0,947
77,400	-0,963	-0,947
77,450	-0,964	-0,948
77,500	-0,964	-0,947
77,550	-0,966	-0,947
77,600	-0,967	-0,947
77,650	-0,967	-0,947
77,700	-0,967	-0,948
77,750	-0,969	-0,948
77,800	-0,969	-0,947
77,850	-0,970	-0,948
77,900	-0,971	-0,948
77,950	-0,972	-0,948
78,000	-0,972	-0,948
78,050	-0,973	-0,948
78,100	-0,974	-0,948
78,150	-0,975	-0,948
78,200	-0,976	-0,948
78,250	-0,976	-0,948
78,300	-0,976	-0,948
78,350	-0,977	-0,948
78,400	-0,977	-0,948
78,450	-0,978	-0,948
78,500	-0,978	-0,948
78,550	-0,979	-0,948
78,600	-0,979	-0,948
78,650	-0,979	-0,948
78,700	-0,980	-0,948
78,750	-0,980	-0,949
78,800	-0,980	-0,948
78,850	-0,981	-0,949
78,900	-0,981	-0,948
78,950	-0,982	-0,949
79,000	-0,982	-0,949
79,050	-0,983	-0,949
79,100	-0,983	-0,949
79,150	-0,984	-0,949
79,200	-0,984	-0,949
79,250	-0,984	-0,949
79,300	-0,984	-0,949
79,350	-0,984	-0,949
79,400	-0,984	-0,949
79,450	-0,983	-0,949
79,500	-0,985	-0,949
79,550	-0,985	-0,949
79,600	-0,985	-0,949
79,650	-0,985	-0,949
79,700	-0,985	-0,949
79,750	-0,985	-0,949
79,800	-0,985	-0,949
79,850	-0,986	-0,949
79,900	-0,987	-0,949
79,950	-0,987	-0,949
80,000	-0,987	-0,949
80,050	-0,988	-0,949
80,100	-0,988	-0,949
80,150	-0,989	-0,949
80,200	-0,989	-0,949
80,250	-0,989	-0,949
80,300	-0,989	-0,949
80,350	-0,990	-0,949
80,400	-0,990	-0,949
80,450	-0,990	-0,949
80,500	-0,991	-0,949
80,550	-0,991	-0,950
80,600	-0,991	-0,949
80,650	-0,991	-0,950
80,700	-0,992	-0,949
80,750	-0,993	-0,950
80,800	-0,993	-0,949
80,850	-0,994	-0,950
80,900	-0,994	-0,949
80,950	-0,994	-0,950
81,000	-0,995	-0,949
81,050	-0,995	-0,950
81,100	-0,995	-0,949
81,150	-0,995	-0,950
81,200	-0,995	-0,949
81,250	-0,996	-0,950
81,300	-0,996	-0,950
81,350	-0,996	-0,950
81,400	-0,996	-0,949
81,450	-0,996	-0,950
81,500	-0,996	-0,950
81,550	-0,996	-0,950
81,600	-0,996	-0,950
81,650	-0,996	-0,950
81,700	-0,996	-0,950
81,750	-0,996	-0,950
81,800	-0,996	-0,949
81,850	-0,996	-0,950
81,900	-0,996	-0,950
81,950	-0,996	-0,950
82,000	-0,996	-0,949
82,050	-0,996	-0,950
82,100	-0,996	-0,949
82,150	-0,996	-0,950
82,200	-0,996	-0,949
82,250	-0,996	-0,950
82,300	-0,996	-0,949
82,350	-0,996	-0,950
82,400	-0,996	-0,950
82,450	-0,996	-0,950
82,500	-0,996	-0,949
82,550	-0,996	-0,950
82,600	-0,996	-0,950
82,650	-0,996	-0,950
82,700	-0,996	-0,950
82,750	-0,996	-0,950
82,800	-0,996	-0,950
82,850	-0,996	-0,950
82,900	-0,996	-0,949
82,950	-0,996	-0,950
83,000	-0,996	-0,950
83,050	-0,996	-0,950
83,100	-0,996	-0,950
83,150	-0,996	-0,950
83,200	-0,996	-0,949
83,250	-0,996	-0,950
83,300	-0,996	-0,950
83,350	-0,996	-0,950
83,400	-0,996	-0,950
83,450	-0,996	-0,950
83,500	-0,996	-0,949
83,550	-0,996	-0,950
83,600	-0,996	-0,950
83,650	-0,996	-0,950
83,700	-0,996	-0,950
83,750	-0,996	-0,950
83,800	-0,997	-0,950
83,850	-0,996	-0,950
83,900	-0,997	-0,950
83,950	-0,997	-0,950
84,000	-0,998	-0,949
84,050	-0,999	-0,950
84,100	-0,999	-0,950
84,150	-0,999	-0,950
84,200	-1,000	-0,949
84,250	-1,000	-0,950
84,300	-1,000	-0,950
84,350	-1,000	-0,950
84,400	-1,000	-0,950
84,450	-1,000	-0,950
84,500	-1,000	-0,950
84,550	-1,000	-0,950
84,600	-1,000	-0,950
84,650	-0,999	-0,950
84,700	-0,999	-0,950
84,750	-1,000	-0,950
84,800	-1,000	-0,950
84,850	-1,000	-0,950
84,900	-1,000	-0,950
84,950	-1,000	-0,950
85,000	-1,000	-0,950
85,050	-1,000	-0,950
85,100	-1,000	-0,950
85,150	-1,000	-0,950
85,200	-1,000	-0,950
85,250	-1,000	-0,950
85,300	-1,000	-0,950
85,350	-0,999	-0,950
85,400	-1,000	-0,950
85,450	-0,999	-0,950
85,500	-1,000	-0,950
85,550	-1,000	-0,950
85,600	-1,000	-0,950
85,650	-1,000	-0,950
85,700	-1,000	-0,950
85,750	-1,000	-0,950
85,800	-1,000	-0,950
85,850	-0,999	-0,950
85,900	-0,999	-0,950
85,950	-1,000	-0,951
86,000	-0,999	-0,950
86,050	-0,997	-0,950
86,100	-0,995	-0,950
86,150	-0,994	-0,950
86,200	-0,994	-0,950
86,250	-0,993	-0,950
86,300	-0,992	-0,949
86,350	-0,990	-0,950
86,400	-0,989	-0,949
86,450	-0,987	-0,949
86,500	-0,986	-0,949
86,550	-0,984	-0,950
86,600	-0,983	-0,949
86,650	-0,982	-0,949
86,700	-0,981	-0,949
86,750	-0,980	-0,949
86,800	-0,979	-0,949
86,850	-0,978	-0,949
86,900	-0,977	-0,948
86,950	-0,976	-0,949
87,000	-0,976	-0,949
87,050	-0,975	-0,949
87,100	-0,975	-0,948
87,150	-0,973	-0,949
87,200	-0,972	-0,948
87,250	-0,971	-0,949
87,300	-0,970	-0,948
87,350	-0,969	-0,949
87,400	-0,968	-0,948
87,450	-0,967	-0,949
87,500	-0,966	-0,948
87,550	-0,965	-0,948
87,600	-0,963	-0,948
87,650	-0,959	-0,948
87,700	-0,953	-0,947
87,750	-0,945	-0,947
87,800	-0,939	-0,946
87,850	-0,936	-0,947
87,900	-0,934	-0,946
87,950	-0,934	-0,947
88,000	-0,933	-0,946
88,050	-0,931	-0,947
88,100	-0,929	-0,946
88,150	-0,927	-0,946
88,200	-0,925	-0,946
88,250	-0,924	-0,946
88,300	-0,922	-0,946
88,350	-0,920	-0,946
88,400	-0,918	-0,945
88,450	-0,915	-0,946
88,500	-0,912	-0,945
88,550	-0,909	-0,945
88,600	-0,907	-0,945
88,650	-0,906	-0,945
88,700	-0,904	-0,944
88,750	-0,902	-0,945
88,800	-0,900	-0,944
88,850	-0,899	-0,945
88,900	-0,896	-0,944
88,950	-0,894	-0,944
89,000	-0,892	-0,944
89,050	-0,889	-0,944
89,100	-0,886	-0,943
89,150	-0,883	-0,944
89,200	-0,880	-0,943
89,250	-0,878	-0,943
89,300	-0,876	-0,943
89,350	-0,874	-0,943
89,400	-0,873	-0,943
89,450	-0,871	-0,943
89,500	-0,869	-0,942
89,550	-0,869	-0,943
89,600	-0,868	-0,942
89,650	-0,869	-0,943
89,700	-0,869	-0,942
89,750	-0,868	-0,943
89,800	-0,869	-0,942
89,850	-0,868	-0,943
89,900	-0,868	-0,942
89,950	-0,869	-0,943
90,000	-0,868	-0,942
90,050	-0,865	-0,943
90,100	-0,863	-0,942
90,150	-0,863	-0,942
90,200	-0,863	-0,942
90,250	-0,859	-0,942
90,300	-0,855	-0,941
90,350	-0,853	-0,942
90,400	-0,850	-0,941
90,450	-0,849	-0,942
90,500	-0,848	-0,941
90,550	-0,846	-0,942
90,600	-0,843	-0,941
90,650	-0,840	-0,941
90,700	-0,838	-0,940
90,750	-0,836	-0,940
90,800	-0,835	-0,940
90,850	-0,832	-0,940
90,900	-0,830	-0,940
90,950	-0,828	-0,940
91,000	-0,825	-0,939
91,050	-0,822	-0,939
91,100	-0,820	-0,939
91,150	-0,817	-0,940
91,200	-0,814	-0,939
91,250	-0,812	-0,939
91,300	-0,810	-0,939
91,350	-0,808	-0,939
91,400	-0,805	-0,938
91,450	-0,803	-0,938
91,500	-0,800	-0,938
91,550	-0,798	-0,938
91,600	-0,798	-0,937
91,650	-0,798	-0,938
91,700	-0,798	-0,937
91,750	-0,798	-0,938
91,800	-0,798	-0,938
91,850	-0,798	-0,938
91,900	-0,798	-0,937
91,950	-0,798	-0,938
92,000	-0,798	-0,938
92,050	-0,798	-0,938
92,100	-0,797	-0,937
92,150	-0,786	-0,937
92,200	-0,780	-0,936
92,250	-0,779	-0,937
92,300	-0,777	-0,936
92,350	-0,775	-0,937
92,400	-0,774	-0,936
92,450	-0,772	-0,936
92,500	-0,769	-0,935
92,550	-0,766	-0,936
92,600	-0,765	-0,935
92,650	-0,762	-0,935
92,700	-0,760	-0,935
92,750	-0,757	-0,935
92,800	-0,753	-0,935
92,850	-0,749	-0,935
92,900	-0,745	-0,933
92,950	-0,740	-0,934
93,000	-0,737	-0,933
93,050	-0,734	-0,933
93,100	-0,732	-0,933
93,150	-0,730	-0,933
93,200	-0,728	-0,932
93,250	-0,726	-0,933
93,300	-0,724	-0,932
93,350	-0,722	-0,932
93,400	-0,720	-0,932
93,450	-0,718	-0,932
93,500	-0,717	-0,931
93,550	-0,717	-0,932
93,600	-0,718	-0,932
93,650	-0,718	-0,932
93,700	-0,717	-0,931
93,750	-0,717	-0,932
93,800	-0,717	-0,931
93,850	-0,718	-0,932
93,900	-0,718	-0,932
93,950	-0,718	-0,932
94,000	-0,715	-0,931
94,050	-0,705	-0,931
94,100	-0,698	-0,930
94,150	-0,697	-0,930
94,200	-0,696	-0,930
94,250	-0,695	-0,930
94,300	-0,694	-0,929
94,350	-0,693	-0,930
94,400	-0,691	-0,929
94,450	-0,689	-0,930
94,500	-0,687	-0,929
94,550	-0,686	-0,929
94,600	-0,684	-0,929
94,650	-0,683	-0,929
94,700	-0,681	-0,928
94,750	-0,678	-0,929
94,800	-0,673	-0,927
94,850	-0,669	-0,928
94,900	-0,664	-0,927
94,950	-0,659	-0,927
95,000	-0,654	-0,926
95,050	-0,652	-0,926
95,100	-0,650	-0,925
95,150	-0,649	-0,926
95,200	-0,647	-0,925
95,250	-0,645	-0,925
95,300	-0,643	-0,925
95,350	-0,640	-0,924
95,400	-0,638	-0,924
95,450	-0,635	-0,924
95,500	-0,633	-0,924
95,550	-0,631	-0,924
95,600	-0,628	-0,923
95,650	-0,625	-0,923
95,700	-0,623	-0,923
95,750	-0,621	-0,923
95,800	-0,618	-0,922
95,850	-0,617	-0,922
95,900	-0,617	-0,922
95,950	-0,616	-0,922
96,000	-0,617	-0,922
96,050	-0,617	-0,922
96,100	-0,617	-0,922
96,150	-0,617	-0,922
96,200	-0,616	-0,922
96,250	-0,617	-0,922
96,300	-0,617	-0,922
96,350	-0,616	-0,922
96,400	-0,613	-0,922
96,450	-0,611	-0,922
96,500	-0,610	-0,921
96,550	-0,608	-0,922
96,600	-0,605	-0,921
96,650	-0,603	-0,921
96,700	-0,601	-0,920
96,750	-0,597	-0,920
96,800	-0,594	-0,920
96,850	-0,589	-0,919
96,900	-0,581	-0,918
96,950	-0,576	-0,918
97,000	-0,569	-0,917
97,050	-0,564	-0,916
97,100	-0,559	-0,915
97,150	-0,553	-0,915
97,200	-0,548	-0,914
97,250	-0,542	-0,913
97,300	-0,533	-0,912
97,350	-0,526	-0,911
97,400	-0,523	-0,910
97,450	-0,520	-0,910
97,500	-0,518	-0,909
97,550	-0,515	-0,909
97,600	-0,512	-0,909
97,650	-0,509	-0,908
97,700	-0,507	-0,908
97,750	-0,506	-0,908
97,800	-0,506	-0,907
97,850	-0,505	-0,907
97,900	-0,503	-0,907
97,950	-0,502	-0,907
98,000	-0,501	-0,907
98,050	-0,501	-0,907
98,100	-0,501	-0,907
98,150	-0,501	-0,907
98,200	-0,501	-0,907
98,250	-0,501	-0,907
98,300	-0,501	-0,907
98,350	-0,501	-0,907
98,400	-0,501	-0,907
98,450	-0,499	-0,907
98,500	-0,490	-0,905
98,550	-0,485	-0,904
98,600	-0,484	-0,904
98,650	-0,481	-0,904
98,700	-0,479	-0,903
98,750	-0,475	-0,903
98,800	-0,472	-0,902
98,850	-0,469	-0,902
98,900	-0,466	-0,901
98,950	-0,463	-0,901
99,000	-0,461	-0,900
99,050	-0,458	-0,900
99,100	-0,454	-0,899
99,150	-0,451	-0,899
99,200	-0,448	-0,898
99,250	-0,445	-0,897
99,300	-0,443	-0,897
99,350	-0,439	-0,896
99,400	-0,437	-0,896
99,450	-0,434	-0,895
99,500	-0,431	-0,895
99,550	-0,428	-0,894
99,600	-0,425	-0,893
99,650	-0,422	-0,893
99,700	-0,420	-0,892
99,750	-0,420	-0,892
99,800	-0,421	-0,892
99,850	-0,420	-0,892
99,900	-0,420	-0,892
99,950	-0,420	-0,892
100,000	-0,420	-0,892
100,050	-0,420	-0,892
100,100	-0,420	-0,892
100,150	-0,419	-0,892
100,200	-0,411	-0,891
100,250	-0,404	-0,889
100,300	-0,400	-0,888
100,350	-0,396	-0,887
100,400	-0,396	-0,887
100,450	-0,394	-0,886
100,500	-0,393	-0,886
100,550	-0,392	-0,886
100,600	-0,387	-0,885
100,650	-0,386	-0,884
100,700	-0,385	-0,884
100,750	-0,385	-0,884
100,800	-0,383	-0,884
100,850	-0,383	-0,883
100,900	-0,381	-0,883
100,950	-0,378	-0,882
101,000	-0,377	-0,882
101,050	-0,374	-0,881
101,100	-0,372	-0,881
101,150	-0,373	-0,881
101,200	-0,372	-0,881
101,250	-0,371	-0,881
101,300	-0,369	-0,880
101,350	-0,368	-0,880
101,400	-0,367	-0,880
101,450	-0,366	-0,879
101,500	-0,364	-0,879
101,550	-0,363	-0,879
101,600	-0,361	-0,878
101,650	-0,360	-0,878
101,700	-0,358	-0,877
101,750	-0,357	-0,877
101,800	-0,356	-0,877
101,850	-0,354	-0,876
101,900	-0,353	-0,876
101,950	-0,353	-0,875
102,000	-0,351	-0,875
102,050	-0,348	-0,874
102,100	-0,346	-0,874
102,150	-0,344	-0,873
102,200	-0,341	-0,872
102,250	-0,338	-0,872
102,300	-0,334	-0,871
102,350	-0,332	-0,870
102,400	-0,332	-0,870
102,450	-0,332	-0,869
102,500	-0,332	-0,870
102,550	-0,332	-0,870
102,600	-0,332	-0,870
102,650	-0,332	-0,869
102,700	-0,332	-0,870
102,750	-0,332	-0,870
102,800	-0,332	-0,870
102,850	-0,332	-0,869
102,900	-0,332	-0,870
102,950	-0,332	-0,869
103,000	-0,331	-0,869
103,050	-0,327	-0,868
103,100	-0,327	-0,868
103,150	-0,327	-0,868
103,200	-0,324	-0,868
103,250	-0,322	-0,867
103,300	-0,322	-0,867
103,350	-0,321	-0,866
103,400	-0,322	-0,867
103,450	-0,320	-0,866
103,500	-0,318	-0,865
103,550	-0,316	-0,864
103,600	-0,317	-0,865
103,650	-0,315	-0,864
103,700	-0,314	-0,864
103,750	-0,313	-0,863
103,800	-0,310	-0,863
103,850	-0,309	-0,862
103,900	-0,307	-0,862
103,950	-0,304	-0,861
104,000	-0,301	-0,860
104,050	-0,298	-0,859
104,100	-0,295	-0,858
104,150	-0,294	-0,857
104,200	-0,291	-0,856
104,250	-0,287	-0,855
104,300	-0,285	-0,854
104,350	-0,283	-0,853
104,400	-0,281	-0,853
104,450	-0,279	-0,851
104,500	-0,277	-0,851
104,550	-0,274	-0,850
104,600	-0,271	-0,849
104,650	-0,269	-0,848
104,700	-0,267	-0,847
104,750	-0,265	-0,846
104,800	-0,263	-0,846
104,850	-0,261	-0,844
104,900	-0,260	-0,844
104,950	-0,260	-0,843
105,000	-0,260	-0,844
105,050	-0,260	-0,843
105,100	-0,260	-0,844
105,150	-0,260	-0,843
105,200	-0,260	-0,844
105,250	-0,260	-0,843
105,300	-0,260	-0,844
105,350	-0,260	-0,843
105,400	-0,260	-0,844
105,450	-0,250	-0,841
105,500	-0,241	-0,838
105,550	-0,238	-0,835
105,600	-0,236	-0,834
105,650	-0,234	-0,833
105,700	-0,233	-0,832
105,750	-0,230	-0,831
105,800	-0,227	-0,830
105,850	-0,223	-0,828
105,900	-0,217	-0,826
105,950	-0,210	-0,823
106,000	-0,205	-0,820
106,050	-0,201	-0,817
106,100	-0,199	-0,816
106,150	-0,196	-0,814
106,200	-0,195	-0,814
106,250	-0,193	-0,812
106,300	-0,191	-0,812
106,350	-0,187	-0,809
106,400	-0,185	-0,808
106,450	-0,185	-0,807
106,500	-0,184	-0,807
106,550	-0,184	-0,806
106,600	-0,184	-0,807
106,650	-0,184	-0,806
106,700	-0,184	-0,807
106,750	-0,184	-0,806
106,800	-0,184	-0,807
106,850	-0,184	-0,806
106,900	-0,184	-0,807
106,950	-0,184	-0,806
107,000	-0,184	-0,807
107,050	-0,184	-0,806
107,100	-0,182	-0,806
107,150	-0,173	-0,803
107,200	-0,168	-0,800
107,250	-0,167	-0,797
107,300	-0,165	-0,797
107,350	-0,164	-0,795
107,400	-0,161	-0,795
107,450	-0,158	-0,792
107,500	-0,157	-0,792
107,550	-0,156	-0,790
107,600	-0,154	-0,790
107,650	-0,152	-0,788
107,700	-0,150	-0,788
107,750	-0,148	-0,786
107,800	-0,147	-0,786
107,850	-0,145	-0,784
107,900	-0,143	-0,783
107,950	-0,140	-0,781
108,000	-0,137	-0,780
108,050	-0,136	-0,778
108,100	-0,134	-0,777
108,150	-0,132	-0,776
108,200	-0,129	-0,774
108,250	-0,128	-0,772
108,300	-0,128	-0,773
108,350	-0,128	-0,772
108,400	-0,127	-0,772
108,450	-0,121	-0,769
108,500	-0,119	-0,768
108,550	-0,118	-0,766
108,600	-0,116	-0,765
108,650	-0,115	-0,763
108,700	-0,114	-0,763
108,750	-0,112	-0,761
108,800	-0,111	-0,761
108,850	-0,109	-0,759
108,900	-0,107	-0,759
108,950	-0,105	-0,757
109,000	-0,105	-0,757
109,050	-0,105	-0,755
109,100	-0,105	-0,756
109,150	-0,105	-0,755
109,200	-0,105	-0,756
109,250	-0,105	-0,755
109,300	-0,105	-0,756
109,350	-0,105	-0,755
109,400	-0,105	-0,756
109,450	-0,105	-0,755
109,500	-0,105	-0,756
109,550	-0,105	-0,755
109,600	-0,105	-0,756
109,650	-0,103	-0,755
109,700	-0,102	-0,754
109,750	-0,100	-0,752
109,800	-0,098	-0,752
109,850	-0,098	-0,751
109,900	-0,096	-0,750
109,950	-0,094	-0,748
110,000	-0,091	-0,747
110,050	-0,089	-0,745
110,100	-0,086	-0,744
110,150	-0,083	-0,741
110,200	-0,081	-0,739
110,250	-0,079	-0,737
110,300	-0,078	-0,737
110,350	-0,077	-0,734
110,400	-0,074	-0,733
110,450	-0,072	-0,731
110,500	-0,069	-0,730
110,550	-0,067	-0,727
110,600	-0,065	-0,726
110,650	-0,063	-0,723
110,700	-0,061	-0,722
110,750	-0,058	-0,719
110,800	-0,055	-0,718
110,850	-0,052	-0,714
110,900	-0,052	-0,713
110,950	-0,051	-0,711
111,000	-0,050	-0,711
111,050	-0,048	-0,709
111,100	-0,047	-0,709
111,150	-0,046	-0,707
111,200	-0,045	-0,707
111,250	-0,045	-0,705
111,300	-0,045	-0,705
111,350	-0,045	-0,704
111,400	-0,045	-0,705
111,450	-0,044	-0,704
111,500	-0,045	-0,705
111,550	-0,045	-0,704
111,600	-0,045	-0,705
111,650	-0,045	-0,704
111,700	-0,045	-0,705
111,750	-0,045	-0,704
111,800	-0,042	-0,704
111,850	-0,036	-0,700
111,900	-0,034	-0,697
111,950	-0,032	-0,694
112,000	-0,029	-0,693
112,050	-0,027	-0,689
112,100	-0,025	-0,688
112,150	-0,023	-0,684
112,200	-0,021	-0,683
112,250	-0,018	-0,679
112,300	-0,017	-0,678
112,350	-0,016	-0,675
112,400	-0,015	-0,675
112,450	-0,013	-0,672
112,500	-0,012	-0,671
112,550	-0,010	-0,669
112,600	-0,008	-0,667
112,650	-0,007	-0,664
112,700	-0,005	-0,663
112,750	-0,004	-0,660
112,800	-0,003	-0,660
112,850	-0,002	-0,657
112,900	-8,698E-4	-0,657
112,950	5,927E-4	-0,654
113,000	0,002	-0,653
113,050	0,002	-0,651
113,100	0,001	-0,652
113,150	0,002	-0,650
113,200	0,002	-0,651
113,250	0,002	-0,650
113,300	0,002	-0,651
113,350	0,002	-0,650
113,400	0,002	-0,651
113,450	0,002	-0,650
113,500	0,001	-0,651
113,550	0,002	-0,650
113,600	0,001	-0,651
113,650	0,002	-0,650
113,700	0,002	-0,650
113,750	0,002	-0,650
113,800	0,002	-0,650
113,850	0,001	-0,650
113,900	0,002	-0,650
113,950	0,002	-0,649
114,000	0,002	-0,651
114,050	0,001	-0,650
114,100	0,002	-0,651
114,150	0,002	-0,650
114,200	0,001	-0,651
114,250	0,002	-0,650
114,300	0,002	-0,651
114,350	0,002	-0,649
114,400	0,002	-0,651
114,450	0,001	-0,650
114,500	0,002	-0,651
114,550	0,002	-0,650
114,600	0,002	-0,651
114,650	0,002	-0,649
114,700	0,002	-0,650
114,750	0,002	-0,650
114,800	0,002	-0,651
114,850	0,002	-0,650
114,900	0,002	-0,651
114,950	0,002	-0,649
115,000	0,002	-0,651
115,050	0,002	-0,650
115,100	0,002	-0,651
115,150	0,001	-0,650
115,200	0,002	-0,651
115,250	0,002	-0,649
115,300	0,001	-0,651
115,350	0,001	-0,650
115,400	0,002	-0,651
115,450	0,004	-0,649
115,500	0,005	-0,648
115,550	0,007	-0,645
115,600	0,009	-0,644
115,650	0,011	-0,639
115,700	0,013	-0,638
115,750	0,014	-0,634
115,800	0,016	-0,632
115,850	0,018	-0,628
115,900	0,020	-0,626
115,950	0,022	-0,621
116,000	0,024	-0,618
116,050	0,026	-0,613
116,100	0,027	-0,611
116,150	0,027	-0,607
116,200	0,028	-0,606
116,250	0,029	-0,602
116,300	0,030	-0,601
116,350	0,031	-0,597
116,400	0,033	-0,594
116,450	0,033	-0,590
116,500	0,034	-0,588
116,550	0,034	-0,585
116,600	0,034	-0,584
116,650	0,034	-0,581
116,700	0,035	-0,580
116,750	0,036	-0,576
116,800	0,036	-0,575
116,850	0,037	-0,572
116,900	0,037	-0,571
116,950	0,037	-0,568
117,000	0,037	-0,567
117,050	0,038	-0,564
117,100	0,038	-0,563
117,150	0,038	-0,559
117,200	0,039	-0,558
117,250	0,040	-0,553
117,300	0,040	-0,552
117,350	0,040	-0,549
117,400	0,041	-0,548
117,450	0,042	-0,543
117,500	0,043	-0,541
117,550	0,043	-0,537
117,600	0,044	-0,536
117,650	0,044	-0,531
117,700	0,045	-0,530
117,750	0,045	-0,526
117,800	0,046	-0,524
117,850	0,046	-0,519
117,900	0,047	-0,517
117,950	0,047	-0,514
118,000	0,048	-0,512
118,050	0,048	-0,508
118,100	0,048	-0,507
118,150	0,048	-0,504
118,200	0,048	-0,504
118,250	0,048	-0,501
118,300	0,048	-0,501
118,350	0,048	-0,499
118,400	0,048	-0,499
118,450	0,049	-0,497
118,500	0,049	-0,497
118,550	0,049	-0,494
118,600	0,050	-0,494
118,650	0,050	-0,491
118,700	0,049	-0,492
118,750	0,050	-0,489
118,800	0,050	-0,489
118,850	0,051	-0,486
118,900	0,051	-0,486
118,950	0,051	-0,484
119,000	0,051	-0,484
119,050	0,052	-0,481
119,100	0,052	-0,481
119,150	0,053	-0,478
119,200	0,054	-0,477
119,250	0,054	-0,473
119,300	0,055	-0,472
119,350	0,056	-0,468
119,400	0,056	-0,467
119,450	0,055	-0,465
119,500	0,055	-0,464
119,550	0,056	-0,462
119,600	0,056	-0,461
119,650	0,057	-0,459
119,700	0,057	-0,458
119,750	0,057	-0,456
119,800	0,057	-0,456
119,850	0,058	-0,453
119,900	0,059	-0,452
119,950	0,059	-0,448
120,000	0,060	-0,448
120,050	0,060	-0,445
120,100	0,061	-0,444
120,150	0,061	-0,441
120,200	0,061	-0,441
120,250	0,062	-0,438
120,300	0,062	-0,437
120,350	0,062	-0,434
120,400	0,063	-0,434
120,450	0,064	-0,430
120,500	0,065	-0,429
120,550	0,065	-0,425
120,600	0,065	-0,425
120,650	0,065	-0,422
120,700	0,066	-0,422
120,750	0,066	-0,419
120,800	0,066	-0,419
120,850	0,067	-0,416
120,900	0,068	-0,416
120,950	0,068	-0,413
121,000	0,068	-0,413
121,050	0,069	-0,410
121,100	0,069	-0,410
121,150	0,070	-0,407
121,200	0,070	-0,406
121,250	0,070	-0,403
121,300	0,071	-0,403
121,350	0,072	-0,400
121,400	0,072	-0,399
121,450	0,073	-0,396
121,500	0,073	-0,396
121,550	0,074	-0,393
121,600	0,074	-0,393
121,650	0,075	-0,390
121,700	0,075	-0,389
121,750	0,076	-0,386
121,800	0,076	-0,386
121,850	0,076	-0,384
121,900	0,076	-0,384
121,950	0,076	-0,383
122,000	0,076	-0,383
122,050	0,077	-0,381
122,100	0,078	-0,381
122,150	0,078	-0,378
122,200	0,078	-0,378
122,250	0,078	-0,377
122,300	0,079	-0,377
122,350	0,079	-0,375
122,400	0,080	-0,374
122,450	0,081	-0,372
122,500	0,082	-0,371
122,550	0,082	-0,368
122,600	0,082	-0,369
122,650	0,081	-0,367
122,700	0,081	-0,368
122,750	0,081	-0,366
122,800	0,082	-0,367
122,850	0,081	-0,366
122,900	0,081	-0,366
122,950	0,081	-0,365
123,000	0,081	-0,366
123,050	0,081	-0,365
123,100	0,081	-0,366
123,150	0,081	-0,365
123,200	0,081	-0,366
123,250	0,081	-0,365
123,300	0,081	-0,366
123,350	0,081	-0,365
123,400	0,081	-0,366
123,450	0,081	-0,365
123,500	0,081	-0,366
123,550	0,082	-0,364
123,600	0,083	-0,364
123,650	0,084	-0,362
123,700	0,085	-0,362
123,750	0,086	-0,359
123,800	0,087	-0,358
123,850	0,087	-0,355
123,900	0,088	-0,354
123,950	0,089	-0,352
124,000	0,090	-0,351
124,050	0,091	-0,348
124,100	0,091	-0,347
124,150	0,092	-0,345
124,200	0,093	-0,344
124,250	0,094	-0,341
124,300	0,094	-0,340
124,350	0,095	-0,338
124,400	0,096	-0,337
124,450	0,097	-0,334
124,500	0,098	-0,333
124,550	0,099	-0,330
124,600	0,100	-0,329
124,650	0,101	-0,327
124,700	0,102	-0,326
124,750	0,102	-0,323
124,800	0,102	-0,323
124,850	0,103	-0,321
124,900	0,103	-0,321
124,950	0,104	-0,318
125,000	0,105	-0,318
125,050	0,106	-0,315
125,100	0,107	-0,315
125,150	0,108	-0,312
125,200	0,109	-0,312
125,250	0,110	-0,309
125,300	0,111	-0,308
125,350	0,113	-0,305
125,400	0,114	-0,304
125,450	0,115	-0,301
125,500	0,116	-0,300
125,550	0,117	-0,298
125,600	0,118	-0,297
125,650	0,119	-0,294
125,700	0,120	-0,293
125,750	0,122	-0,290
125,800	0,123	-0,289
125,850	0,125	-0,286
125,900	0,126	-0,285
125,950	0,126	-0,283
126,000	0,127	-0,283
126,050	0,128	-0,280
126,100	0,130	-0,279
126,150	0,132	-0,276
126,200	0,133	-0,275
126,250	0,134	-0,273
126,300	0,134	-0,273
126,350	0,135	-0,270
126,400	0,135	-0,271
126,450	0,135	-0,270
126,500	0,135	-0,270
126,550	0,135	-0,269
126,600	0,135	-0,270
126,650	0,135	-0,269
126,700	0,135	-0,270
126,750	0,134	-0,269
126,800	0,135	-0,270
126,850	0,135	-0,269
126,900	0,135	-0,270
126,950	0,135	-0,269
127,000	0,138	-0,269
127,050	0,140	-0,266
127,100	0,142	-0,265
127,150	0,143	-0,261
127,200	0,144	-0,261
127,250	0,146	-0,258
127,300	0,149	-0,256
127,350	0,151	-0,253
127,400	0,153	-0,252
127,450	0,154	-0,249
127,500	0,154	-0,249
127,550	0,155	-0,247
127,600	0,157	-0,246
127,650	0,159	-0,244
127,700	0,161	-0,243
127,750	0,164	-0,239
127,800	0,167	-0,237
127,850	0,169	-0,234
127,900	0,170	-0,233
127,950	0,170	-0,231
128,000	0,170	-0,232
128,050	0,171	-0,230
128,100	0,173	-0,230
128,150	0,174	-0,227
128,200	0,176	-0,227
128,250	0,177	-0,224
128,300	0,177	-0,225
128,350	0,178	-0,223
128,400	0,179	-0,223
128,450	0,180	-0,222
128,500	0,182	-0,221
128,550	0,185	-0,219
128,600	0,187	-0,217
128,650	0,188	-0,215
128,700	0,189	-0,215
128,750	0,190	-0,213
128,800	0,189	-0,214
128,850	0,190	-0,212
128,900	0,191	-0,212
128,950	0,192	-0,211
129,000	0,194	-0,211
129,050	0,195	-0,208
129,100	0,195	-0,209
129,150	0,196	-0,207
129,200	0,197	-0,208
129,250	0,197	-0,206
129,300	0,198	-0,207
129,350	0,199	-0,205
129,400	0,201	-0,205
129,450	0,202	-0,203
129,500	0,204	-0,202
129,550	0,205	-0,200
129,600	0,205	-0,201
129,650	0,206	-0,199
129,700	0,206	-0,200
129,750	0,206	-0,199
129,800	0,206	-0,199
129,850	0,206	-0,199
129,900	0,206	-0,200
129,950	0,206	-0,199
130,000	0,206	-0,200
130,050	0,206	-0,198
130,100	0,206	-0,200
130,150	0,206	-0,199
130,200	0,206	-0,200
130,250	0,206	-0,198
130,300	0,206	-0,199
130,350	0,207	-0,199
130,400	0,212	-0,197
130,450	0,215	-0,194
130,500	0,216	-0,193
130,550	0,216	-0,192
130,600	0,218	-0,192
130,650	0,221	-0,189
130,700	0,223	-0,189
130,750	0,224	-0,186
130,800	0,225	-0,187
130,850	0,229	-0,184
130,900	0,233	-0,182
130,950	0,236	-0,179
131,000	0,237	-0,178
131,050	0,237	-0,177
131,100	0,237	-0,178
131,150	0,238	-0,176
131,200	0,239	-0,176
131,250	0,240	-0,175
131,300	0,242	-0,175
131,350	0,244	-0,172
131,400	0,244	-0,173
131,450	0,245	-0,171
131,500	0,246	-0,172
131,550	0,248	-0,170
131,600	0,249	-0,170
131,650	0,250	-0,168
131,700	0,251	-0,168
131,750	0,253	-0,166
131,800	0,253	-0,167
131,850	0,254	-0,165
131,900	0,255	-0,166
131,950	0,256	-0,164
132,000	0,257	-0,165
132,050	0,257	-0,163
132,100	0,257	-0,164
132,150	0,258	-0,163
132,200	0,260	-0,163
132,250	0,262	-0,161
132,300	0,262	-0,162
132,350	0,262	-0,160
132,400	0,263	-0,161
132,450	0,263	-0,160
132,500	0,264	-0,160
132,550	0,265	-0,159
132,600	0,267	-0,159
132,650	0,268	-0,157
132,700	0,269	-0,158
132,750	0,270	-0,156
132,800	0,269	-0,157
132,850	0,270	-0,156
132,900	0,270	-0,156
132,950	0,271	-0,155
133,000	0,272	-0,156
133,050	0,273	-0,154
133,100	0,273	-0,155
133,150	0,274	-0,153
133,200	0,274	-0,154
133,250	0,274	-0,153
133,300	0,274	-0,154
133,350	0,274	-0,153
133,400	0,274	-0,154
133,450	0,274	-0,153
133,500	0,274	-0,154
133,550	0,274	-0,153
133,600	0,274	-0,154
133,650	0,274	-0,153
133,700	0,274	-0,154
133,750	0,277	-0,152
133,800	0,280	-0,152
133,850	0,282	-0,149
133,900	0,283	-0,149
133,950	0,285	-0,148
134,000	0,288	-0,147
134,050	0,290	-0,145
134,100	0,291	-0,145
134,150	0,293	-0,143
134,200	0,294	-0,144
134,250	0,296	-0,142
134,300	0,298	-0,142
134,350	0,300	-0,140
134,400	0,302	-0,140
134,450	0,304	-0,138
134,500	0,306	-0,138
134,550	0,308	-0,135
134,600	0,308	-0,136
134,650	0,308	-0,135
134,700	0,309	-0,136
134,750	0,310	-0,134
134,800	0,309	-0,135
134,850	0,311	-0,134
134,900	0,311	-0,134
134,950	0,312	-0,133
135,000	0,313	-0,134
135,050	0,315	-0,132
135,100	0,315	-0,133
135,150	0,315	-0,131
135,200	0,315	-0,132
135,250	0,315	-0,131
135,300	0,314	-0,133
135,350	0,315	-0,132
135,400	0,315	-0,133
135,450	0,315	-0,131
135,500	0,315	-0,132
135,550	0,315	-0,131
135,600	0,315	-0,132
135,650	0,315	-0,131
135,700	0,316	-0,132
135,750	0,319	-0,130
135,800	0,320	-0,130
135,850	0,321	-0,129
135,900	0,322	-0,129
135,950	0,324	-0,128
136,000	0,326	-0,128
136,050	0,328	-0,126
136,100	0,329	-0,126
136,150	0,331	-0,124
136,200	0,333	-0,125
136,250	0,335	-0,123
136,300	0,337	-0,123
136,350	0,338	-0,121
136,400	0,340	-0,121
136,450	0,341	-0,120
136,500	0,343	-0,120
136,550	0,344	-0,118
136,600	0,345	-0,119
136,650	0,347	-0,117
136,700	0,348	-0,118
136,750	0,350	-0,116
136,800	0,352	-0,117
136,850	0,354	-0,114
136,900	0,355	-0,115
136,950	0,357	-0,113
137,000	0,358	-0,113
137,050	0,359	-0,112
137,100	0,361	-0,112
137,150	0,362	-0,111
137,200	0,363	-0,111
137,250	0,364	-0,110
137,300	0,365	-0,111
137,350	0,367	-0,109
137,400	0,369	-0,110
137,450	0,371	-0,107
137,500	0,372	-0,108
137,550	0,372	-0,107
137,600	0,371	-0,108
137,650	0,372	-0,107
137,700	0,372	-0,108
137,750	0,371	-0,107
137,800	0,372	-0,108
137,850	0,372	-0,107
137,900	0,372	-0,108
137,950	0,371	-0,107
138,000	0,372	-0,108
138,050	0,373	-0,107
138,100	0,378	-0,107
138,150	0,385	-0,103
138,200	0,389	-0,102
138,250	0,391	-0,100
138,300	0,392	-0,100
138,350	0,395	-0,098
138,400	0,398	-0,099
138,450	0,399	-0,097
138,500	0,400	-0,098
138,550	0,404	-0,096
138,600	0,408	-0,095
138,650	0,410	-0,093
138,700	0,410	-0,094
138,750	0,411	-0,093
138,800	0,412	-0,094
138,850	0,413	-0,092
138,900	0,414	-0,093
138,950	0,416	-0,092
139,000	0,417	-0,092
139,050	0,419	-0,090
139,100	0,421	-0,091
139,150	0,423	-0,089
139,200	0,424	-0,090
139,250	0,426	-0,088
139,300	0,428	-0,089
139,350	0,429	-0,087
139,400	0,431	-0,088
139,450	0,432	-0,086
139,500	0,433	-0,087
139,550	0,434	-0,085
139,600	0,435	-0,086
139,650	0,436	-0,085
139,700	0,438	-0,086
139,750	0,439	-0,084
139,800	0,441	-0,084
139,850	0,442	-0,083
139,900	0,442	-0,084
139,950	0,443	-0,083
140,000	0,443	-0,084
140,050	0,445	-0,082
140,100	0,446	-0,083
140,150	0,448	-0,082
140,200	0,449	-0,083
140,250	0,450	-0,081
140,300	0,451	-0,081
140,350	0,451	-0,080
140,400	0,452	-0,081
140,450	0,453	-0,080
140,500	0,454	-0,081
140,550	0,455	-0,080
140,600	0,457	-0,080
140,650	0,458	-0,079
140,700	0,459	-0,079
140,750	0,459	-0,078
140,800	0,459	-0,080
140,850	0,459	-0,079
140,900	0,459	-0,079
140,950	0,459	-0,078
141,000	0,459	-0,079
141,050	0,459	-0,078
141,100	0,459	-0,079
141,150	0,459	-0,078
141,200	0,459	-0,079
141,250	0,460	-0,078
141,300	0,463	-0,078
141,350	0,465	-0,077
141,400	0,467	-0,077
141,450	0,467	-0,076
141,500	0,469	-0,077
141,550	0,471	-0,075
141,600	0,473	-0,075
141,650	0,474	-0,074
141,700	0,475	-0,075
141,750	0,476	-0,074
141,800	0,477	-0,075
141,850	0,478	-0,073
141,900	0,481	-0,074
141,950	0,483	-0,072
142,000	0,486	-0,072
142,050	0,488	-0,071
142,100	0,489	-0,072
142,150	0,490	-0,070
142,200	0,492	-0,071
142,250	0,495	-0,069
142,300	0,497	-0,070
142,350	0,499	-0,068
142,400	0,501	-0,069
142,450	0,503	-0,067
142,500	0,504	-0,068
142,550	0,505	-0,067
142,600	0,507	-0,067
142,650	0,508	-0,066
142,700	0,509	-0,067
142,750	0,509	-0,065
142,800	0,509	-0,067
142,850	0,509	-0,066
142,900	0,509	-0,067
142,950	0,509	-0,065
143,000	0,509	-0,067
143,050	0,509	-0,066
143,100	0,509	-0,067
143,150	0,509	-0,066
143,200	0,509	-0,067
143,250	0,510	-0,065
143,300	0,514	-0,066
143,350	0,519	-0,064
143,400	0,520	-0,064
143,450	0,521	-0,063
143,500	0,521	-0,064
143,550	0,522	-0,063
143,600	0,525	-0,064
143,650	0,527	-0,062
143,700	0,530	-0,062
143,750	0,531	-0,061
143,800	0,532	-0,062
143,850	0,534	-0,060
143,900	0,536	-0,061
143,950	0,538	-0,059
144,000	0,540	-0,060
144,050	0,541	-0,059
144,100	0,542	-0,059
144,150	0,543	-0,058
144,200	0,545	-0,059
144,250	0,546	-0,057
144,300	0,548	-0,059
144,350	0,549	-0,057
144,400	0,551	-0,058
144,450	0,551	-0,056
144,500	0,552	-0,058
144,550	0,553	-0,056
144,600	0,555	-0,057
144,650	0,557	-0,056
144,700	0,559	-0,056
144,750	0,560	-0,055
144,800	0,561	-0,056
144,850	0,563	-0,054
144,900	0,563	-0,056
144,950	0,564	-0,054
145,000	0,566	-0,055
145,050	0,567	-0,054
145,100	0,570	-0,054
145,150	0,572	-0,053
145,200	0,574	-0,053
145,250	0,575	-0,052
145,300	0,575	-0,053
145,350	0,574	-0,052
145,400	0,575	-0,053
145,450	0,575	-0,052
145,500	0,575	-0,053
145,550	0,574	-0,052
145,600	0,575	-0,053
145,650	0,575	-0,052
145,700	0,575	-0,053
145,750	0,574	-0,052
145,800	0,575	-0,053
145,850	0,575	-0,052
145,900	0,579	-0,053
145,950	0,582	-0,051
146,000	0,582	-0,052
146,050	0,583	-0,051
146,100	0,584	-0,052
146,150	0,588	-0,050
146,200	0,591	-0,050
146,250	0,593	-0,049
146,300	0,595	-0,049
146,350	0,598	-0,048
146,400	0,600	-0,049
146,450	0,603	-0,047
146,500	0,605	-0,048
146,550	0,606	-0,047
146,600	0,607	-0,047
146,650	0,607	-0,046
146,700	0,607	-0,048
146,750	0,608	-0,046
146,800	0,610	-0,047
146,850	0,612	-0,046
146,900	0,613	-0,047
146,950	0,615	-0,045
147,000	0,616	-0,046
147,050	0,618	-0,045
147,100	0,618	-0,046
147,150	0,618	-0,045
147,200	0,618	-0,046
147,250	0,618	-0,045
147,300	0,617	-0,046
147,350	0,618	-0,045
147,400	0,618	-0,046
147,450	0,618	-0,045
147,500	0,618	-0,046
147,550	0,618	-0,045
147,600	0,618	-0,046
147,650	0,623	-0,044
147,700	0,626	-0,045
147,750	0,628	-0,043
147,800	0,629	-0,044
147,850	0,631	-0,043
147,900	0,633	-0,043
147,950	0,635	-0,042
148,000	0,638	-0,043
148,050	0,638	-0,042
148,100	0,641	-0,042
148,150	0,642	-0,041
148,200	0,644	-0,042
148,250	0,646	-0,041
148,300	0,649	-0,041
148,350	0,650	-0,040
148,400	0,650	-0,041
148,450	0,650	-0,040
148,500	0,650	-0,041
148,550	0,651	-0,040
148,600	0,653	-0,041
148,650	0,654	-0,039
148,700	0,657	-0,040
148,750	0,659	-0,039
148,800	0,660	-0,039
148,850	0,662	-0,038
148,900	0,663	-0,039
148,950	0,666	-0,038
149,000	0,671	-0,038
149,050	0,675	-0,036
149,100	0,678	-0,037
149,150	0,680	-0,036
149,200	0,681	-0,037
149,250	0,683	-0,035
149,300	0,684	-0,036
149,350	0,685	-0,035
149,400	0,686	-0,036
149,450	0,688	-0,034
149,500	0,691	-0,035
149,550	0,692	-0,034
149,600	0,694	-0,035
149,650	0,696	-0,034
149,700	0,697	-0,034
149,750	0,698	-0,033
149,800	0,700	-0,034
149,850	0,701	-0,033
149,900	0,703	-0,034
149,950	0,704	-0,032
150,000	0,703	-0,034
150,050	0,704	-0,032
150,100	0,704	-0,034
150,150	0,704	-0,033
150,200	0,704	-0,033
150,250	0,704	-0,032
150,300	0,704	-0,033
150,350	0,704	-0,032
150,400	0,704	-0,033
150,450	0,707	-0,032
150,500	0,711	-0,033
150,550	0,713	-0,031
150,600	0,714	-0,032
150,650	0,716	-0,031
150,700	0,718	-0,032
150,750	0,720	-0,030
150,800	0,721	-0,031
150,850	0,721	-0,030
150,900	0,722	-0,031
150,950	0,722	-0,030
151,000	0,722	-0,031
151,050	0,724	-0,030
151,100	0,726	-0,031
151,150	0,727	-0,029
151,200	0,727	-0,031
151,250	0,727	-0,029
151,300	0,728	-0,030
151,350	0,730	-0,029
151,400	0,731	-0,030
151,450	0,732	-0,029
151,500	0,733	-0,030
151,550	0,734	-0,029
151,600	0,736	-0,029
151,650	0,737	-0,028
151,700	0,738	-0,030
151,750	0,739	-0,028
151,800	0,739	-0,029
151,850	0,741	-0,028
151,900	0,743	-0,029
151,950	0,745	-0,027
152,000	0,748	-0,028
152,050	0,750	-0,027
152,100	0,752	-0,028
152,150	0,753	-0,027
152,200	0,753	-0,027
152,250	0,753	-0,027
152,300	0,754	-0,028
152,350	0,757	-0,026
152,400	0,759	-0,027
152,450	0,760	-0,026
152,500	0,761	-0,027
152,550	0,761	-0,026
152,600	0,761	-0,027
152,650	0,761	-0,026
152,700	0,761	-0,026
152,750	0,761	-0,026
152,800	0,761	-0,027
152,850	0,761	-0,026
152,900	0,761	-0,027
152,950	0,761	-0,026
153,000	0,761	-0,027
153,050	0,761	-0,026
153,100	0,764	-0,026
153,150	0,768	-0,025
153,200	0,770	-0,026
153,250	0,771	-0,024
153,300	0,774	-0,025
153,350	0,775	-0,024
153,400	0,776	-0,025
153,450	0,777	-0,024
153,500	0,778	-0,025
153,550	0,779	-0,024
153,600	0,781	-0,025
153,650	0,782	-0,023
153,700	0,784	-0,024
153,750	0,785	-0,023
153,800	0,786	-0,024
153,850	0,787	-0,023
153,900	0,789	-0,024
153,950	0,790	-0,022
154,000	0,791	-0,023
154,050	0,791	-0,023
154,100	0,793	-0,023
154,150	0,794	-0,022
154,200	0,795	-0,023
154,250	0,796	-0,022
154,300	0,796	-0,023
154,350	0,797	-0,022
154,400	0,799	-0,023
154,450	0,800	-0,021
154,500	0,800	-0,023
154,550	0,801	-0,021
154,600	0,801	-0,023
154,650	0,802	-0,021
154,700	0,803	-0,022
154,750	0,803	-0,021
154,800	0,804	-0,022
154,850	0,805	-0,021
154,900	0,806	-0,022
154,950	0,807	-0,020
155,000	0,806	-0,022
155,050	0,806	-0,021
155,100	0,806	-0,022
155,150	0,806	-0,021
155,200	0,806	-0,022
155,250	0,806	-0,021
155,300	0,806	-0,022
155,350	0,807	-0,021
155,400	0,806	-0,022
155,450	0,806	-0,021
155,500	0,807	-0,022
155,550	0,806	-0,021
155,600	0,807	-0,022
155,650	0,807	-0,021
155,700	0,809	-0,022
155,750	0,810	-0,020
155,800	0,811	-0,022
155,850	0,813	-0,020
155,900	0,814	-0,021
155,950	0,815	-0,020
156,000	0,817	-0,021
156,050	0,818	-0,020
156,100	0,820	-0,020
156,150	0,821	-0,019
156,200	0,823	-0,020
156,250	0,824	-0,019
156,300	0,826	-0,020
156,350	0,827	-0,019
156,400	0,830	-0,020
156,450	0,833	-0,018
156,500	0,835	-0,019
156,550	0,836	-0,018
156,600	0,837	-0,019
156,650	0,838	-0,018
156,700	0,840	-0,019
156,750	0,843	-0,017
156,800	0,844	-0,018
156,850	0,846	-0,017
156,900	0,849	-0,018
156,950	0,850	-0,016
157,000	0,851	-0,017
157,050	0,852	-0,016
157,100	0,853	-0,017
157,150	0,855	-0,016
157,200	0,856	-0,017
157,250	0,859	-0,016
157,300	0,861	-0,016
157,350	0,861	-0,016
157,400	0,860	-0,017
157,450	0,861	-0,015
157,500	0,860	-0,017
157,550	0,861	-0,015
157,600	0,861	-0,016
157,650	0,861	-0,015
157,700	0,861	-0,017
157,750	0,861	-0,016
157,800	0,861	-0,016
157,850	0,861	-0,015
157,900	0,863	-0,017
157,950	0,868	-0,015
158,000	0,871	-0,016
158,050	0,874	-0,014
158,100	0,877	-0,015
158,150	0,879	-0,014
158,200	0,880	-0,015
158,250	0,881	-0,013
158,300	0,882	-0,015
158,350	0,883	-0,013
158,400	0,884	-0,015
158,450	0,886	-0,013
158,500	0,887	-0,014
158,550	0,888	-0,013
158,600	0,888	-0,014
158,650	0,889	-0,013
158,700	0,890	-0,014
158,750	0,892	-0,013
158,800	0,894	-0,014
158,850	0,896	-0,012
158,900	0,896	-0,014
158,950	0,897	-0,012
159,000	0,899	-0,013
159,050	0,900	-0,012
159,100	0,901	-0,013
159,150	0,902	-0,012
159,200	0,902	-0,013
159,250	0,903	-0,012
159,300	0,904	-0,013
159,350	0,904	-0,012
159,400	0,904	-0,012
159,450	0,904	-0,012
159,500	0,904	-0,013
159,550	0,904	-0,012
159,600	0,904	-0,013
159,650	0,904	-0,012
159,700	0,906	-0,013
159,750	0,909	-0,011
159,800	0,912	-0,012
159,850	0,913	-0,011
159,900	0,914	-0,012
159,950	0,916	-0,011
160,000	0,917	-0,011
160,050	0,918	-0,010
160,100	0,918	-0,011
160,150	0,920	-0,010
160,200	0,922	-0,011
160,250	0,923	-0,010
160,300	0,924	-0,011
160,350	0,924	-0,010
160,400	0,924	-0,011
160,450	0,925	-0,010
160,500	0,926	-0,011
160,550	0,927	-0,010
160,600	0,928	-0,011
160,650	0,930	-0,009
160,700	0,931	-0,011
160,750	0,932	-0,009
160,800	0,933	-0,010
160,850	0,934	-0,009
160,900	0,935	-0,010
160,950	0,936	-0,009
161,000	0,937	-0,010
161,050	0,938	-0,009
161,100	0,940	-0,010
161,150	0,940	-0,009
161,200	0,941	-0,010
161,250	0,941	-0,009
161,300	0,942	-0,010
161,350	0,943	-0,008
161,400	0,944	-0,010
161,450	0,944	-0,008
161,500	0,944	-0,009
161,550	0,944	-0,009
161,600	0,944	-0,010
161,650	0,944	-0,008
161,700	0,945	-0,009
161,750	0,950	-0,008
161,800	0,955	-0,009
161,850	0,958	-0,007
161,900	0,960	-0,008
161,950	0,960	-0,007
162,000	0,961	-0,008
162,050	0,963	-0,007
162,100	0,964	-0,008
162,150	0,966	-0,007
162,200	0,968	-0,008
162,250	0,969	-0,007
162,300	0,971	-0,007
162,350	0,972	-0,006
162,400	0,972	-0,007
162,450	0,973	-0,006
162,500	0,974	-0,007
162,550	0,976	-0,006
162,600	0,977	-0,007
162,650	0,978	-0,005
162,700	0,979	-0,007
162,750	0,979	-0,006
162,800	0,980	-0,007
162,850	0,980	-0,005
162,900	0,981	-0,007
162,950	0,980	-0,006
163,000	0,981	-0,006
163,050	0,980	-0,005
163,100	0,980	-0,007
163,150	0,980	-0,006
163,200	0,980	-0,007
163,250	0,981	-0,005
163,300	0,981	-0,006
163,350	0,984	-0,005
163,400	0,985	-0,006
163,450	0,985	-0,005
163,500	0,984	-0,007
163,550	0,985	-0,006
163,600	0,987	-0,006
163,650	0,988	-0,005
163,700	0,988	-0,006
163,750	0,989	-0,005
163,800	0,989	-0,006
163,850	0,989	-0,005
163,900	0,989	-0,006
163,950	0,990	-0,005
164,000	0,991	-0,006
164,050	0,991	-0,005
164,100	0,991	-0,006
164,150	0,991	-0,005
164,200	0,992	-0,006
164,250	0,993	-0,004
164,300	0,994	-0,006
164,350	0,994	-0,005
164,400	0,995	-0,005
164,450	0,995	-0,005
164,500	0,996	-0,005
164,550	0,997	-0,004
164,600	0,997	-0,005
164,650	0,997	-0,004
164,700	0,997	-0,006
164,750	0,996	-0,005
164,800	0,996	-0,006
164,850	0,997	-0,004
164,900	0,996	-0,006
164,950	0,997	-0,004
165,000	0,998	-0,005
165,050	0,999	-0,004
165,100	0,999	-0,005
165,150	0,998	-0,004
165,200	0,999	-0,005
165,250	0,999	-0,004
165,300	0,999	-0,005
165,350	0,999	-0,004
165,400	0,998	-0,006
165,450	0,999	-0,004
165,500	0,998	-0,006
165,550	0,998	-0,004
165,600	0,999	-0,005
165,650	1,001	-0,004
165,700	1,001	-0,005
165,750	1,001	-0,004
165,800	1,001	-0,005
165,850	1,001	-0,004
165,900	1,001	-0,005
165,950	1,001	-0,004
166,000	1,001	-0,005
166,050	1,001	-0,004
166,100	1,001	-0,005
166,150	1,001	-0,004
166,200	1,001	-0,005
166,250	1,002	-0,004
166,300	1,002	-0,005
166,350	1,002	-0,004
166,400	1,002	-0,005
166,450	1,002	-0,004
166,500	1,002	-0,005
166,550	1,002	-0,004
166,600	1,002	-0,005
166,650	1,002	-0,004
166,700	1,002	-0,005
166,750	1,002	-0,004
166,800	1,002	-0,005
166,850	1,002	-0,004
166,900	1,002	-0,005
166,950	1,002	-0,004
167,000	1,002	-0,005
167,050	1,002	-0,004
167,100	1,002	-0,005
167,150	1,002	-0,004
167,200	1,002	-0,005
167,250	1,002	-0,004
167,300	1,003	-0,005
167,350	1,003	-0,004
167,400	1,004	-0,005
167,450	1,004	-0,004
167,500	1,004	-0,005
167,550	1,004	-0,004
167,600	1,004	-0,005
167,650	1,004	-0,004
167,700	1,004	-0,005
167,750	1,004	-0,004
167,800	1,004	-0,005
167,850	1,004	-0,004
167,900	1,004	-0,005
167,950	1,004	-0,004
168,000	1,004	-0,005
168,050	1,004	-0,004
168,100	1,004	-0,005
168,150	1,004	-0,004
168,200	1,004	-0,005
168,250	1,004	-0,004
168,300	1,004	-0,005
168,350	1,004	-0,004
168,400	1,004	-0,005
168,450	1,004	-0,004
168,500	1,004	-0,005
