Zeit (s) Messreihe #14	Spannung, Ch A (V) Messreihe #14	Spannung, Ch B (V) Messreihe #14
0,000	-6,722	-0,002
0,050	-6,722	-0,002
0,100	-6,722	-0,002
0,150	-6,723	-0,002
0,200	-6,722	-0,002
0,250	-6,723	-0,002
0,300	-6,722	-0,002
0,350	-6,723	-0,002
0,400	-6,722	-0,002
0,450	-6,723	-0,002
0,500	-6,722	-0,002
0,550	-6,717	-0,002
0,600	-6,679	-0,002
0,650	-6,607	-0,002
0,700	-6,533	-0,002
0,750	-6,492	-0,002
0,800	-6,456	-0,002
0,850	-6,424	-0,002
0,900	-6,390	-0,002
0,950	-6,362	-0,002
1,000	-6,338	-0,002
1,050	-6,318	-0,002
1,100	-6,298	-0,002
1,150	-6,278	-0,002
1,200	-6,256	-0,002
1,250	-6,234	-0,001
1,300	-6,213	-0,002
1,350	-6,194	-0,002
1,400	-6,174	-0,002
1,450	-6,152	-0,002
1,500	-6,124	-0,002
1,550	-6,096	-0,002
1,600	-6,068	-0,002
1,650	-6,046	-0,002
1,700	-6,026	-0,002
1,750	-6,007	-0,002
1,800	-5,985	-0,002
1,850	-5,964	-0,002
1,900	-5,935	-0,002
1,950	-5,907	-0,002
2,000	-5,885	-0,002
2,050	-5,866	-0,001
2,100	-5,848	-0,002
2,150	-5,824	-0,002
2,200	-5,792	-0,002
2,250	-5,765	-0,002
2,300	-5,734	-0,002
2,350	-5,698	-0,001
2,400	-5,657	-0,002
2,450	-5,617	-0,002
2,500	-5,581	-0,002
2,550	-5,549	-0,002
2,600	-5,513	-0,001
2,650	-5,467	-0,002
2,700	-5,411	-0,002
2,750	-5,356	-0,001
2,800	-5,302	-0,001
2,850	-5,252	-0,002
2,900	-5,205	-0,001
2,950	-5,165	-0,001
3,000	-5,127	-0,001
3,050	-5,097	-0,001
3,100	-5,071	-0,001
3,150	-5,044	-0,001
3,200	-5,009	-0,001
3,250	-4,971	-0,002
3,300	-4,930	-0,002
3,350	-4,898	-0,001
3,400	-4,880	-0,001
3,450	-4,873	-0,002
3,500	-4,867	-0,001
3,550	-4,866	-0,001
3,600	-4,864	-0,001
3,650	-4,864	-0,001
3,700	-4,862	-8,376E-4
3,750	-4,863	-0,001
3,800	-4,862	-0,001
3,850	-4,864	-0,001
3,900	-4,863	-0,001
3,950	-4,863	-0,001
4,000	-4,845	-0,001
4,050	-4,799	-0,001
4,100	-4,744	-0,001
4,150	-4,686	-0,001
4,200	-4,625	-0,001
4,250	-4,566	-0,001
4,300	-4,509	-0,001
4,350	-4,455	-0,001
4,400	-4,400	-0,001
4,450	-4,345	-0,001
4,500	-4,284	-9,939E-4
4,550	-4,221	-9,133E-4
4,600	-4,152	-8,303E-4
4,650	-4,075	-0,001
4,700	-4,006	-9,902E-4
4,750	-3,959	-0,001
4,800	-3,922	-8,047E-4
4,850	-3,880	-0,001
4,900	-3,828	-7,791E-4
4,950	-3,771	-9,243E-4
5,000	-3,714	-8,621E-4
5,050	-3,671	-9,194E-4
5,100	-3,632	-8,767E-4
5,150	-3,589	-0,001
5,200	-3,549	-8,633E-4
5,250	-3,524	-9,426E-4
5,300	-3,509	-7,021E-4
5,350	-3,503	-6,948E-4
5,400	-3,498	-5,068E-4
5,450	-3,497	-7,266E-4
5,500	-3,495	-3,896E-4
5,550	-3,496	-8,389E-4
5,600	-3,494	-7,339E-4
5,650	-3,491	-7,083E-4
5,700	-3,435	-4,617E-4
5,750	-3,337	-7,986E-4
5,800	-3,257	-4,141E-4
5,850	-3,214	-8,071E-4
5,900	-3,181	-2,834E-4
5,950	-3,151	-8,901E-4
6,000	-3,103	-3,054E-4
6,050	-3,040	-6,936E-4
6,100	-2,979	-3,152E-4
6,150	-2,937	-4,629E-4
6,200	-2,902	-1,123E-5
6,250	-2,871	-7,559E-4
6,300	-2,842	-2,686E-6
6,350	-2,817	-4,299E-4
6,400	-2,784	-3,701E-4
6,450	-2,753	-3,079E-4
6,500	-2,724	-1,833E-4
6,550	-2,692	-1,125E-4
6,600	-2,657	1,182E-4
6,650	-2,627	-3,689E-4
6,700	-2,596	-2,871E-4
6,750	-2,563	-1,978E-5
6,800	-2,524	1,426E-4
6,850	-2,484	-1,455E-4
6,900	-2,442	9,985E-5
6,950	-2,405	-1,467E-4
7,000	-2,368	1,963E-4
7,050	-2,334	-4,641E-4
7,100	-2,298	-2,588E-5
7,150	-2,268	-2,090E-4
7,200	-2,236	2,866E-4
7,250	-2,204	-3,726E-4
7,300	-2,165	3,696E-4
7,350	-2,123	9,009E-5
7,400	-2,078	4,404E-4
7,450	-2,039	9,497E-5
7,500	-2,004	7,322E-4
7,550	-1,969	1,206E-4
7,600	-1,931	2,708E-4
7,650	-1,893	3,831E-4
7,700	-1,853	4,807E-4
7,750	-1,816	1,206E-4
7,800	-1,780	8,127E-4
7,850	-1,747	4,648E-4
7,900	-1,727	4,795E-4
7,950	-1,717	3,086E-4
8,000	-1,711	6,248E-4
8,050	-1,709	2,622E-4
8,100	-1,712	4,343E-4
8,150	-1,718	3,379E-4
8,200	-1,721	5,027E-4
8,250	-1,716	1,902E-4
8,300	-1,685	6,931E-4
8,350	-1,636	3,855E-4
8,400	-1,593	7,139E-4
8,450	-1,570	3,538E-4
8,500	-1,551	7,969E-4
8,550	-1,540	3,586E-4
8,600	-1,523	7,053E-4
8,650	-1,497	1,890E-4
8,700	-1,472	8,982E-4
8,750	-1,455	5,637E-4
8,800	-1,439	7,798E-4
8,850	-1,422	4,771E-4
8,900	-1,395	8,469E-4
8,950	-1,366	6,418E-4
9,000	-1,337	8,274E-4
9,050	-1,316	9,910E-4
9,100	-1,299	9,983E-4
9,150	-1,289	7,407E-4
9,200	-1,274	9,385E-4
9,250	-1,259	8,530E-4
9,300	-1,243	9,336E-4
9,350	-1,225	6,431E-4
9,400	-1,203	9,666E-4
9,450	-1,176	7,285E-4
9,500	-1,141	0,001
9,550	-1,104	7,871E-4
9,600	-1,072	0,001
9,650	-1,047	9,446E-4
9,700	-1,024	0,001
9,750	-1,002	7,505E-4
9,800	-0,974	9,495E-4
9,850	-0,945	0,001
9,900	-0,920	0,001
9,950	-0,901	8,457E-4
10,000	-0,889	0,001
10,050	-0,879	9,470E-4
10,100	-0,864	0,001
10,150	-0,845	0,001
10,200	-0,822	0,001
10,250	-0,800	0,001
10,300	-0,776	0,001
10,350	-0,752	0,001
10,400	-0,729	0,001
10,450	-0,707	0,001
10,500	-0,686	0,002
10,550	-0,667	0,001
10,600	-0,644	0,002
10,650	-0,621	0,002
10,700	-0,597	0,002
10,750	-0,573	0,001
10,800	-0,548	0,002
10,850	-0,520	0,002
10,900	-0,492	0,002
10,950	-0,466	0,002
11,000	-0,435	0,002
11,050	-0,410	0,002
11,100	-0,386	0,002
11,150	-0,369	0,002
11,200	-0,352	0,002
11,250	-0,340	0,002
11,300	-0,321	0,002
11,350	-0,293	0,001
11,400	-0,255	0,002
11,450	-0,214	0,002
11,500	-0,173	0,002
11,550	-0,135	0,002
11,600	-0,093	0,002
11,650	-0,049	0,002
11,700	-0,010	0,002
11,750	0,016	0,002
11,800	0,035	0,002
11,850	0,044	0,002
11,900	0,050	0,002
11,950	0,052	0,002
12,000	0,053	0,002
12,050	0,054	0,002
12,100	0,054	0,002
12,150	0,054	0,002
12,200	0,055	0,002
12,250	0,055	0,002
12,300	0,055	0,002
12,350	0,055	0,002
12,400	0,055	0,002
12,450	0,055	0,002
12,500	0,055	0,002
12,550	0,055	0,002
12,600	0,055	0,002
12,650	0,055	0,002
12,700	0,056	0,002
12,750	0,055	0,002
12,800	0,055	0,002
12,850	0,055	0,002
12,900	0,056	0,002
12,950	0,055	0,002
13,000	0,055	0,002
13,050	0,056	0,002
13,100	0,056	0,002
13,150	0,055	0,002
13,200	0,056	0,002
13,250	0,055	0,002
13,300	0,056	0,002
13,350	0,055	0,002
13,400	0,056	0,002
13,450	0,055	0,002
13,500	0,056	0,002
13,550	0,056	0,002
13,600	0,056	0,002
13,650	0,056	0,002
13,700	0,056	0,002
13,750	0,056	0,002
13,800	0,056	0,002
13,850	0,056	0,002
13,900	0,056	0,002
13,950	0,056	0,002
14,000	0,056	0,002
14,050	0,056	0,002
14,100	0,056	0,002
14,150	0,018	0,002
14,200	-0,056	0,002
14,250	-0,054	0,002
14,300	-0,054	0,002
14,350	-0,054	0,002
14,400	-0,053	0,002
14,450	-0,053	0,002
14,500	-0,053	0,002
14,550	-0,053	0,003
14,600	-0,053	0,002
14,650	-0,053	0,003
14,700	-0,053	0,002
14,750	-0,053	0,003
14,800	-0,053	0,002
14,850	-0,053	0,002
14,900	-0,053	0,002
14,950	-0,053	0,002
15,000	-0,052	0,002
15,050	-0,048	0,002
15,100	-0,037	0,002
15,150	-0,014	0,002
15,200	0,016	0,002
15,250	0,043	0,002
15,300	0,068	0,002
15,350	0,100	0,002
15,400	0,131	0,002
15,450	0,167	0,002
15,500	0,207	0,002
15,550	0,246	0,002
15,600	0,278	0,002
15,650	0,308	0,002
15,700	0,333	0,002
15,750	0,359	0,003
15,800	0,390	0,002
15,850	0,426	0,003
15,900	0,463	0,003
15,950	0,500	0,003
16,000	0,540	0,003
16,050	0,579	0,003
16,100	0,618	0,003
16,150	0,664	0,003
16,200	0,719	0,004
16,250	0,776	0,004
16,300	0,826	0,004
16,350	0,868	0,004
16,400	0,907	0,004
16,450	0,948	0,005
16,500	0,989	0,005
16,550	1,027	0,006
16,600	1,057	0,007
16,650	1,082	0,010
16,700	1,101	0,012
16,750	1,114	0,017
16,800	1,121	0,025
16,850	1,125	0,036
16,900	1,128	0,050
16,950	1,130	0,069
17,000	1,130	0,094
17,050	1,130	0,124
17,100	1,136	0,158
17,150	1,146	0,199
17,200	1,158	0,242
17,250	1,177	0,290
17,300	1,198	0,341
17,350	1,213	0,394
17,400	1,217	0,449
17,450	1,227	0,507
17,500	1,242	0,566
17,550	1,265	0,625
17,600	1,290	0,685
17,650	1,310	0,745
17,700	1,371	0,801
17,750	1,621	0,851
17,800	2,036	0,867
17,850	1,685	0,867
17,900	1,509	0,867
17,950	1,421	0,867
18,000	1,376	0,866
18,050	1,358	0,867
18,100	1,352	0,866
18,150	1,350	0,866
18,200	1,349	0,866
18,250	1,348	0,866
18,300	1,353	0,866
18,350	1,359	0,866
18,400	1,363	0,866
18,450	1,372	0,867
18,500	1,377	0,866
18,550	1,386	0,866
18,600	1,392	0,866
18,650	1,396	0,866
18,700	1,404	0,866
18,750	1,411	0,866
18,800	1,416	0,866
18,850	1,425	0,866
18,900	1,432	0,865
18,950	1,442	0,866
19,000	1,447	0,866
19,050	1,450	0,866
19,100	1,451	0,866
19,150	1,452	0,866
19,200	1,451	0,866
19,250	1,452	0,866
19,300	1,452	0,866
19,350	1,452	0,866
19,400	1,452	0,866
19,450	1,452	0,866
19,500	1,452	0,866
19,550	1,452	0,866
19,600	1,454	0,865
19,650	1,466	0,866
19,700	1,478	0,865
19,750	1,496	0,866
19,800	1,517	0,865
19,850	1,530	0,866
19,900	1,542	0,865
19,950	1,552	0,866
20,000	1,562	0,865
20,050	1,576	0,866
20,100	1,596	0,866
20,150	1,618	0,866
20,200	1,640	0,866
20,250	1,660	0,866
20,300	1,673	0,866
20,350	1,688	0,866
20,400	1,705	0,865
20,450	1,726	0,866
20,500	1,747	0,865
20,550	1,765	0,866
20,600	1,781	0,865
20,650	1,799	0,866
20,700	1,825	0,865
20,750	1,865	0,866
20,800	1,906	0,865
20,850	1,937	0,866
20,900	1,960	0,865
20,950	1,978	0,866
21,000	1,998	0,865
21,050	2,023	0,866
21,100	2,046	0,865
21,150	2,065	0,866
21,200	2,080	0,866
21,250	2,097	0,866
21,300	2,118	0,866
21,350	2,147	0,866
21,400	2,176	0,866
21,450	2,204	0,866
21,500	2,229	0,866
21,550	2,252	0,866
21,600	2,274	0,866
21,650	2,296	0,866
21,700	2,314	0,866
21,750	2,331	0,866
21,800	2,348	0,866
21,850	2,370	0,867
21,900	2,394	0,866
21,950	2,415	0,866
22,000	2,432	0,866
22,050	2,443	0,866
22,100	2,453	0,866
22,150	2,464	0,866
22,200	2,479	0,866
22,250	2,498	0,866
22,300	2,516	0,866
22,350	2,533	0,867
22,400	2,546	0,866
22,450	2,553	0,867
22,500	2,562	0,866
22,550	2,577	0,867
22,600	2,592	0,866
22,650	2,607	0,866
22,700	2,622	0,866
22,750	2,643	0,867
22,800	2,672	0,866
22,850	2,703	0,867
22,900	2,728	0,866
22,950	2,752	0,867
23,000	2,778	0,866
23,050	2,808	0,867
23,100	2,833	0,866
23,150	2,851	0,867
23,200	2,869	0,866
23,250	2,900	0,867
23,300	2,959	0,866
23,350	3,033	0,867
23,400	3,082	0,866
23,450	3,107	0,867
23,500	3,119	0,866
23,550	3,126	0,867
23,600	3,129	0,866
23,650	3,131	0,867
23,700	3,132	0,866
23,750	3,133	0,867
23,800	3,137	0,866
23,850	3,151	0,867
23,900	3,162	0,866
23,950	3,181	0,867
24,000	3,204	0,867
24,050	3,237	0,867
24,100	3,268	0,867
24,150	3,296	0,868
24,200	3,323	0,867
24,250	3,349	0,867
24,300	3,377	0,866
24,350	3,408	0,867
24,400	3,455	0,867
24,450	3,500	0,867
24,500	3,523	0,867
24,550	3,537	0,867
24,600	3,550	0,867
24,650	3,569	0,867
24,700	3,591	0,867
24,750	3,611	0,868
24,800	3,633	0,867
24,850	3,660	0,868
24,900	3,684	0,867
24,950	3,707	0,868
25,000	3,736	0,867
25,050	3,766	0,868
25,100	3,782	0,867
25,150	3,792	0,868
25,200	3,796	0,867
25,250	3,800	0,867
25,300	3,809	0,867
25,350	3,826	0,867
25,400	3,850	0,867
25,450	3,877	0,868
25,500	3,906	0,867
25,550	3,938	0,868
25,600	3,970	0,867
25,650	3,998	0,868
25,700	4,016	0,867
25,750	4,031	0,868
25,800	4,050	0,867
25,850	4,073	0,867
25,900	4,101	0,867
25,950	4,132	0,868
26,000	4,168	0,867
26,050	4,200	0,868
26,100	4,224	0,867
26,150	4,247	0,868
26,200	4,267	0,867
26,250	4,287	0,868
26,300	4,307	0,867
26,350	4,329	0,868
26,400	4,349	0,868
26,450	4,367	0,868
26,500	4,385	0,867
26,550	4,405	0,868
26,600	4,426	0,867
26,650	4,446	0,868
26,700	4,464	0,868
26,750	4,482	0,868
26,800	4,498	0,867
26,850	4,524	0,868
26,900	4,556	0,867
26,950	4,584	0,868
27,000	4,605	0,868
27,050	4,624	0,868
27,100	4,639	0,867
27,150	4,656	0,868
27,200	4,676	0,868
27,250	4,701	0,868
27,300	4,725	0,868
27,350	4,744	0,868
27,400	4,761	0,867
27,450	4,782	0,868
27,500	4,810	0,868
27,550	4,838	0,868
27,600	4,863	0,868
27,650	4,884	0,868
27,700	4,903	0,868
27,750	4,920	0,868
27,800	4,929	0,868
27,850	4,934	0,868
27,900	4,936	0,868
27,950	4,939	0,868
28,000	4,940	0,868
28,050	4,941	0,868
28,100	4,940	0,868
28,150	4,941	0,868
28,200	4,941	0,868
28,250	4,941	0,869
28,300	4,940	0,868
28,350	4,943	0,868
28,400	4,955	0,868
28,450	4,992	0,868
28,500	5,027	0,868
28,550	5,047	0,868
28,600	5,055	0,868
28,650	5,066	0,868
28,700	5,084	0,868
28,750	5,102	0,868
28,800	5,110	0,868
28,850	5,115	0,868
28,900	5,119	0,868
28,950	5,130	0,868
29,000	5,150	0,868
29,050	5,169	0,868
29,100	5,181	0,868
29,150	5,187	0,868
29,200	5,190	0,868
29,250	5,192	0,868
29,300	5,194	0,868
29,350	5,203	0,868
29,400	5,211	0,868
29,450	5,222	0,868
29,500	5,240	0,868
29,550	5,261	0,868
29,600	5,273	0,868
29,650	5,286	0,868
29,700	5,300	0,868
29,750	5,318	0,868
29,800	5,327	0,868
29,850	5,338	0,868
29,900	5,356	0,868
29,950	5,378	0,868
30,000	5,396	0,868
30,050	5,414	0,869
30,100	5,430	0,868
30,150	5,449	0,868
30,200	5,472	0,868
30,250	5,503	0,868
30,300	5,534	0,868
30,350	5,559	0,868
30,400	5,582	0,868
30,450	5,610	0,868
30,500	5,635	0,868
30,550	5,651	0,868
30,600	5,665	0,868
30,650	5,679	0,868
30,700	5,690	0,868
30,750	5,696	0,868
30,800	5,699	0,868
30,850	5,700	0,868
30,900	5,703	0,868
30,950	5,714	0,868
31,000	5,733	0,868
31,050	5,752	0,868
31,100	5,763	0,868
31,150	5,769	0,868
31,200	5,773	0,868
31,250	5,782	0,868
31,300	5,793	0,868
31,350	5,804	0,868
31,400	5,816	0,868
31,450	5,823	0,869
31,500	5,826	0,868
31,550	5,830	0,868
31,600	5,845	0,868
31,650	5,865	0,868
31,700	5,876	0,868
31,750	5,881	0,868
31,800	5,883	0,868
31,850	5,885	0,868
31,900	5,887	0,868
31,950	5,902	0,868
32,000	5,935	0,868
32,050	5,964	0,868
32,100	5,979	0,868
32,150	5,986	0,868
32,200	5,991	0,868
32,250	6,005	0,868
32,300	6,029	0,868
32,350	6,062	0,868
32,400	6,097	0,868
32,450	6,124	0,868
32,500	6,140	0,868
32,550	6,148	0,868
32,600	6,154	0,868
32,650	6,168	0,868
32,700	6,192	0,869
32,750	6,211	0,868
32,800	6,221	0,868
32,850	6,226	0,868
32,900	6,228	0,868
32,950	6,233	0,868
33,000	6,244	0,869
33,050	6,260	0,868
33,100	6,273	0,868
33,150	6,285	0,868
33,200	6,294	0,869
33,250	6,303	0,868
33,300	6,327	0,869
33,350	6,350	0,869
33,400	6,363	0,868
33,450	6,371	0,868
33,500	6,381	0,869
33,550	6,388	0,868
33,600	6,396	0,869
33,650	6,407	0,868
33,700	6,419	0,869
33,750	6,426	0,868
33,800	6,436	0,869
33,850	6,443	0,869
33,900	6,452	0,868
33,950	6,467	0,868
34,000	6,476	0,868
34,050	6,480	0,868
34,100	6,483	0,869
34,150	6,485	0,868
34,200	6,494	0,868
34,250	6,509	0,868
34,300	6,527	0,869
34,350	6,547	0,868
34,400	6,569	0,869
34,450	6,581	0,868
34,500	6,589	0,869
34,550	6,592	0,868
34,600	6,594	0,869
34,650	6,595	0,868
34,700	6,598	0,869
34,750	6,606	0,868
34,800	6,617	0,868
34,850	6,629	0,868
34,900	6,646	0,869
34,950	6,664	0,868
35,000	6,675	0,869
35,050	6,681	0,868
35,100	6,684	0,869
35,150	6,690	0,868
35,200	6,698	0,869
35,250	6,708	0,868
35,300	6,724	0,869
35,350	6,733	0,868
35,400	6,739	0,869
35,450	6,742	0,868
35,500	6,744	0,869
35,550	6,744	0,868
35,600	6,745	0,869
35,650	6,745	0,868
35,700	6,745	0,869
35,750	6,745	0,868
35,800	6,746	0,869
35,850	6,745	0,868
35,900	6,746	0,869
35,950	6,745	0,868
36,000	6,746	0,869
36,050	6,746	0,868
36,100	6,746	0,869
36,150	6,746	0,868
36,200	6,746	0,869
36,250	6,746	0,868
36,300	6,746	0,869
36,350	6,746	0,868
36,400	6,747	0,869
36,450	6,746	0,869
36,500	6,745	0,869
36,550	6,742	0,868
36,600	6,730	0,869
36,650	6,710	0,868
36,700	6,688	0,869
36,750	6,669	0,868
36,800	6,650	0,869
36,850	6,622	0,868
36,900	6,589	0,869
36,950	6,552	0,868
37,000	6,521	0,869
37,050	6,492	0,868
37,100	6,468	0,869
37,150	6,439	0,868
37,200	6,410	0,869
37,250	6,380	0,868
37,300	6,354	0,869
37,350	6,329	0,868
37,400	6,306	0,869
37,450	6,277	0,868
37,500	6,247	0,869
37,550	6,211	0,868
37,600	6,169	0,868
37,650	6,107	0,867
37,700	6,042	0,869
37,750	5,994	0,868
37,800	5,964	0,868
37,850	5,947	0,868
37,900	5,938	0,868
37,950	5,921	0,868
38,000	5,896	0,868
38,050	5,869	0,868
38,100	5,847	0,868
38,150	5,833	0,867
38,200	5,818	0,868
38,250	5,795	0,868
38,300	5,766	0,868
38,350	5,737	0,868
38,400	5,710	0,868
38,450	5,683	0,868
38,500	5,658	0,868
38,550	5,627	0,868
38,600	5,590	0,868
38,650	5,550	0,867
38,700	5,514	0,868
38,750	5,479	0,868
38,800	5,452	0,868
38,850	5,431	0,867
38,900	5,406	0,868
38,950	5,373	0,867
39,000	5,339	0,868
39,050	5,303	0,867
39,100	5,279	0,868
39,150	5,252	0,868
39,200	5,218	0,868
39,250	5,184	0,867
39,300	5,143	0,868
39,350	5,089	0,867
39,400	5,034	0,868
39,450	4,989	0,867
39,500	4,955	0,868
39,550	4,926	0,867
39,600	4,897	0,868
39,650	4,864	0,867
39,700	4,829	0,868
39,750	4,794	0,867
39,800	4,764	0,868
39,850	4,734	0,867
39,900	4,706	0,868
39,950	4,673	0,867
40,000	4,639	0,868
40,050	4,608	0,867
40,100	4,582	0,868
40,150	4,555	0,867
40,200	4,531	0,868
40,250	4,504	0,867
40,300	4,474	0,868
40,350	4,440	0,867
40,400	4,415	0,867
40,450	4,391	0,867
40,500	4,372	0,868
40,550	4,353	0,867
40,600	4,330	0,868
40,650	4,301	0,867
40,700	4,269	0,868
40,750	4,237	0,867
40,800	4,216	0,868
40,850	4,196	0,867
40,900	4,171	0,867
40,950	4,138	0,866
41,000	4,104	0,867
41,050	4,076	0,867
41,100	4,057	0,868
41,150	4,038	0,867
41,200	4,019	0,867
41,250	3,996	0,867
41,300	3,972	0,867
41,350	3,946	0,867
41,400	3,918	0,867
41,450	3,885	0,866
41,500	3,849	0,867
41,550	3,809	0,866
41,600	3,771	0,867
41,650	3,733	0,866
41,700	3,692	0,868
41,750	3,642	0,866
41,800	3,599	0,867
41,850	3,574	0,866
41,900	3,562	0,867
41,950	3,555	0,866
42,000	3,553	0,867
42,050	3,550	0,866
42,100	3,550	0,867
42,150	3,549	0,866
42,200	3,549	0,868
42,250	3,548	0,866
42,300	3,545	0,867
42,350	3,518	0,866
42,400	3,471	0,867
42,450	3,438	0,866
42,500	3,411	0,867
42,550	3,373	0,866
42,600	3,333	0,867
42,650	3,287	0,866
42,700	3,243	0,867
42,750	3,209	0,866
42,800	3,183	0,867
42,850	3,157	0,866
42,900	3,126	0,867
42,950	3,089	0,866
43,000	3,058	0,867
43,050	3,029	0,866
43,100	2,996	0,867
43,150	2,959	0,866
43,200	2,923	0,867
43,250	2,891	0,866
43,300	2,860	0,867
43,350	2,825	0,866
43,400	2,789	0,867
43,450	2,746	0,866
43,500	2,707	0,866
43,550	2,675	0,866
43,600	2,648	0,867
43,650	2,617	0,866
43,700	2,580	0,866
43,750	2,542	0,866
43,800	2,504	0,867
43,850	2,464	0,865
43,900	2,426	0,867
43,950	2,396	0,865
44,000	2,375	0,866
44,050	2,362	0,865
44,100	2,356	0,867
44,150	2,352	0,865
44,200	2,351	0,866
44,250	2,349	0,865
44,300	2,350	0,866
44,350	2,352	0,866
44,400	2,367	0,867
44,450	2,380	0,865
44,500	2,390	0,866
44,550	2,386	0,865
44,600	2,356	0,866
44,650	2,323	0,865
44,700	2,291	0,866
44,750	2,264	0,866
44,800	2,234	0,866
44,850	2,187	0,866
44,900	2,123	0,866
44,950	2,059	0,865
45,000	2,009	0,866
45,050	1,973	0,865
45,100	1,943	0,866
45,150	1,903	0,865
45,200	1,864	0,866
45,250	1,825	0,865
45,300	1,782	0,866
45,350	1,743	0,865
45,400	1,715	0,866
45,450	1,686	0,865
45,500	1,653	0,866
45,550	1,618	0,865
45,600	1,586	0,866
45,650	1,560	0,865
45,700	1,546	0,866
45,750	1,535	0,865
45,800	1,522	0,865
45,850	1,503	0,865
45,900	1,484	0,866
45,950	1,464	0,865
46,000	1,452	0,866
46,050	1,439	0,865
46,100	1,424	0,865
46,150	1,401	0,864
46,200	1,373	0,866
46,250	1,342	0,864
46,300	1,315	0,865
46,350	1,289	0,864
46,400	1,261	0,865
46,450	1,233	0,865
46,500	1,204	0,865
46,550	1,173	0,864
46,600	1,139	0,865
46,650	1,105	0,864
46,700	1,073	0,865
46,750	1,042	0,864
46,800	1,011	0,865
46,850	0,976	0,864
46,900	0,941	0,865
46,950	0,909	0,864
47,000	0,881	0,865
47,050	0,852	0,864
47,100	0,826	0,865
47,150	0,800	0,864
47,200	0,776	0,864
47,250	0,748	0,864
47,300	0,719	0,865
47,350	0,692	0,864
47,400	0,670	0,865
47,450	0,649	0,864
47,500	0,633	0,865
47,550	0,619	0,864
47,600	0,600	0,865
47,650	0,589	0,864
47,700	0,584	0,865
47,750	0,581	0,864
47,800	0,580	0,865
47,850	0,578	0,864
47,900	0,579	0,865
47,950	0,577	0,863
48,000	0,578	0,865
48,050	0,571	0,864
48,100	0,561	0,865
48,150	0,544	0,863
48,200	0,524	0,864
48,250	0,480	0,864
48,300	0,416	0,864
48,350	0,348	0,863
48,400	0,283	0,864
48,450	0,230	0,863
48,500	0,193	0,864
48,550	0,165	0,863
48,600	0,137	0,864
48,650	0,095	0,863
48,700	0,044	0,864
48,750	0,002	0,863
48,800	-0,022	0,864
48,850	-0,034	0,863
48,900	-0,043	0,864
48,950	-0,047	0,863
49,000	-0,050	0,864
49,050	-0,051	0,863
49,100	-0,052	0,864
49,150	-0,052	0,862
49,200	-0,052	0,864
49,250	-0,052	0,863
49,300	-0,052	0,864
49,350	-0,052	0,863
49,400	-0,052	0,864
49,450	-0,053	0,863
49,500	-0,053	0,864
49,550	-0,053	0,863
49,600	-0,053	0,864
49,650	-0,053	0,863
49,700	-0,053	0,864
49,750	-0,053	0,863
49,800	-0,053	0,864
49,850	-0,053	0,863
49,900	-0,053	0,864
49,950	-0,053	0,863
50,000	-0,053	0,864
50,050	-0,053	0,863
50,100	-0,053	0,864
50,150	-0,053	0,863
50,200	-0,053	0,864
50,250	-0,054	0,863
50,300	-0,053	0,864
50,350	-0,054	0,862
50,400	-0,054	0,864
50,450	-0,054	0,862
50,500	-0,054	0,864
50,550	-0,053	0,863
50,600	-0,053	0,864
50,650	-0,053	0,863
50,700	-0,054	0,864
50,750	-0,054	0,862
50,800	-0,054	0,864
50,850	-0,054	0,862
50,900	-0,054	0,863
50,950	-0,054	0,862
51,000	-0,054	0,864
51,050	-0,054	0,863
51,100	-0,054	0,864
51,150	-0,054	0,863
51,200	-0,054	0,864
51,250	-0,054	0,863
51,300	-0,054	0,864
51,350	-0,054	0,863
51,400	-0,054	0,864
51,450	-0,053	0,863
51,500	-0,054	0,864
51,550	-0,054	0,863
51,600	-0,054	0,863
51,650	-0,054	0,863
51,700	-0,054	0,864
51,750	-0,054	0,863
51,800	-0,006	0,864
51,850	0,062	0,862
51,900	0,059	0,863
51,950	0,058	0,863
52,000	0,057	0,863
52,050	0,057	0,862
52,100	0,057	0,863
52,150	0,057	0,863
52,200	0,057	0,864
52,250	0,057	0,862
52,300	0,057	0,864
52,350	0,057	0,862
52,400	0,057	0,864
52,450	0,057	0,863
52,500	0,057	0,864
52,550	0,057	0,862
52,600	0,057	0,864
52,650	0,057	0,862
52,700	0,057	0,863
52,750	0,057	0,862
52,800	0,057	0,863
52,850	0,057	0,863
52,900	0,057	0,864
52,950	0,057	0,863
53,000	0,057	0,863
53,050	0,057	0,862
53,100	0,057	0,864
53,150	0,057	0,863
53,200	0,057	0,864
53,250	0,057	0,863
53,300	0,057	0,863
53,350	0,057	0,862
53,400	0,057	0,863
53,450	0,057	0,862
53,500	0,057	0,863
53,550	0,057	0,863
53,600	0,057	0,864
53,650	0,057	0,863
53,700	0,057	0,864
53,750	0,057	0,862
53,800	0,057	0,864
53,850	0,057	0,862
53,900	0,057	0,863
53,950	0,057	0,863
54,000	0,057	0,863
54,050	0,057	0,862
54,100	0,057	0,864
54,150	0,055	0,863
54,200	0,049	0,863
54,250	0,045	0,863
54,300	0,037	0,864
54,350	0,031	0,862
54,400	0,019	0,864
54,450	8,209E-4	0,862
54,500	-0,019	0,864
54,550	-0,040	0,863
54,600	-0,064	0,863
54,650	-0,086	0,862
54,700	-0,104	0,864
54,750	-0,120	0,862
54,800	-0,129	0,864
54,850	-0,142	0,862
54,900	-0,159	0,863
54,950	-0,178	0,862
55,000	-0,195	0,863
55,050	-0,209	0,862
55,100	-0,221	0,863
55,150	-0,232	0,862
55,200	-0,247	0,863
55,250	-0,266	0,862
55,300	-0,283	0,863
55,350	-0,302	0,862
55,400	-0,323	0,863
55,450	-0,338	0,862
55,500	-0,351	0,863
55,550	-0,362	0,862
55,600	-0,375	0,863
55,650	-0,390	0,862
55,700	-0,407	0,863
55,750	-0,423	0,861
55,800	-0,439	0,863
55,850	-0,458	0,862
55,900	-0,477	0,863
55,950	-0,498	0,862
56,000	-0,521	0,862
56,050	-0,541	0,861
56,100	-0,558	0,863
56,150	-0,568	0,861
56,200	-0,579	0,862
56,250	-0,588	0,861
56,300	-0,599	0,862
56,350	-0,610	0,861
56,400	-0,626	0,863
56,450	-0,644	0,861
56,500	-0,665	0,863
56,550	-0,682	0,861
56,600	-0,697	0,862
56,650	-0,707	0,860
56,700	-0,718	0,862
56,750	-0,727	0,861
56,800	-0,740	0,861
56,850	-0,754	0,861
56,900	-0,769	0,862
56,950	-0,778	0,860
57,000	-0,789	0,861
57,050	-0,801	0,860
57,100	-0,827	0,861
57,150	-0,850	0,860
57,200	-0,863	0,861
57,250	-0,868	0,860
57,300	-0,872	0,861
57,350	-0,873	0,860
57,400	-0,874	0,860
57,450	-0,874	0,860
57,500	-0,875	0,860
57,550	-0,875	0,859
57,600	-0,875	0,860
57,650	-0,875	0,859
57,700	-0,875	0,860
57,750	-0,879	0,859
57,800	-0,897	0,860
57,850	-0,925	0,859
57,900	-0,955	0,860
57,950	-0,982	0,858
58,000	-1,007	0,859
58,050	-1,031	0,857
58,100	-1,054	0,857
58,150	-1,071	0,854
58,200	-1,081	0,853
58,250	-1,087	0,848
58,300	-1,091	0,844
58,350	-1,094	0,837
58,400	-1,098	0,830
58,450	-1,103	0,819
58,500	-1,107	0,807
58,550	-1,108	0,790
58,600	-1,108	0,772
58,650	-1,109	0,749
58,700	-1,114	0,724
58,750	-1,120	0,695
58,800	-1,128	0,663
58,850	-1,141	0,627
58,900	-1,157	0,590
58,950	-1,168	0,549
59,000	-1,175	0,508
59,050	-1,182	0,464
59,100	-1,193	0,421
59,150	-1,206	0,374
59,200	-1,218	0,329
59,250	-1,229	0,281
59,300	-1,244	0,235
59,350	-1,258	0,188
59,400	-1,277	0,143
59,450	-1,303	0,097
59,500	-1,345	0,055
59,550	-1,461	0,018
59,600	-1,793	-6,094E-4
59,650	-1,596	-0,002
59,700	-1,441	-7,852E-4
59,750	-1,362	-0,001
59,800	-1,323	-5,789E-4
59,850	-1,303	-0,001
59,900	-1,293	-4,849E-4
59,950	-1,287	-0,001
60,000	-1,288	-5,996E-4
60,050	-1,293	-0,001
60,100	-1,298	-5,703E-4
60,150	-1,306	-0,001
60,200	-1,312	-4,373E-4
60,250	-1,314	-0,001
60,300	-1,315	-4,080E-4
60,350	-1,316	-9,988E-4
60,400	-1,316	5,859E-6
60,450	-1,323	-0,001
60,500	-1,328	-6,982E-5
60,550	-1,332	-0,001
60,600	-1,341	-3,213E-4
60,650	-1,352	-9,963E-4
60,700	-1,364	-4,043E-4
60,750	-1,376	-0,001
60,800	-1,392	-4,214E-4
60,850	-1,409	-9,780E-4
60,900	-1,432	-2,100E-5
60,950	-1,460	-0,001
61,000	-1,484	-5,640E-5
61,050	-1,497	-0,001
61,100	-1,508	-1,992E-4
61,150	-1,521	-9,695E-4
61,200	-1,537	4,614E-5
61,250	-1,558	-0,001
61,300	-1,580	5,835E-5
61,350	-1,598	-7,998E-4
61,400	-1,608	2,173E-5
61,450	-1,613	-0,001
61,500	-1,624	-3,225E-4
61,550	-1,641	-0,001
61,600	-1,672	5,957E-5
61,650	-1,705	-0,001
61,700	-1,729	-1,528E-4
61,750	-1,745	-0,001
61,800	-1,758	-2,114E-4
61,850	-1,773	-0,001
61,900	-1,793	-1,465E-6
61,950	-1,820	-0,001
62,000	-1,843	-1,553E-4
62,050	-1,863	-0,001
62,100	-1,883	-5,361E-4
62,150	-1,907	-0,001
62,200	-1,936	-3,604E-4
62,250	-1,969	-0,001
62,300	-2,008	-7,058E-4
62,350	-2,035	-0,001
62,400	-2,049	-6,802E-4
62,450	-2,055	-0,001
62,500	-2,052	-4,995E-4
62,550	-2,049	-0,001
62,600	-2,047	-3,042E-4
62,650	-2,046	-0,001
62,700	-2,046	-5,483E-4
62,750	-2,053	-0,001
62,800	-2,058	-8,425E-4
62,850	-2,063	-0,002
62,900	-2,081	-6,155E-4
62,950	-2,098	-0,002
63,000	-2,107	-6,912E-4
63,050	-2,112	-0,002
63,100	-2,114	-5,251E-4
63,150	-2,115	-0,001
63,200	-2,115	-5,190E-4
63,250	-2,121	-9,963E-4
63,300	-2,128	-6,008E-4
63,350	-2,138	-0,002
63,400	-2,153	-6,130E-4
63,450	-2,169	-0,001
63,500	-2,185	-7,620E-4
63,550	-2,199	-0,002
63,600	-2,211	-0,001
63,650	-2,218	-0,001
63,700	-2,230	-5,874E-4
63,750	-2,248	-0,002
63,800	-2,268	-6,179E-4
63,850	-2,289	-0,002
63,900	-2,301	-0,001
63,950	-2,311	-0,002
64,000	-2,322	-0,001
64,050	-2,337	-0,002
64,100	-2,356	-0,001
64,150	-2,376	-0,002
64,200	-2,391	-0,001
64,250	-2,404	-0,002
64,300	-2,416	-0,001
64,350	-2,431	-0,002
64,400	-2,449	-0,001
64,450	-2,469	-0,002
64,500	-2,493	-0,001
64,550	-2,518	-0,002
64,600	-2,538	-0,001
64,650	-2,555	-0,002
64,700	-2,575	-0,001
64,750	-2,598	-0,002
64,800	-2,621	-0,001
64,850	-2,653	-0,002
64,900	-2,704	-0,001
64,950	-2,748	-0,002
65,000	-2,771	-0,002
65,050	-2,786	-0,002
65,100	-2,799	-0,001
65,150	-2,812	-0,002
65,200	-2,819	-0,002
65,250	-2,822	-0,002
65,300	-2,832	-0,002
65,350	-2,846	-0,002
65,400	-2,859	-0,002
65,450	-2,871	-0,002
65,500	-2,888	-0,002
65,550	-2,905	-0,002
65,600	-2,918	-0,002
65,650	-2,932	-0,003
65,700	-2,945	-0,002
65,750	-2,961	-0,002
65,800	-2,980	-0,002
65,850	-3,002	-0,003
65,900	-3,026	-0,002
65,950	-3,042	-0,002
66,000	-3,057	-0,002
66,050	-3,073	-0,002
66,100	-3,089	-0,002
66,150	-3,107	-0,003
66,200	-3,125	-0,002
66,250	-3,144	-0,003
66,300	-3,161	-0,002
66,350	-3,174	-0,002
66,400	-3,188	-0,002
66,450	-3,202	-0,003
66,500	-3,210	-0,002
66,550	-3,221	-0,003
66,600	-3,230	-0,002
66,650	-3,241	-0,002
66,700	-3,247	-0,002
66,750	-3,250	-0,002
66,800	-3,251	-0,002
66,850	-3,253	-0,003
66,900	-3,252	-0,002
66,950	-3,253	-0,003
67,000	-3,252	-0,002
67,050	-3,253	-0,003
67,100	-3,252	-0,002
67,150	-3,253	-0,003
67,200	-3,255	-0,002
67,250	-3,281	-0,003
67,300	-3,344	-0,002
67,350	-3,420	-0,003
67,400	-3,483	-0,002
67,450	-3,534	-0,003
67,500	-3,574	-0,002
67,550	-3,610	-0,003
67,600	-3,638	-0,002
67,650	-3,660	-0,003
67,700	-3,679	-0,002
67,750	-3,697	-0,003
67,800	-3,715	-0,003
67,850	-3,737	-0,003
67,900	-3,753	-0,003
67,950	-3,769	-0,003
68,000	-3,779	-0,003
68,050	-3,795	-0,003
68,100	-3,819	-0,003
68,150	-3,850	-0,003
68,200	-3,881	-0,003
68,250	-3,907	-0,003
68,300	-3,928	-0,003
68,350	-3,954	-0,003
68,400	-3,977	-0,003
68,450	-4,004	-0,003
68,500	-4,031	-0,003
68,550	-4,061	-0,003
68,600	-4,089	-0,003
68,650	-4,115	-0,003
68,700	-4,144	-0,003
68,750	-4,178	-0,003
68,800	-4,207	-0,003
68,850	-4,237	-0,003
68,900	-4,262	-0,003
68,950	-4,287	-0,003
69,000	-4,318	-0,003
69,050	-4,350	-0,003
69,100	-4,376	-0,003
69,150	-4,395	-0,003
69,200	-4,411	-0,003
69,250	-4,427	-0,003
69,300	-4,443	-0,003
69,350	-4,467	-0,003
69,400	-4,506	-0,003
69,450	-4,554	-0,004
69,500	-4,587	-0,003
69,550	-4,605	-0,004
69,600	-4,616	-0,003
69,650	-4,628	-0,004
69,700	-4,638	-0,003
69,750	-4,655	-0,004
69,800	-4,685	-0,004
69,850	-4,731	-0,004
69,900	-4,765	-0,004
69,950	-4,783	-0,004
70,000	-4,791	-0,004
70,050	-4,796	-0,004
70,100	-4,798	-0,004
70,150	-4,800	-0,004
70,200	-4,799	-0,003
70,250	-4,801	-0,004
70,300	-4,803	-0,004
70,350	-4,843	-0,004
70,400	-4,929	-0,004
70,450	-4,998	-0,004
70,500	-5,032	-0,004
70,550	-5,051	-0,004
70,600	-5,075	-0,004
70,650	-5,103	-0,004
70,700	-5,125	-0,004
70,750	-5,152	-0,004
70,800	-5,174	-0,004
70,850	-5,197	-0,004
70,900	-5,219	-0,004
70,950	-5,244	-0,004
71,000	-5,268	-0,004
71,050	-5,296	-0,004
71,100	-5,328	-0,004
71,150	-5,352	-0,004
71,200	-5,373	-0,003
71,250	-5,399	-0,004
71,300	-5,432	-0,004
71,350	-5,474	-0,004
71,400	-5,522	-0,004
71,450	-5,576	-0,004
71,500	-5,625	-0,004
71,550	-5,671	-0,004
71,600	-5,702	-0,004
71,650	-5,725	-0,004
71,700	-5,739	-0,004
71,750	-5,753	-0,004
71,800	-5,770	-0,004
71,850	-5,802	-0,004
71,900	-5,855	-0,004
71,950	-5,923	-0,004
72,000	-5,959	-0,004
72,050	-5,979	-0,004
72,100	-5,988	-0,004
72,150	-5,993	-0,004
72,200	-5,995	-0,004
72,250	-5,998	-0,004
72,300	-5,997	-0,004
72,350	-6,002	-0,004
72,400	-6,030	-0,004
72,450	-6,088	-0,004
72,500	-6,134	-0,005
72,550	-6,175	-0,004
72,600	-6,213	-0,004
72,650	-6,249	-0,004
72,700	-6,279	-0,004
72,750	-6,304	-0,005
72,800	-6,326	-0,005
72,850	-6,351	-0,004
72,900	-6,376	-0,004
72,950	-6,404	-0,004
73,000	-6,434	-0,005
73,050	-6,461	-0,005
73,100	-6,485	-0,005
73,150	-6,511	-0,004
73,200	-6,538	-0,005
73,250	-6,565	-0,004
73,300	-6,589	-0,005
73,350	-6,612	-0,004
73,400	-6,634	-0,005
73,450	-6,661	-0,005
73,500	-6,693	-0,005
73,550	-6,716	-0,005
73,600	-6,733	-0,005
73,650	-6,744	-0,005
73,700	-6,750	-0,005
73,750	-6,760	-0,004
73,800	-6,768	-0,005
73,850	-6,779	-0,005
73,900	-6,787	-0,005
73,950	-6,798	-0,005
74,000	-6,806	-0,005
74,050	-6,816	-0,004
74,100	-6,821	-0,005
74,150	-6,824	-0,005
74,200	-6,824	-0,005
74,250	-6,825	-0,004
74,300	-6,825	-0,005
74,350	-6,826	-0,004
74,400	-6,826	-0,005
74,450	-6,827	-0,005
74,500	-6,827	-0,005
74,550	-6,827	-0,005
74,600	-6,827	-0,005
74,650	-6,827	-0,005
74,700	-6,827	-0,005
74,750	-6,827	-0,004
74,800	-6,827	-0,005
