Zeit (s) Messreihe #2	Spannung, Ch A (V) Messreihe #2	Spannung, Ch B (V) Messreihe #2
0,000	6,687	-0,004
0,050	6,687	-0,004
0,100	6,686	-0,004
0,150	6,687	-0,004
0,200	6,686	-0,004
0,250	6,687	-0,004
0,300	6,686	-0,005
0,350	6,687	-0,003
0,400	6,686	-0,004
0,450	6,687	-0,004
0,500	6,686	-0,004
0,550	6,687	-0,004
0,600	6,686	-0,004
0,650	6,686	-0,004
0,700	6,686	-0,004
0,750	6,687	-0,004
0,800	6,686	-0,005
0,850	6,687	-0,004
0,900	6,686	-0,004
0,950	6,687	-0,004
1,000	6,686	-0,004
1,050	6,686	-0,004
1,100	6,686	-0,005
1,150	6,686	-0,004
1,200	6,687	-0,004
1,250	6,687	-0,004
1,300	6,687	-0,004
1,350	6,687	-0,004
1,400	6,687	-0,004
1,450	6,687	-0,004
1,500	6,687	-0,004
1,550	6,687	-0,004
1,600	6,686	-0,004
1,650	6,686	-0,004
1,700	6,686	-0,004
1,750	6,686	-0,004
1,800	6,686	-0,004
1,850	6,686	-0,004
1,900	6,686	-0,005
1,950	6,686	-0,004
2,000	6,684	-0,004
2,050	6,669	-0,004
2,100	6,652	-0,005
2,150	6,636	-0,004
2,200	6,626	-0,005
2,250	6,621	-0,004
2,300	6,618	-0,005
2,350	6,616	-0,004
2,400	6,608	-0,005
2,450	6,601	-0,005
2,500	6,599	-0,005
2,550	6,598	-0,004
2,600	6,593	-0,005
2,650	6,585	-0,005
2,700	6,578	-0,005
2,750	6,569	-0,005
2,800	6,561	-0,005
2,850	6,553	-0,005
2,900	6,548	-0,005
2,950	6,545	-0,005
3,000	6,539	-0,005
3,050	6,532	-0,005
3,100	6,529	-0,005
3,150	6,521	-0,005
3,200	6,514	-0,006
3,250	6,511	-0,005
3,300	6,509	-0,005
3,350	6,507	-0,005
3,400	6,499	-0,005
3,450	6,494	-0,005
3,500	6,485	-0,006
3,550	6,478	-0,006
3,600	6,474	-0,006
3,650	6,472	-0,006
3,700	6,469	-0,006
3,750	6,461	-0,006
3,800	6,456	-0,006
3,850	6,446	-0,006
3,900	6,440	-0,006
3,950	6,434	-0,006
4,000	6,426	-0,006
4,050	6,418	-0,006
4,100	6,409	-0,006
4,150	6,403	-0,006
4,200	6,393	-0,006
4,250	6,385	-0,006
4,300	6,375	-0,006
4,350	6,368	-0,007
4,400	6,359	-0,006
4,450	6,352	-0,007
4,500	6,348	-0,007
4,550	6,345	-0,006
4,600	6,337	-0,007
4,650	6,332	-0,007
4,700	6,327	-0,007
4,750	6,318	-0,007
4,800	6,313	-0,007
4,850	6,306	-0,007
4,900	6,298	-0,007
4,950	6,288	-0,007
5,000	6,278	-0,007
5,050	6,265	-0,007
5,100	6,251	-0,007
5,150	6,243	-0,007
5,200	6,232	-0,007
5,250	6,224	-0,008
5,300	6,222	-0,008
5,350	6,216	-0,008
5,400	6,208	-0,007
5,450	6,198	-0,008
5,500	6,185	-0,008
5,550	6,174	-0,008
5,600	6,169	-0,008
5,650	6,164	-0,008
5,700	6,156	-0,008
5,750	6,151	-0,008
5,800	6,148	-0,008
5,850	6,140	-0,009
5,900	6,133	-0,008
5,950	6,122	-0,009
6,000	6,116	-0,008
6,050	6,113	-0,008
6,100	6,110	-0,008
6,150	6,102	-0,009
6,200	6,095	-0,009
6,250	6,084	-0,009
6,300	6,072	-0,009
6,350	6,063	-0,010
6,400	6,059	-0,009
6,450	6,049	-0,009
6,500	6,044	-0,009
6,550	6,040	-0,010
6,600	6,032	-0,009
6,650	6,018	-0,009
6,700	6,010	-0,009
6,750	6,005	-0,010
6,800	6,003	-0,009
6,850	6,002	-0,010
6,900	5,995	-0,009
6,950	5,989	-0,010
7,000	5,986	-0,009
7,050	5,982	-0,010
7,100	5,974	-0,009
7,150	5,965	-0,010
7,200	5,956	-0,010
7,250	5,944	-0,010
7,300	5,930	-0,010
7,350	5,920	-0,011
7,400	5,915	-0,010
7,450	5,905	-0,010
7,500	5,899	-0,010
7,550	5,895	-0,011
7,600	5,887	-0,010
7,650	5,875	-0,011
7,700	5,866	-0,010
7,750	5,856	-0,011
7,800	5,846	-0,011
7,850	5,834	-0,011
7,900	5,821	-0,011
7,950	5,812	-0,012
8,000	5,804	-0,011
8,050	5,792	-0,011
8,100	5,776	-0,011
8,150	5,762	-0,012
8,200	5,755	-0,011
8,250	5,744	-0,012
8,300	5,738	-0,011
8,350	5,733	-0,012
8,400	5,723	-0,011
8,450	5,709	-0,012
8,500	5,694	-0,012
8,550	5,677	-0,013
8,600	5,667	-0,012
8,650	5,654	-0,013
8,700	5,641	-0,012
8,750	5,631	-0,013
8,800	5,626	-0,012
8,850	5,616	-0,013
8,900	5,608	-0,012
8,950	5,597	-0,013
9,000	5,591	-0,013
9,050	5,581	-0,014
9,100	5,570	-0,013
9,150	5,560	-0,013
9,200	5,548	-0,013
9,250	5,537	-0,014
9,300	5,525	-0,013
9,350	5,511	-0,014
9,400	5,501	-0,013
9,450	5,488	-0,014
9,500	5,474	-0,014
9,550	5,459	-0,015
9,600	5,452	-0,014
9,650	5,442	-0,015
9,700	5,429	-0,014
9,750	5,414	-0,015
9,800	5,402	-0,014
9,850	5,393	-0,015
9,900	5,383	-0,014
9,950	5,377	-0,015
10,000	5,374	-0,015
10,050	5,373	-0,015
10,100	5,372	-0,014
10,150	5,371	-0,016
10,200	5,371	-0,015
10,250	5,371	-0,015
10,300	5,371	-0,014
10,350	5,371	-0,016
10,400	5,371	-0,015
10,450	5,371	-0,016
10,500	5,371	-0,014
10,550	5,371	-0,015
10,600	5,371	-0,015
10,650	5,371	-0,015
10,700	5,371	-0,014
10,750	5,371	-0,016
10,800	5,371	-0,014
10,850	5,371	-0,016
10,900	5,371	-0,014
10,950	5,371	-0,015
11,000	5,371	-0,015
11,050	5,371	-0,015
11,100	5,371	-0,015
11,150	5,371	-0,015
11,200	5,371	-0,015
11,250	5,371	-0,016
11,300	5,371	-0,015
11,350	5,371	-0,016
11,400	5,371	-0,014
11,450	5,371	-0,016
11,500	5,371	-0,015
11,550	5,363	-0,016
11,600	5,341	-0,015
11,650	5,320	-0,016
11,700	5,309	-0,015
11,750	5,303	-0,016
11,800	5,296	-0,015
11,850	5,287	-0,016
11,900	5,284	-0,015
11,950	5,282	-0,016
12,000	5,281	-0,015
12,050	5,274	-0,016
12,100	5,268	-0,016
12,150	5,265	-0,016
12,200	5,260	-0,016
12,250	5,250	-0,017
12,300	5,239	-0,016
12,350	5,232	-0,017
12,400	5,229	-0,016
12,450	5,225	-0,017
12,500	5,216	-0,016
12,550	5,205	-0,017
12,600	5,191	-0,016
12,650	5,181	-0,017
12,700	5,177	-0,016
12,750	5,174	-0,017
12,800	5,169	-0,017
12,850	5,161	-0,018
12,900	5,157	-0,017
12,950	5,148	-0,018
13,000	5,142	-0,017
13,050	5,133	-0,018
13,100	5,126	-0,017
13,150	5,115	-0,018
13,200	5,108	-0,017
13,250	5,104	-0,018
13,300	5,098	-0,017
13,350	5,090	-0,018
13,400	5,080	-0,017
13,450	5,071	-0,019
13,500	5,060	-0,018
13,550	5,051	-0,019
13,600	5,041	-0,017
13,650	5,034	-0,019
13,700	5,026	-0,018
13,750	5,017	-0,019
13,800	5,014	-0,018
13,850	5,012	-0,019
13,900	5,011	-0,018
13,950	5,003	-0,019
14,000	4,993	-0,018
14,050	4,984	-0,019
14,100	4,979	-0,018
14,150	4,977	-0,019
14,200	4,974	-0,019
14,250	4,966	-0,020
14,300	4,957	-0,019
14,350	4,946	-0,020
14,400	4,933	-0,019
14,450	4,918	-0,020
14,500	4,903	-0,019
14,550	4,884	-0,020
14,600	4,867	-0,020
14,650	4,857	-0,021
14,700	4,847	-0,020
14,750	4,839	-0,021
14,800	4,835	-0,020
14,850	4,829	-0,021
14,900	4,817	-0,020
14,950	4,797	-0,021
15,000	4,779	-0,021
15,050	4,769	-0,022
15,100	4,764	-0,021
15,150	4,762	-0,022
15,200	4,760	-0,021
15,250	4,751	-0,022
15,300	4,747	-0,021
15,350	4,744	-0,022
15,400	4,741	-0,021
15,450	4,732	-0,023
15,500	4,728	-0,021
15,550	4,725	-0,022
15,600	4,725	-0,021
15,650	4,720	-0,022
15,700	4,713	-0,021
15,750	4,709	-0,022
15,800	4,708	-0,021
15,850	4,700	-0,023
15,900	4,694	-0,022
15,950	4,691	-0,023
16,000	4,690	-0,022
16,050	4,689	-0,023
16,100	4,686	-0,021
16,150	4,675	-0,023
16,200	4,661	-0,022
16,250	4,647	-0,023
16,300	4,641	-0,022
16,350	4,632	-0,023
16,400	4,625	-0,022
16,450	4,620	-0,023
16,500	4,611	-0,023
16,550	4,601	-0,024
16,600	4,589	-0,023
16,650	4,573	-0,024
16,700	4,555	-0,023
16,750	4,539	-0,024
16,800	4,524	-0,024
16,850	4,510	-0,024
16,900	4,501	-0,024
16,950	4,496	-0,025
17,000	4,495	-0,024
17,050	4,491	-0,025
17,100	4,483	-0,024
17,150	4,477	-0,025
17,200	4,467	-0,024
17,250	4,453	-0,025
17,300	4,446	-0,024
17,350	4,436	-0,026
17,400	4,428	-0,024
17,450	4,417	-0,026
17,500	4,402	-0,025
17,550	4,386	-0,026
17,600	4,369	-0,025
17,650	4,354	-0,026
17,700	4,340	-0,026
17,750	4,326	-0,027
17,800	4,312	-0,026
17,850	4,303	-0,027
17,900	4,291	-0,026
17,950	4,282	-0,028
18,000	4,273	-0,026
18,050	4,266	-0,028
18,100	4,260	-0,027
18,150	4,251	-0,028
18,200	4,241	-0,027
18,250	4,231	-0,028
18,300	4,222	-0,027
18,350	4,213	-0,029
18,400	4,205	-0,027
18,450	4,196	-0,028
18,500	4,191	-0,028
18,550	4,182	-0,029
18,600	4,170	-0,028
18,650	4,155	-0,029
18,700	4,142	-0,028
18,750	4,128	-0,030
18,800	4,115	-0,029
18,850	4,101	-0,030
18,900	4,085	-0,029
18,950	4,068	-0,030
19,000	4,055	-0,030
19,050	4,039	-0,031
19,100	4,022	-0,030
19,150	4,003	-0,031
19,200	3,984	-0,030
19,250	3,968	-0,032
19,300	3,955	-0,031
19,350	3,946	-0,032
19,400	3,935	-0,031
19,450	3,926	-0,032
19,500	3,916	-0,032
19,550	3,909	-0,033
19,600	3,904	-0,032
19,650	3,895	-0,032
19,700	3,887	-0,032
19,750	3,875	-0,033
19,800	3,864	-0,032
19,850	3,849	-0,033
19,900	3,837	-0,032
19,950	3,824	-0,034
20,000	3,811	-0,033
20,050	3,802	-0,034
20,100	3,794	-0,033
20,150	3,783	-0,034
20,200	3,771	-0,034
20,250	3,763	-0,035
20,300	3,751	-0,034
20,350	3,734	-0,035
20,400	3,720	-0,034
20,450	3,711	-0,035
20,500	3,701	-0,035
20,550	3,692	-0,036
20,600	3,680	-0,035
20,650	3,666	-0,036
20,700	3,651	-0,035
20,750	3,636	-0,036
20,800	3,623	-0,035
20,850	3,606	-0,037
20,900	3,585	-0,036
20,950	3,564	-0,038
21,000	3,545	-0,037
21,050	3,528	-0,038
21,100	3,514	-0,038
21,150	3,495	-0,039
21,200	3,475	-0,038
21,250	3,444	-0,039
21,300	3,412	-0,039
21,350	3,388	-0,040
21,400	3,370	-0,040
21,450	3,358	-0,041
21,500	3,353	-0,040
21,550	3,346	-0,041
21,600	3,339	-0,041
21,650	3,330	-0,041
21,700	3,322	-0,041
21,750	3,317	-0,042
21,800	3,315	-0,041
21,850	3,314	-0,042
21,900	3,314	-0,041
21,950	3,313	-0,042
22,000	3,313	-0,041
22,050	3,313	-0,042
22,100	3,308	-0,041
22,150	3,300	-0,042
22,200	3,290	-0,041
22,250	3,283	-0,043
22,300	3,280	-0,041
22,350	3,273	-0,042
22,400	3,266	-0,042
22,450	3,262	-0,043
22,500	3,256	-0,042
22,550	3,247	-0,043
22,600	3,236	-0,042
22,650	3,225	-0,043
22,700	3,216	-0,043
22,750	3,206	-0,044
22,800	3,197	-0,043
22,850	3,192	-0,044
22,900	3,190	-0,043
22,950	3,182	-0,044
23,000	3,167	-0,044
23,050	3,150	-0,045
23,100	3,135	-0,045
23,150	3,120	-0,045
23,200	3,109	-0,045
23,250	3,096	-0,046
23,300	3,080	-0,046
23,350	3,071	-0,046
23,400	3,063	-0,046
23,450	3,054	-0,047
23,500	3,050	-0,046
23,550	3,047	-0,047
23,600	3,046	-0,046
23,650	3,046	-0,047
23,700	3,043	-0,046
23,750	3,030	-0,047
23,800	3,012	-0,047
23,850	3,000	-0,048
23,900	2,995	-0,047
23,950	2,993	-0,048
24,000	2,993	-0,047
24,050	2,992	-0,048
24,100	2,992	-0,047
24,150	2,991	-0,048
24,200	2,992	-0,047
24,250	2,992	-0,048
24,300	2,992	-0,047
24,350	2,992	-0,048
24,400	2,992	-0,047
24,450	2,991	-0,048
24,500	2,992	-0,047
24,550	2,992	-0,048
24,600	2,992	-0,048
24,650	2,991	-0,048
24,700	2,991	-0,048
24,750	2,992	-0,048
24,800	2,992	-0,048
24,850	2,991	-0,048
24,900	2,991	-0,048
24,950	2,991	-0,048
25,000	2,991	-0,048
25,050	2,992	-0,048
25,100	2,991	-0,048
25,150	2,992	-0,048
25,200	2,991	-0,048
25,250	2,991	-0,048
25,300	2,991	-0,048
25,350	2,992	-0,048
25,400	2,992	-0,047
25,450	2,991	-0,048
25,500	2,992	-0,047
25,550	2,991	-0,048
25,600	2,991	-0,048
25,650	2,991	-0,048
25,700	2,991	-0,048
25,750	2,991	-0,048
25,800	2,992	-0,048
25,850	2,992	-0,048
25,900	2,993	-0,048
25,950	2,993	-0,048
26,000	2,994	-0,048
26,050	2,995	-0,048
26,100	2,995	-0,048
26,150	2,994	-0,048
26,200	2,995	-0,048
26,250	2,995	-0,048
26,300	2,994	-0,048
26,350	2,995	-0,048
26,400	2,995	-0,047
26,450	2,995	-0,048
26,500	2,995	-0,048
26,550	2,994	-0,048
26,600	2,995	-0,048
26,650	2,994	-0,048
26,700	2,994	-0,048
26,750	2,994	-0,048
26,800	2,995	-0,047
26,850	2,994	-0,048
26,900	2,994	-0,048
26,950	2,994	-0,048
27,000	2,995	-0,048
27,050	2,994	-0,048
27,100	2,994	-0,048
27,150	2,994	-0,048
27,200	2,994	-0,048
27,250	2,993	-0,048
27,300	2,993	-0,048
27,350	2,992	-0,048
27,400	2,991	-0,048
27,450	2,991	-0,048
27,500	2,991	-0,048
27,550	2,991	-0,048
27,600	2,991	-0,048
27,650	2,984	-0,048
27,700	2,968	-0,048
27,750	2,948	-0,049
27,800	2,933	-0,049
27,850	2,926	-0,049
27,900	2,923	-0,049
27,950	2,921	-0,049
28,000	2,918	-0,049
28,050	2,910	-0,049
28,100	2,899	-0,050
28,150	2,890	-0,050
28,200	2,879	-0,050
28,250	2,862	-0,050
28,300	2,846	-0,051
28,350	2,837	-0,051
28,400	2,833	-0,051
28,450	2,831	-0,051
28,500	2,829	-0,051
28,550	2,821	-0,051
28,600	2,816	-0,052
28,650	2,808	-0,052
28,700	2,799	-0,052
28,750	2,788	-0,052
28,800	2,780	-0,052
28,850	2,767	-0,053
28,900	2,747	-0,053
28,950	2,726	-0,053
29,000	2,714	-0,054
29,050	2,709	-0,054
29,100	2,707	-0,054
29,150	2,700	-0,054
29,200	2,694	-0,054
29,250	2,690	-0,055
29,300	2,689	-0,054
29,350	2,685	-0,054
29,400	2,678	-0,055
29,450	2,673	-0,055
29,500	2,671	-0,055
29,550	2,663	-0,055
29,600	2,648	-0,055
29,650	2,632	-0,056
29,700	2,623	-0,056
29,750	2,619	-0,056
29,800	2,617	-0,056
29,850	2,615	-0,056
29,900	2,608	-0,056
29,950	2,603	-0,056
30,000	2,599	-0,057
30,050	2,592	-0,057
30,100	2,586	-0,057
30,150	2,583	-0,057
30,200	2,582	-0,057
30,250	2,576	-0,057
30,300	2,569	-0,057
30,350	2,566	-0,057
30,400	2,564	-0,058
30,450	2,561	-0,057
30,500	2,554	-0,058
30,550	2,549	-0,058
30,600	2,547	-0,058
30,650	2,547	-0,058
30,700	2,545	-0,058
30,750	2,538	-0,058
30,800	2,533	-0,059
30,850	2,530	-0,058
30,900	2,529	-0,059
30,950	2,526	-0,058
31,000	2,518	-0,059
31,050	2,514	-0,058
31,100	2,511	-0,059
31,150	2,510	-0,059
31,200	2,503	-0,059
31,250	2,498	-0,059
31,300	2,491	-0,060
31,350	2,484	-0,059
31,400	2,479	-0,060
31,450	2,475	-0,060
31,500	2,466	-0,060
31,550	2,455	-0,060
31,600	2,447	-0,061
31,650	2,443	-0,061
31,700	2,439	-0,061
31,750	2,431	-0,061
31,800	2,423	-0,061
31,850	2,414	-0,061
31,900	2,409	-0,062
31,950	2,406	-0,061
32,000	2,400	-0,062
32,050	2,388	-0,062
32,100	2,375	-0,063
32,150	2,363	-0,062
32,200	2,356	-0,063
32,250	2,353	-0,063
32,300	2,350	-0,064
32,350	2,343	-0,063
32,400	2,338	-0,064
32,450	2,330	-0,063
32,500	2,320	-0,064
32,550	2,308	-0,064
32,600	2,295	-0,065
32,650	2,287	-0,065
32,700	2,281	-0,065
32,750	2,273	-0,065
32,800	2,267	-0,066
32,850	2,262	-0,065
32,900	2,254	-0,066
32,950	2,242	-0,066
33,000	2,229	-0,067
33,050	2,218	-0,066
33,100	2,212	-0,067
33,150	2,204	-0,067
33,200	2,195	-0,068
33,250	2,185	-0,068
33,300	2,174	-0,068
33,350	2,163	-0,068
33,400	2,150	-0,069
33,450	2,144	-0,069
33,500	2,139	-0,070
33,550	2,129	-0,069
33,600	2,116	-0,070
33,650	2,108	-0,070
33,700	2,105	-0,071
33,750	2,098	-0,070
33,800	2,087	-0,071
33,850	2,072	-0,071
33,900	2,053	-0,072
33,950	2,041	-0,072
34,000	2,034	-0,073
34,050	2,026	-0,072
34,100	2,019	-0,073
34,150	2,011	-0,073
34,200	2,002	-0,074
34,250	1,990	-0,074
34,300	1,972	-0,075
34,350	1,950	-0,075
34,400	1,929	-0,076
34,450	1,916	-0,076
34,500	1,911	-0,077
34,550	1,905	-0,077
34,600	1,897	-0,078
34,650	1,888	-0,077
34,700	1,880	-0,078
34,750	1,874	-0,078
34,800	1,863	-0,079
34,850	1,847	-0,078
34,900	1,827	-0,080
34,950	1,807	-0,080
35,000	1,792	-0,081
35,050	1,780	-0,081
35,100	1,773	-0,082
35,150	1,768	-0,082
35,200	1,760	-0,083
35,250	1,749	-0,082
35,300	1,734	-0,084
35,350	1,723	-0,083
35,400	1,715	-0,085
35,450	1,704	-0,084
35,500	1,692	-0,086
35,550	1,679	-0,085
35,600	1,667	-0,086
35,650	1,656	-0,086
35,700	1,648	-0,087
35,750	1,644	-0,087
35,800	1,636	-0,088
35,850	1,627	-0,088
35,900	1,614	-0,089
35,950	1,595	-0,088
36,000	1,573	-0,090
36,050	1,554	-0,090
36,100	1,541	-0,092
36,150	1,531	-0,091
36,200	1,523	-0,093
36,250	1,514	-0,092
36,300	1,502	-0,094
36,350	1,487	-0,093
36,400	1,471	-0,095
36,450	1,450	-0,095
36,500	1,427	-0,097
36,550	1,406	-0,097
36,600	1,385	-0,099
36,650	1,363	-0,099
36,700	1,338	-0,101
36,750	1,315	-0,101
36,800	1,292	-0,104
36,850	1,271	-0,104
36,900	1,251	-0,105
36,950	1,232	-0,106
37,000	1,216	-0,108
37,050	1,207	-0,107
37,100	1,197	-0,108
37,150	1,186	-0,108
37,200	1,173	-0,110
37,250	1,155	-0,109
37,300	1,134	-0,112
37,350	1,115	-0,112
37,400	1,103	-0,113
37,450	1,097	-0,113
37,500	1,090	-0,114
37,550	1,080	-0,114
37,600	1,071	-0,115
37,650	1,061	-0,115
37,700	1,052	-0,116
37,750	1,047	-0,116
37,800	1,039	-0,117
37,850	1,033	-0,116
37,900	1,027	-0,118
37,950	1,019	-0,117
38,000	1,014	-0,119
38,050	1,011	-0,118
38,100	1,009	-0,119
38,150	1,004	-0,118
38,200	0,998	-0,120
38,250	0,992	-0,119
38,300	0,984	-0,120
38,350	0,977	-0,120
38,400	0,969	-0,121
38,450	0,960	-0,121
38,500	0,950	-0,122
38,550	0,944	-0,122
38,600	0,938	-0,123
38,650	0,931	-0,122
38,700	0,925	-0,124
38,750	0,916	-0,123
38,800	0,905	-0,125
38,850	0,895	-0,124
38,900	0,889	-0,126
38,950	0,887	-0,125
39,000	0,887	-0,126
39,050	0,887	-0,125
39,100	0,887	-0,127
39,150	0,888	-0,125
39,200	0,888	-0,126
39,250	0,888	-0,125
39,300	0,888	-0,127
39,350	0,888	-0,126
39,400	0,888	-0,127
39,450	0,887	-0,126
39,500	0,888	-0,127
39,550	0,888	-0,125
39,600	0,888	-0,127
39,650	0,888	-0,126
39,700	0,888	-0,127
39,750	0,888	-0,126
39,800	0,888	-0,127
39,850	0,888	-0,126
39,900	0,888	-0,127
39,950	0,888	-0,125
40,000	0,888	-0,127
40,050	0,888	-0,125
40,100	0,888	-0,127
40,150	0,888	-0,126
40,200	0,888	-0,126
40,250	0,888	-0,125
40,300	0,888	-0,127
40,350	0,888	-0,125
40,400	0,888	-0,126
40,450	0,887	-0,126
40,500	0,887	-0,127
40,550	0,887	-0,126
40,600	0,888	-0,127
40,650	0,887	-0,126
40,700	0,888	-0,127
40,750	0,887	-0,126
40,800	0,887	-0,127
40,850	0,887	-0,126
40,900	0,887	-0,127
40,950	0,888	-0,126
41,000	0,887	-0,127
41,050	0,887	-0,126
41,100	0,887	-0,127
41,150	0,888	-0,125
41,200	0,887	-0,127
41,250	0,888	-0,126
41,300	0,887	-0,127
41,350	0,887	-0,126
41,400	0,887	-0,127
41,450	0,887	-0,126
41,500	0,887	-0,127
41,550	0,887	-0,126
41,600	0,887	-0,127
41,650	0,887	-0,126
41,700	0,888	-0,126
41,750	0,887	-0,126
41,800	0,887	-0,127
41,850	0,887	-0,125
41,900	0,887	-0,127
41,950	0,887	-0,126
42,000	0,888	-0,126
42,050	0,887	-0,126
42,100	0,887	-0,127
42,150	0,887	-0,126
42,200	0,887	-0,127
42,250	0,887	-0,126
42,300	0,887	-0,127
42,350	0,888	-0,126
42,400	0,881	-0,127
42,450	0,867	-0,126
42,500	0,851	-0,128
42,550	0,839	-0,128
42,600	0,827	-0,130
42,650	0,819	-0,129
42,700	0,805	-0,131
42,750	0,786	-0,132
42,800	0,772	-0,134
42,850	0,765	-0,133
42,900	0,763	-0,135
42,950	0,762	-0,133
43,000	0,757	-0,135
43,050	0,752	-0,134
43,100	0,745	-0,136
43,150	0,735	-0,135
43,200	0,724	-0,137
43,250	0,712	-0,137
43,300	0,697	-0,139
43,350	0,684	-0,139
43,400	0,669	-0,141
43,450	0,651	-0,141
43,500	0,631	-0,143
43,550	0,613	-0,144
43,600	0,598	-0,146
43,650	0,586	-0,146
43,700	0,574	-0,148
43,750	0,562	-0,148
43,800	0,551	-0,150
43,850	0,541	-0,150
43,900	0,530	-0,151
43,950	0,523	-0,151
44,000	0,515	-0,153
44,050	0,505	-0,153
44,100	0,492	-0,155
44,150	0,479	-0,155
44,200	0,466	-0,157
44,250	0,452	-0,157
44,300	0,440	-0,159
44,350	0,433	-0,159
44,400	0,430	-0,161
44,450	0,424	-0,160
44,500	0,413	-0,162
44,550	0,404	-0,162
44,600	0,395	-0,164
44,650	0,389	-0,164
44,700	0,386	-0,165
44,750	0,384	-0,164
44,800	0,382	-0,165
44,850	0,379	-0,165
44,900	0,372	-0,166
44,950	0,368	-0,165
45,000	0,363	-0,167
45,050	0,356	-0,167
45,100	0,348	-0,168
45,150	0,338	-0,168
45,200	0,326	-0,170
45,250	0,317	-0,170
45,300	0,311	-0,172
45,350	0,305	-0,172
45,400	0,298	-0,173
45,450	0,294	-0,173
45,500	0,288	-0,174
45,550	0,282	-0,174
45,600	0,278	-0,176
45,650	0,273	-0,175
45,700	0,267	-0,177
45,750	0,261	-0,177
45,800	0,252	-0,178
45,850	0,245	-0,178
45,900	0,236	-0,180
45,950	0,226	-0,180
46,000	0,212	-0,183
46,050	0,197	-0,184
46,100	0,182	-0,186
46,150	0,168	-0,187
46,200	0,158	-0,189
46,250	0,149	-0,190
46,300	0,139	-0,192
46,350	0,129	-0,193
46,400	0,118	-0,195
46,450	0,108	-0,196
46,500	0,097	-0,198
46,550	0,088	-0,199
46,600	0,080	-0,200
46,650	0,072	-0,201
46,700	0,067	-0,203
46,750	0,060	-0,203
46,800	0,052	-0,205
46,850	0,043	-0,206
46,900	0,031	-0,208
46,950	0,017	-0,209
47,000	0,003	-0,212
47,050	-0,009	-0,214
47,100	-0,018	-0,216
47,150	-0,027	-0,217
47,200	-0,034	-0,219
47,250	-0,042	-0,220
47,300	-0,051	-0,223
47,350	-0,060	-0,224
47,400	-0,068	-0,226
47,450	-0,073	-0,227
47,500	-0,077	-0,229
47,550	-0,079	-0,229
47,600	-0,079	-0,230
47,650	-0,079	-0,230
47,700	-0,078	-0,231
47,750	-0,077	-0,231
47,800	-0,076	-0,231
47,850	-0,076	-0,231
47,900	-0,076	-0,231
47,950	-0,076	-0,231
48,000	-0,076	-0,232
48,050	-0,075	-0,231
48,100	-0,075	-0,231
48,150	-0,075	-0,231
48,200	-0,075	-0,231
48,250	-0,075	-0,231
48,300	-0,076	-0,232
48,350	-0,076	-0,231
48,400	-0,075	-0,231
48,450	-0,076	-0,231
48,500	-0,075	-0,231
48,550	-0,075	-0,231
48,600	-0,076	-0,232
48,650	-0,076	-0,231
48,700	-0,075	-0,231
48,750	-0,075	-0,231
48,800	-0,075	-0,231
48,850	-0,075	-0,231
48,900	-0,075	-0,231
48,950	-0,075	-0,231
49,000	-0,075	-0,231
49,050	-0,076	-0,231
49,100	-0,076	-0,231
49,150	-0,075	-0,231
49,200	-0,076	-0,232
49,250	-0,076	-0,232
49,300	-0,075	-0,231
49,350	-0,075	-0,231
49,400	-0,076	-0,231
49,450	-0,075	-0,231
49,500	-0,076	-0,232
49,550	-0,076	-0,232
49,600	-0,076	-0,232
49,650	-0,076	-0,232
49,700	-0,075	-0,231
49,750	-0,076	-0,232
49,800	-0,076	-0,231
49,850	-0,076	-0,232
49,900	-0,076	-0,232
49,950	-0,076	-0,232
50,000	-0,076	-0,232
50,050	-0,075	-0,232
50,100	-0,076	-0,232
50,150	-0,075	-0,232
50,200	-0,076	-0,232
50,250	-0,075	-0,231
50,300	-0,076	-0,232
50,350	-0,075	-0,232
50,400	-0,076	-0,232
50,450	-0,076	-0,232
50,500	-0,076	-0,232
50,550	-0,076	-0,232
50,600	-0,076	-0,232
50,650	-0,076	-0,232
50,700	-0,076	-0,231
50,750	-0,076	-0,232
50,800	-0,076	-0,232
50,850	-0,075	-0,232
50,900	-0,076	-0,232
50,950	-0,075	-0,232
51,000	-0,076	-0,232
51,050	-0,076	-0,232
51,100	-0,076	-0,231
51,150	-0,076	-0,232
51,200	-0,076	-0,231
51,250	-0,076	-0,232
51,300	-0,076	-0,231
51,350	-0,076	-0,232
51,400	-0,076	-0,232
51,450	-0,076	-0,232
51,500	-0,076	-0,231
51,550	-0,076	-0,232
51,600	-0,076	-0,231
51,650	-0,076	-0,232
51,700	-0,075	-0,231
51,750	-0,076	-0,232
51,800	-0,076	-0,232
51,850	-0,076	-0,232
51,900	-0,076	-0,232
51,950	-0,076	-0,232
52,000	-0,076	-0,232
52,050	-0,076	-0,232
52,100	-0,076	-0,231
52,150	-0,076	-0,232
52,200	-0,076	-0,232
52,250	-0,076	-0,232
52,300	-0,075	-0,231
52,350	-0,076	-0,232
52,400	-0,076	-0,231
52,450	-0,076	-0,232
52,500	-0,076	-0,231
52,550	-0,076	-0,232
52,600	-0,076	-0,231
52,650	-0,076	-0,232
52,700	-0,076	-0,231
52,750	-0,076	-0,232
52,800	-0,076	-0,231
52,850	-0,075	-0,232
52,900	-0,076	-0,232
52,950	-0,076	-0,232
53,000	-0,076	-0,232
53,050	-0,076	-0,232
53,100	-0,076	-0,231
53,150	-0,076	-0,232
53,200	-0,076	-0,231
53,250	-0,076	-0,232
53,300	-0,076	-0,231
53,350	-0,076	-0,232
53,400	-0,076	-0,232
53,450	-0,076	-0,232
53,500	-0,076	-0,232
53,550	-0,076	-0,232
53,600	-0,076	-0,231
53,650	-0,076	-0,232
53,700	-0,076	-0,231
53,750	-0,076	-0,232
53,800	-0,076	-0,232
53,850	-0,076	-0,232
53,900	-0,076	-0,232
53,950	-0,076	-0,232
54,000	-0,075	-0,231
54,050	-0,076	-0,232
54,100	-0,075	-0,231
54,150	-0,075	-0,232
54,200	-0,076	-0,232
54,250	-0,076	-0,232
54,300	-0,076	-0,232
54,350	-0,076	-0,232
54,400	-0,076	-0,231
54,450	-0,076	-0,233
54,500	-0,076	-0,231
54,550	-0,076	-0,233
54,600	-0,076	-0,232
54,650	-0,076	-0,232
54,700	-0,076	-0,232
54,750	-0,026	-0,231
54,800	0,074	-0,226
54,850	0,094	-0,227
54,900	0,090	-0,226
54,950	0,084	-0,227
55,000	0,081	-0,226
55,050	0,080	-0,227
55,100	0,079	-0,226
55,150	0,079	-0,227
55,200	0,079	-0,226
55,250	0,079	-0,227
55,300	0,079	-0,225
55,350	0,079	-0,227
55,400	0,079	-0,225
55,450	0,079	-0,227
55,500	0,079	-0,226
55,550	0,079	-0,227
55,600	0,079	-0,226
55,650	0,079	-0,227
55,700	0,079	-0,225
55,750	0,079	-0,227
55,800	0,079	-0,226
55,850	0,079	-0,227
55,900	0,079	-0,226
55,950	0,079	-0,227
56,000	0,079	-0,225
56,050	0,079	-0,227
56,100	0,079	-0,226
56,150	0,079	-0,227
56,200	0,079	-0,226
56,250	0,079	-0,227
56,300	0,079	-0,226
56,350	0,079	-0,227
56,400	0,079	-0,226
56,450	0,079	-0,227
56,500	0,079	-0,226
56,550	0,079	-0,227
56,600	0,079	-0,226
56,650	0,079	-0,227
56,700	0,079	-0,226
56,750	0,079	-0,227
56,800	0,079	-0,226
56,850	0,079	-0,227
56,900	0,079	-0,226
56,950	0,079	-0,227
57,000	0,079	-0,226
57,050	0,079	-0,227
57,100	0,079	-0,226
57,150	0,079	-0,227
57,200	0,079	-0,226
57,250	0,079	-0,227
57,300	0,079	-0,226
57,350	0,079	-0,227
57,400	0,079	-0,226
57,450	0,079	-0,227
57,500	0,078	-0,226
57,550	0,079	-0,227
57,600	0,079	-0,226
57,650	0,079	-0,227
57,700	0,079	-0,226
57,750	0,079	-0,227
57,800	0,079	-0,226
57,850	0,079	-0,227
57,900	0,079	-0,226
57,950	0,079	-0,227
58,000	0,079	-0,226
58,050	0,079	-0,227
58,100	0,079	-0,225
58,150	0,079	-0,227
58,200	0,079	-0,226
58,250	0,079	-0,227
58,300	0,079	-0,226
58,350	0,079	-0,227
58,400	0,079	-0,226
58,450	0,079	-0,227
58,500	0,079	-0,226
58,550	0,079	-0,227
58,600	0,079	-0,226
58,650	0,079	-0,227
58,700	0,079	-0,226
58,750	0,079	-0,227
58,800	0,079	-0,226
58,850	0,079	-0,227
58,900	0,079	-0,226
58,950	0,079	-0,227
59,000	0,079	-0,226
59,050	0,079	-0,227
59,100	0,079	-0,226
59,150	0,079	-0,227
59,200	0,079	-0,226
59,250	0,079	-0,227
59,300	0,079	-0,226
59,350	0,079	-0,227
59,400	0,079	-0,226
59,450	0,079	-0,227
59,500	0,079	-0,226
59,550	0,079	-0,227
59,600	0,079	-0,226
59,650	0,079	-0,227
59,700	0,079	-0,226
59,750	0,079	-0,227
59,800	0,079	-0,226
59,850	0,079	-0,227
59,900	0,079	-0,226
59,950	0,079	-0,227
60,000	0,079	-0,226
60,050	0,079	-0,227
60,100	0,079	-0,226
60,150	0,079	-0,227
60,200	0,079	-0,226
60,250	0,079	-0,227
60,300	0,079	-0,226
60,350	0,079	-0,227
60,400	0,079	-0,226
60,450	0,079	-0,227
60,500	0,079	-0,226
60,550	0,079	-0,227
60,600	0,079	-0,226
60,650	0,079	-0,227
60,700	0,079	-0,226
60,750	0,079	-0,226
60,800	0,079	-0,226
60,850	0,079	-0,227
60,900	0,079	-0,226
60,950	0,079	-0,227
61,000	0,079	-0,226
61,050	0,079	-0,227
61,100	0,079	-0,226
61,150	0,079	-0,226
61,200	0,079	-0,226
61,250	0,079	-0,227
61,300	0,079	-0,226
61,350	0,079	-0,227
61,400	0,079	-0,226
61,450	0,079	-0,226
61,500	0,079	-0,226
61,550	0,079	-0,227
61,600	0,079	-0,226
61,650	0,079	-0,227
61,700	0,079	-0,226
61,750	0,079	-0,227
61,800	0,079	-0,226
61,850	0,079	-0,227
61,900	0,079	-0,226
61,950	0,079	-0,227
62,000	0,079	-0,226
62,050	0,079	-0,226
62,100	0,079	-0,226
62,150	0,079	-0,227
62,200	0,079	-0,226
62,250	0,079	-0,227
62,300	0,079	-0,226
62,350	0,079	-0,227
62,400	0,079	-0,226
62,450	0,079	-0,227
62,500	0,079	-0,226
62,550	0,079	-0,227
62,600	0,079	-0,226
62,650	0,079	-0,226
62,700	0,079	-0,226
62,750	0,079	-0,226
62,800	0,079	-0,226
62,850	0,079	-0,227
62,900	0,079	-0,226
62,950	0,079	-0,227
63,000	0,079	-0,226
63,050	0,079	-0,226
63,100	0,079	-0,226
63,150	0,079	-0,226
63,200	0,079	-0,226
63,250	0,079	-0,226
63,300	0,079	-0,226
63,350	0,079	-0,227
63,400	0,079	-0,226
63,450	0,079	-0,226
63,500	0,079	-0,226
63,550	0,079	-0,227
63,600	0,079	-0,226
63,650	0,079	-0,226
63,700	0,079	-0,226
63,750	0,079	-0,226
63,800	0,079	-0,226
63,850	0,079	-0,227
63,900	0,079	-0,226
63,950	0,079	-0,226
64,000	0,079	-0,227
64,050	0,079	-0,226
64,100	0,079	-0,226
64,150	0,079	-0,226
64,200	0,079	-0,226
64,250	0,078	-0,226
64,300	0,075	-0,227
64,350	0,072	-0,227
64,400	0,067	-0,227
64,450	0,060	-0,227
64,500	0,050	-0,227
64,550	0,042	-0,227
64,600	0,035	-0,228
64,650	0,027	-0,228
64,700	0,020	-0,228
64,750	0,012	-0,228
64,800	0,005	-0,229
64,850	-0,003	-0,229
64,900	-0,009	-0,229
64,950	-0,011	-0,229
65,000	-0,014	-0,229
65,050	-0,020	-0,229
65,100	-0,026	-0,230
65,150	-0,031	-0,230
65,200	-0,039	-0,230
65,250	-0,044	-0,230
65,300	-0,048	-0,230
65,350	-0,056	-0,231
65,400	-0,061	-0,231
65,450	-0,064	-0,231
65,500	-0,065	-0,231
65,550	-0,067	-0,231
65,600	-0,070	-0,232
65,650	-0,075	-0,231
65,700	-0,079	-0,232
65,750	-0,081	-0,232
65,800	-0,081	-0,232
65,850	-0,082	-0,232
65,900	-0,085	-0,233
65,950	-0,090	-0,233
66,000	-0,098	-0,234
66,050	-0,104	-0,235
66,100	-0,110	-0,237
66,150	-0,116	-0,238
66,200	-0,122	-0,239
66,250	-0,128	-0,241
66,300	-0,136	-0,243
66,350	-0,142	-0,244
66,400	-0,151	-0,247
66,450	-0,158	-0,249
66,500	-0,166	-0,252
66,550	-0,174	-0,254
66,600	-0,181	-0,258
66,650	-0,188	-0,260
66,700	-0,195	-0,263
66,750	-0,200	-0,266
66,800	-0,204	-0,269
66,850	-0,207	-0,272
66,900	-0,210	-0,275
66,950	-0,214	-0,277
67,000	-0,216	-0,280
67,050	-0,218	-0,282
67,100	-0,220	-0,285
67,150	-0,221	-0,287
67,200	-0,223	-0,290
67,250	-0,226	-0,292
67,300	-0,228	-0,296
67,350	-0,230	-0,298
67,400	-0,231	-0,303
67,450	-0,234	-0,306
67,500	-0,237	-0,312
67,550	-0,239	-0,317
67,600	-0,242	-0,323
67,650	-0,245	-0,330
67,700	-0,248	-0,340
67,750	-0,250	-0,348
67,800	-0,253	-0,359
67,850	-0,255	-0,369
67,900	-0,258	-0,382
67,950	-0,262	-0,395
68,000	-0,265	-0,410
68,050	-0,269	-0,425
68,100	-0,273	-0,441
68,150	-0,279	-0,457
68,200	-0,285	-0,475
68,250	-0,292	-0,492
68,300	-0,300	-0,511
68,350	-0,308	-0,528
68,400	-0,318	-0,545
68,450	-0,328	-0,560
68,500	-0,340	-0,575
68,550	-0,352	-0,586
68,600	-0,360	-0,595
68,650	-0,364	-0,600
68,700	-0,362	-0,604
68,750	-0,355	-0,605
68,800	-0,340	-0,605
68,850	-0,324	-0,604
68,900	-0,314	-0,604
68,950	-0,309	-0,603
69,000	-0,307	-0,604
69,050	-0,307	-0,603
69,100	-0,308	-0,604
69,150	-0,308	-0,603
69,200	-0,309	-0,604
69,250	-0,311	-0,603
69,300	-0,317	-0,604
69,350	-0,322	-0,603
69,400	-0,324	-0,604
69,450	-0,325	-0,603
69,500	-0,326	-0,604
69,550	-0,325	-0,603
69,600	-0,325	-0,604
69,650	-0,325	-0,603
69,700	-0,325	-0,604
69,750	-0,325	-0,603
69,800	-0,325	-0,604
69,850	-0,327	-0,603
69,900	-0,334	-0,604
69,950	-0,339	-0,604
70,000	-0,341	-0,605
70,050	-0,342	-0,604
70,100	-0,343	-0,605
70,150	-0,343	-0,604
70,200	-0,343	-0,605
70,250	-0,343	-0,604
70,300	-0,347	-0,605
70,350	-0,353	-0,605
70,400	-0,356	-0,606
70,450	-0,358	-0,605
70,500	-0,359	-0,607
70,550	-0,359	-0,606
70,600	-0,361	-0,608
70,650	-0,361	-0,607
70,700	-0,361	-0,608
70,750	-0,361	-0,608
70,800	-0,361	-0,609
70,850	-0,363	-0,608
70,900	-0,367	-0,610
70,950	-0,370	-0,610
71,000	-0,372	-0,612
71,050	-0,374	-0,612
71,100	-0,376	-0,614
71,150	-0,378	-0,615
71,200	-0,379	-0,617
71,250	-0,382	-0,617
71,300	-0,386	-0,619
71,350	-0,388	-0,620
71,400	-0,392	-0,623
71,450	-0,394	-0,624
71,500	-0,397	-0,626
71,550	-0,399	-0,627
71,600	-0,399	-0,629
71,650	-0,401	-0,629
71,700	-0,404	-0,631
71,750	-0,406	-0,631
71,800	-0,409	-0,634
71,850	-0,411	-0,634
71,900	-0,413	-0,636
71,950	-0,415	-0,637
72,000	-0,415	-0,639
72,050	-0,416	-0,638
72,100	-0,416	-0,640
72,150	-0,416	-0,640
72,200	-0,417	-0,641
72,250	-0,420	-0,640
72,300	-0,423	-0,643
72,350	-0,425	-0,643
72,400	-0,427	-0,645
72,450	-0,430	-0,645
72,500	-0,431	-0,647
72,550	-0,434	-0,647
72,600	-0,437	-0,649
72,650	-0,441	-0,650
72,700	-0,445	-0,653
72,750	-0,451	-0,654
72,800	-0,456	-0,658
72,850	-0,462	-0,660
72,900	-0,466	-0,663
72,950	-0,472	-0,664
73,000	-0,477	-0,668
73,050	-0,482	-0,669
73,100	-0,486	-0,672
73,150	-0,492	-0,674
73,200	-0,497	-0,677
73,250	-0,503	-0,678
73,300	-0,509	-0,682
73,350	-0,515	-0,683
73,400	-0,521	-0,687
73,450	-0,528	-0,688
73,500	-0,537	-0,693
73,550	-0,545	-0,694
73,600	-0,553	-0,699
73,650	-0,558	-0,700
73,700	-0,563	-0,703
73,750	-0,568	-0,704
73,800	-0,571	-0,706
73,850	-0,575	-0,706
73,900	-0,579	-0,709
73,950	-0,584	-0,709
74,000	-0,588	-0,712
74,050	-0,594	-0,712
74,100	-0,602	-0,715
74,150	-0,610	-0,716
74,200	-0,618	-0,720
74,250	-0,624	-0,721
74,300	-0,631	-0,724
74,350	-0,637	-0,724
74,400	-0,645	-0,727
74,450	-0,653	-0,728
74,500	-0,662	-0,732
74,550	-0,672	-0,733
74,600	-0,682	-0,737
74,650	-0,691	-0,738
74,700	-0,697	-0,741
74,750	-0,703	-0,741
74,800	-0,708	-0,743
74,850	-0,713	-0,743
74,900	-0,719	-0,746
74,950	-0,730	-0,747
75,000	-0,742	-0,750
75,050	-0,755	-0,752
75,100	-0,769	-0,756
75,150	-0,781	-0,757
75,200	-0,788	-0,760
75,250	-0,793	-0,760
75,300	-0,801	-0,762
75,350	-0,811	-0,763
75,400	-0,822	-0,766
75,450	-0,834	-0,767
75,500	-0,846	-0,770
75,550	-0,858	-0,771
75,600	-0,870	-0,774
75,650	-0,881	-0,775
75,700	-0,892	-0,777
75,750	-0,904	-0,778
75,800	-0,916	-0,781
75,850	-0,927	-0,782
75,900	-0,936	-0,784
75,950	-0,941	-0,785
76,000	-0,946	-0,786
76,050	-0,955	-0,786
76,100	-0,967	-0,789
76,150	-0,979	-0,789
76,200	-0,993	-0,792
76,250	-1,004	-0,792
76,300	-1,011	-0,795
76,350	-1,018	-0,795
76,400	-1,027	-0,797
76,450	-1,038	-0,797
76,500	-1,052	-0,800
76,550	-1,067	-0,800
76,600	-1,084	-0,803
76,650	-1,101	-0,805
76,700	-1,120	-0,807
76,750	-1,140	-0,809
76,800	-1,158	-0,812
76,850	-1,172	-0,813
76,900	-1,186	-0,815
76,950	-1,200	-0,815
77,000	-1,218	-0,818
77,050	-1,240	-0,819
77,100	-1,261	-0,822
77,150	-1,280	-0,824
77,200	-1,296	-0,826
77,250	-1,307	-0,826
77,300	-1,321	-0,828
77,350	-1,337	-0,829
77,400	-1,358	-0,831
77,450	-1,382	-0,833
77,500	-1,404	-0,836
77,550	-1,423	-0,836
77,600	-1,441	-0,839
77,650	-1,460	-0,840
77,700	-1,478	-0,842
77,750	-1,493	-0,842
77,800	-1,505	-0,844
77,850	-1,514	-0,844
77,900	-1,520	-0,845
77,950	-1,528	-0,845
78,000	-1,538	-0,847
78,050	-1,552	-0,847
78,100	-1,568	-0,849
78,150	-1,584	-0,849
78,200	-1,602	-0,852
78,250	-1,617	-0,852
78,300	-1,630	-0,853
78,350	-1,642	-0,854
78,400	-1,655	-0,855
78,450	-1,670	-0,855
78,500	-1,687	-0,858
78,550	-1,704	-0,858
78,600	-1,719	-0,860
78,650	-1,727	-0,860
78,700	-1,734	-0,861
78,750	-1,742	-0,861
78,800	-1,753	-0,862
78,850	-1,761	-0,862
78,900	-1,771	-0,863
78,950	-1,778	-0,863
79,000	-1,781	-0,864
79,050	-1,783	-0,864
79,100	-1,784	-0,865
79,150	-1,789	-0,864
79,200	-1,794	-0,865
79,250	-1,798	-0,864
79,300	-1,804	-0,865
79,350	-1,811	-0,865
79,400	-1,816	-0,866
79,450	-1,824	-0,866
79,500	-1,833	-0,867
79,550	-1,843	-0,867
79,600	-1,856	-0,869
79,650	-1,871	-0,869
79,700	-1,885	-0,870
79,750	-1,901	-0,870
79,800	-1,914	-0,872
79,850	-1,924	-0,872
79,900	-1,935	-0,874
79,950	-1,947	-0,873
80,000	-1,963	-0,875
80,050	-1,984	-0,875
80,100	-2,000	-0,877
80,150	-2,014	-0,878
80,200	-2,024	-0,878
80,250	-2,036	-0,879
80,300	-2,054	-0,880
80,350	-2,075	-0,881
80,400	-2,090	-0,882
80,450	-2,098	-0,882
80,500	-2,100	-0,883
80,550	-2,102	-0,883
80,600	-2,109	-0,883
80,650	-2,122	-0,883
80,700	-2,141	-0,885
80,750	-2,163	-0,885
80,800	-2,184	-0,887
80,850	-2,203	-0,887
80,900	-2,219	-0,889
80,950	-2,233	-0,889
81,000	-2,248	-0,891
81,050	-2,264	-0,890
81,100	-2,282	-0,892
81,150	-2,299	-0,892
81,200	-2,312	-0,893
81,250	-2,326	-0,894
81,300	-2,343	-0,895
81,350	-2,368	-0,895
81,400	-2,399	-0,897
81,450	-2,423	-0,898
81,500	-2,436	-0,899
81,550	-2,447	-0,899
81,600	-2,454	-0,900
81,650	-2,463	-0,900
81,700	-2,474	-0,901
81,750	-2,487	-0,901
81,800	-2,497	-0,902
81,850	-2,503	-0,902
81,900	-2,505	-0,902
81,950	-2,507	-0,902
82,000	-2,506	-0,902
82,050	-2,506	-0,902
82,100	-2,506	-0,902
82,150	-2,506	-0,902
82,200	-2,506	-0,902
82,250	-2,506	-0,902
82,300	-2,506	-0,903
82,350	-2,506	-0,902
82,400	-2,506	-0,902
82,450	-2,507	-0,902
82,500	-2,506	-0,902
82,550	-2,507	-0,902
82,600	-2,507	-0,903
82,650	-2,507	-0,902
82,700	-2,507	-0,903
82,750	-2,507	-0,902
82,800	-2,507	-0,903
82,850	-2,507	-0,902
82,900	-2,507	-0,903
82,950	-2,507	-0,902
83,000	-2,507	-0,903
83,050	-2,507	-0,902
83,100	-2,507	-0,903
83,150	-2,508	-0,902
83,200	-2,513	-0,903
83,250	-2,524	-0,903
83,300	-2,540	-0,904
83,350	-2,566	-0,904
83,400	-2,597	-0,906
83,450	-2,625	-0,907
83,500	-2,650	-0,908
83,550	-2,676	-0,909
83,600	-2,703	-0,910
83,650	-2,732	-0,911
83,700	-2,760	-0,912
83,750	-2,780	-0,913
83,800	-2,797	-0,914
83,850	-2,819	-0,915
83,900	-2,834	-0,915
83,950	-2,844	-0,916
84,000	-2,861	-0,916
84,050	-2,893	-0,917
84,100	-2,925	-0,919
84,150	-2,942	-0,919
84,200	-2,955	-0,920
84,250	-2,966	-0,920
84,300	-2,977	-0,921
84,350	-2,992	-0,921
84,400	-3,010	-0,922
84,450	-3,030	-0,922
84,500	-3,047	-0,923
84,550	-3,061	-0,924
84,600	-3,072	-0,924
84,650	-3,085	-0,924
84,700	-3,097	-0,925
84,750	-3,113	-0,925
84,800	-3,129	-0,926
84,850	-3,141	-0,926
84,900	-3,152	-0,926
84,950	-3,169	-0,927
85,000	-3,189	-0,927
85,050	-3,209	-0,928
85,100	-3,232	-0,929
85,150	-3,253	-0,930
85,200	-3,270	-0,930
85,250	-3,290	-0,931
85,300	-3,311	-0,931
85,350	-3,335	-0,932
85,400	-3,357	-0,933
85,450	-3,376	-0,934
85,500	-3,388	-0,934
85,550	-3,400	-0,934
85,600	-3,412	-0,934
85,650	-3,425	-0,935
85,700	-3,437	-0,935
85,750	-3,453	-0,935
85,800	-3,473	-0,936
85,850	-3,494	-0,936
85,900	-3,515	-0,937
85,950	-3,533	-0,938
86,000	-3,548	-0,938
86,050	-3,564	-0,939
86,100	-3,578	-0,939
86,150	-3,588	-0,939
86,200	-3,598	-0,939
86,250	-3,609	-0,940
86,300	-3,621	-0,940
86,350	-3,636	-0,941
86,400	-3,655	-0,941
86,450	-3,677	-0,941
86,500	-3,690	-0,942
86,550	-3,699	-0,942
86,600	-3,709	-0,942
86,650	-3,728	-0,943
86,700	-3,755	-0,943
86,750	-3,784	-0,944
86,800	-3,812	-0,945
86,850	-3,842	-0,945
86,900	-3,880	-0,946
86,950	-3,927	-0,948
87,000	-3,983	-0,948
87,050	-4,039	-0,950
87,100	-4,082	-0,951
87,150	-4,115	-0,952
87,200	-4,140	-0,952
87,250	-4,169	-0,953
87,300	-4,200	-0,953
87,350	-4,230	-0,954
87,400	-4,258	-0,955
87,450	-4,288	-0,956
87,500	-4,314	-0,955
87,550	-4,337	-0,957
87,600	-4,353	-0,956
87,650	-4,366	-0,957
87,700	-4,373	-0,957
87,750	-4,376	-0,957
87,800	-4,377	-0,957
87,850	-4,378	-0,957
87,900	-4,379	-0,957
87,950	-4,379	-0,957
88,000	-4,382	-0,957
88,050	-4,389	-0,957
88,100	-4,401	-0,957
88,150	-4,415	-0,958
88,200	-4,424	-0,958
88,250	-4,435	-0,959
88,300	-4,444	-0,958
88,350	-4,457	-0,959
88,400	-4,469	-0,959
88,450	-4,479	-0,959
88,500	-4,484	-0,959
88,550	-4,495	-0,960
88,600	-4,508	-0,959
88,650	-4,521	-0,960
88,700	-4,532	-0,960
88,750	-4,534	-0,961
88,800	-4,536	-0,960
88,850	-4,539	-0,961
88,900	-4,540	-0,960
88,950	-4,541	-0,961
89,000	-4,541	-0,960
89,050	-4,541	-0,961
89,100	-4,541	-0,960
89,150	-4,541	-0,961
89,200	-4,541	-0,960
89,250	-4,541	-0,961
89,300	-4,541	-0,960
89,350	-4,542	-0,961
89,400	-4,541	-0,960
89,450	-4,542	-0,961
89,500	-4,545	-0,960
89,550	-4,551	-0,961
89,600	-4,562	-0,960
89,650	-4,588	-0,961
89,700	-4,623	-0,961
89,750	-4,652	-0,963
89,800	-4,672	-0,962
89,850	-4,692	-0,963
89,900	-4,716	-0,963
89,950	-4,742	-0,964
90,000	-4,758	-0,964
90,050	-4,768	-0,965
90,100	-4,777	-0,964
90,150	-4,788	-0,965
90,200	-4,810	-0,965
90,250	-4,842	-0,966
90,300	-4,873	-0,966
90,350	-4,895	-0,967
90,400	-4,906	-0,966
90,450	-4,913	-0,967
90,500	-4,924	-0,967
90,550	-4,938	-0,967
90,600	-4,953	-0,967
90,650	-4,970	-0,968
90,700	-4,985	-0,968
90,750	-4,995	-0,969
90,800	-5,005	-0,968
90,850	-5,017	-0,969
90,900	-5,028	-0,968
90,950	-5,038	-0,969
91,000	-5,049	-0,969
91,050	-5,062	-0,970
91,100	-5,075	-0,969
91,150	-5,088	-0,970
91,200	-5,100	-0,970
91,250	-5,112	-0,971
91,300	-5,126	-0,970
91,350	-5,138	-0,971
91,400	-5,149	-0,970
91,450	-5,159	-0,971
91,500	-5,170	-0,971
91,550	-5,179	-0,971
91,600	-5,189	-0,971
91,650	-5,196	-0,972
91,700	-5,206	-0,971
91,750	-5,219	-0,972
91,800	-5,234	-0,972
91,850	-5,250	-0,972
91,900	-5,265	-0,972
91,950	-5,278	-0,973
92,000	-5,285	-0,972
92,050	-5,291	-0,973
92,100	-5,301	-0,973
92,150	-5,312	-0,973
92,200	-5,326	-0,973
92,250	-5,341	-0,974
92,300	-5,353	-0,973
92,350	-5,365	-0,974
92,400	-5,374	-0,973
92,450	-5,384	-0,975
92,500	-5,398	-0,974
92,550	-5,415	-0,975
92,600	-5,428	-0,974
92,650	-5,444	-0,975
92,700	-5,462	-0,975
92,750	-5,480	-0,976
92,800	-5,498	-0,975
92,850	-5,514	-0,976
92,900	-5,530	-0,976
92,950	-5,546	-0,977
93,000	-5,559	-0,976
93,050	-5,576	-0,977
93,100	-5,597	-0,977
93,150	-5,620	-0,978
93,200	-5,641	-0,977
93,250	-5,666	-0,978
93,300	-5,690	-0,978
93,350	-5,711	-0,979
93,400	-5,729	-0,978
93,450	-5,746	-0,979
93,500	-5,764	-0,979
93,550	-5,780	-0,980
93,600	-5,797	-0,979
93,650	-5,816	-0,980
93,700	-5,839	-0,980
93,750	-5,863	-0,981
93,800	-5,889	-0,980
93,850	-5,913	-0,982
93,900	-5,932	-0,981
93,950	-5,948	-0,982
94,000	-5,963	-0,981
94,050	-5,981	-0,983
94,100	-6,000	-0,982
94,150	-6,020	-0,983
94,200	-6,043	-0,983
94,250	-6,066	-0,984
94,300	-6,085	-0,983
94,350	-6,101	-0,984
94,400	-6,111	-0,983
94,450	-6,122	-0,984
94,500	-6,131	-0,984
94,550	-6,146	-0,984
94,600	-6,169	-0,984
94,650	-6,194	-0,985
94,700	-6,212	-0,985
94,750	-6,220	-0,985
94,800	-6,224	-0,985
94,850	-6,226	-0,986
94,900	-6,227	-0,985
94,950	-6,227	-0,986
95,000	-6,228	-0,985
95,050	-6,227	-0,986
95,100	-6,228	-0,985
95,150	-6,228	-0,986
95,200	-6,228	-0,985
95,250	-6,228	-0,986
95,300	-6,228	-0,985
95,350	-6,228	-0,986
95,400	-6,228	-0,985
95,450	-6,228	-0,985
95,500	-6,228	-0,984
95,550	-6,229	-0,986
95,600	-6,239	-0,985
95,650	-6,263	-0,986
95,700	-6,302	-0,985
95,750	-6,338	-0,987
95,800	-6,358	-0,986
95,850	-6,377	-0,987
95,900	-6,393	-0,986
95,950	-6,406	-0,987
96,000	-6,422	-0,987
96,050	-6,438	-0,988
96,100	-6,454	-0,987
96,150	-6,468	-0,988
96,200	-6,479	-0,987
96,250	-6,496	-0,989
96,300	-6,518	-0,988
96,350	-6,547	-0,989
96,400	-6,577	-0,988
96,450	-6,595	-0,990
96,500	-6,605	-0,989
96,550	-6,615	-0,990
96,600	-6,624	-0,989
96,650	-6,640	-0,990
96,700	-6,665	-0,989
96,750	-6,686	-0,991
96,800	-6,701	-0,990
96,850	-6,709	-0,991
96,900	-6,717	-0,990
96,950	-6,732	-0,991
97,000	-6,748	-0,990
97,050	-6,760	-0,991
97,100	-6,772	-0,991
97,150	-6,780	-0,992
97,200	-6,784	-0,991
97,250	-6,792	-0,992
97,300	-6,799	-0,991
97,350	-6,804	-0,992
97,400	-6,808	-0,991
97,450	-6,811	-0,992
97,500	-6,812	-0,991
97,550	-6,812	-0,992
97,600	-6,813	-0,991
97,650	-6,812	-0,992
97,700	-6,812	-0,991
97,750	-6,811	-0,992
97,800	-6,811	-0,991
97,850	-6,811	-0,992
97,900	-6,811	-0,991
97,950	-6,811	-0,992
98,000	-6,811	-0,991
98,050	-6,811	-0,992
98,100	-6,812	-0,991
98,150	-6,811	-0,992
98,200	-6,811	-0,991
98,250	-6,811	-0,992
98,300	-6,812	-0,991
98,350	-6,812	-0,992
98,400	-6,812	-0,991
98,450	-6,812	-0,992
98,500	-6,812	-0,991
98,550	-6,812	-0,992
98,600	-6,812	-0,991
98,650	-6,812	-0,992
98,700	-6,812	-0,991
98,750	-6,812	-0,992
98,800	-6,812	-0,991
98,850	-6,812	-0,992
98,900	-6,812	-0,991
98,950	-6,811	-0,992
99,000	-6,811	-0,991
99,050	-6,812	-0,992
99,100	-6,812	-0,991
99,150	-6,811	-0,992
99,200	-6,812	-0,991
99,250	-6,812	-0,992
99,300	-6,812	-0,991
99,350	-6,812	-0,992
99,400	-6,812	-0,991
99,450	-6,812	-0,992
99,500	-6,813	-0,991
99,550	-6,812	-0,992
99,600	-6,812	-0,991
99,650	-6,812	-0,992
99,700	-6,812	-0,991
99,750	-6,812	-0,992
99,800	-6,812	-0,991
99,850	-6,812	-0,992
99,900	-6,812	-0,991
99,950	-6,812	-0,992
100,000	-6,812	-0,991
100,050	-6,812	-0,992
100,100	-6,812	-0,991
100,150	-6,812	-0,992
100,200	-6,812	-0,991
100,250	-6,812	-0,992
100,300	-6,812	-0,991
100,350	-6,812	-0,992
100,400	-6,812	-0,991
100,450	-6,812	-0,992
100,500	-6,812	-0,991
100,550	-6,812	-0,992
100,600	-6,811	-0,991
100,650	-6,807	-0,992
100,700	-6,794	-0,991
100,750	-6,774	-0,992
100,800	-6,755	-0,990
100,850	-6,738	-0,991
100,900	-6,725	-0,990
100,950	-6,711	-0,991
101,000	-6,695	-0,990
101,050	-6,672	-0,991
101,100	-6,648	-0,989
101,150	-6,626	-0,991
101,200	-6,608	-0,989
101,250	-6,589	-0,990
101,300	-6,571	-0,989
101,350	-6,553	-0,990
101,400	-6,536	-0,989
101,450	-6,515	-0,990
101,500	-6,499	-0,989
101,550	-6,487	-0,990
101,600	-6,474	-0,989
101,650	-6,460	-0,989
101,700	-6,445	-0,988
101,750	-6,425	-0,989
101,800	-6,409	-0,988
101,850	-6,394	-0,989
101,900	-6,378	-0,987
101,950	-6,354	-0,988
102,000	-6,330	-0,987
102,050	-6,308	-0,988
102,100	-6,285	-0,987
102,150	-6,256	-0,987
102,200	-6,230	-0,987
102,250	-6,212	-0,987
102,300	-6,197	-0,987
102,350	-6,177	-0,987
102,400	-6,157	-0,986
102,450	-6,132	-0,987
102,500	-6,107	-0,986
102,550	-6,085	-0,986
102,600	-6,065	-0,985
102,650	-6,046	-0,986
102,700	-6,031	-0,985
102,750	-6,023	-0,986
102,800	-6,010	-0,985
102,850	-5,993	-0,986
102,900	-5,972	-0,985
102,950	-5,953	-0,985
103,000	-5,934	-0,984
103,050	-5,914	-0,985
103,100	-5,893	-0,984
103,150	-5,869	-0,985
103,200	-5,846	-0,983
103,250	-5,823	-0,984
103,300	-5,800	-0,983
103,350	-5,774	-0,984
103,400	-5,748	-0,983
103,450	-5,725	-0,984
103,500	-5,702	-0,982
103,550	-5,680	-0,983
103,600	-5,657	-0,982
103,650	-5,629	-0,982
103,700	-5,603	-0,981
103,750	-5,572	-0,982
103,800	-5,542	-0,981
103,850	-5,513	-0,981
103,900	-5,485	-0,980
103,950	-5,456	-0,981
104,000	-5,431	-0,980
104,050	-5,405	-0,980
104,100	-5,377	-0,979
104,150	-5,347	-0,980
104,200	-5,319	-0,979
104,250	-5,291	-0,979
104,300	-5,260	-0,978
104,350	-5,227	-0,979
104,400	-5,196	-0,978
104,450	-5,165	-0,978
104,500	-5,133	-0,977
104,550	-5,106	-0,977
104,600	-5,084	-0,977
104,650	-5,065	-0,977
104,700	-5,044	-0,976
104,750	-5,019	-0,976
104,800	-4,993	-0,975
104,850	-4,965	-0,976
104,900	-4,935	-0,975
104,950	-4,907	-0,975
105,000	-4,884	-0,974
105,050	-4,866	-0,975
105,100	-4,857	-0,974
105,150	-4,853	-0,975
105,200	-4,851	-0,974
105,250	-4,850	-0,975
105,300	-4,849	-0,974
105,350	-4,849	-0,975
105,400	-4,849	-0,974
105,450	-4,849	-0,975
105,500	-4,849	-0,974
105,550	-4,849	-0,975
105,600	-4,849	-0,974
105,650	-4,848	-0,974
105,700	-4,849	-0,974
105,750	-4,848	-0,974
105,800	-4,849	-0,974
105,850	-4,848	-0,975
105,900	-4,849	-0,974
105,950	-4,848	-0,975
106,000	-4,848	-0,974
106,050	-4,848	-0,975
106,100	-4,848	-0,974
106,150	-4,848	-0,975
106,200	-4,848	-0,974
106,250	-4,847	-0,974
106,300	-4,848	-0,974
106,350	-4,847	-0,974
106,400	-4,840	-0,974
106,450	-4,824	-0,974
106,500	-4,808	-0,973
106,550	-4,792	-0,974
106,600	-4,779	-0,973
106,650	-4,759	-0,973
106,700	-4,734	-0,973
106,750	-4,710	-0,973
106,800	-4,693	-0,972
106,850	-4,677	-0,973
106,900	-4,655	-0,972
106,950	-4,625	-0,972
107,000	-4,591	-0,971
107,050	-4,557	-0,971
107,100	-4,528	-0,971
107,150	-4,500	-0,971
107,200	-4,472	-0,970
107,250	-4,443	-0,970
107,300	-4,415	-0,969
107,350	-4,387	-0,969
107,400	-4,361	-0,968
107,450	-4,335	-0,968
107,500	-4,308	-0,968
107,550	-4,282	-0,968
107,600	-4,258	-0,967
107,650	-4,235	-0,967
107,700	-4,213	-0,967
107,750	-4,187	-0,967
107,800	-4,160	-0,966
107,850	-4,130	-0,966
107,900	-4,100	-0,965
107,950	-4,067	-0,965
108,000	-4,035	-0,964
108,050	-4,001	-0,964
108,100	-3,969	-0,963
108,150	-3,939	-0,963
108,200	-3,913	-0,963
108,250	-3,889	-0,962
108,300	-3,868	-0,962
108,350	-3,848	-0,962
108,400	-3,829	-0,961
108,450	-3,807	-0,961
108,500	-3,782	-0,961
108,550	-3,758	-0,961
108,600	-3,734	-0,960
108,650	-3,708	-0,960
108,700	-3,681	-0,959
108,750	-3,651	-0,959
108,800	-3,625	-0,958
108,850	-3,602	-0,958
108,900	-3,575	-0,958
108,950	-3,541	-0,957
109,000	-3,497	-0,956
109,050	-3,452	-0,956
109,100	-3,413	-0,955
109,150	-3,374	-0,954
109,200	-3,338	-0,954
109,250	-3,303	-0,953
109,300	-3,270	-0,953
109,350	-3,238	-0,952
109,400	-3,209	-0,951
109,450	-3,179	-0,951
109,500	-3,148	-0,950
109,550	-3,114	-0,950
109,600	-3,080	-0,949
109,650	-3,045	-0,948
109,700	-3,009	-0,947
109,750	-2,974	-0,947
109,800	-2,941	-0,946
109,850	-2,908	-0,945
109,900	-2,880	-0,945
109,950	-2,862	-0,944
110,000	-2,855	-0,944
110,050	-2,850	-0,944
110,100	-2,849	-0,944
110,150	-2,849	-0,944
110,200	-2,849	-0,944
110,250	-2,848	-0,944
110,300	-2,848	-0,944
110,350	-2,848	-0,943
110,400	-2,848	-0,943
110,450	-2,848	-0,944
110,500	-2,848	-0,944
110,550	-2,847	-0,943
110,600	-2,848	-0,944
110,650	-2,847	-0,943
110,700	-2,848	-0,943
110,750	-2,847	-0,943
110,800	-2,848	-0,944
110,850	-2,848	-0,943
110,900	-2,850	-0,944
110,950	-2,850	-0,944
111,000	-2,850	-0,944
111,050	-2,846	-0,943
111,100	-2,837	-0,944
111,150	-2,820	-0,943
111,200	-2,793	-0,943
111,250	-2,758	-0,942
111,300	-2,721	-0,941
111,350	-2,683	-0,940
111,400	-2,649	-0,939
111,450	-2,621	-0,938
111,500	-2,593	-0,938
111,550	-2,564	-0,937
111,600	-2,538	-0,937
111,650	-2,514	-0,936
111,700	-2,488	-0,935
111,750	-2,461	-0,934
111,800	-2,435	-0,934
111,850	-2,409	-0,933
111,900	-2,382	-0,933
111,950	-2,352	-0,932
112,000	-2,320	-0,931
112,050	-2,288	-0,929
112,100	-2,256	-0,929
112,150	-2,219	-0,928
112,200	-2,177	-0,927
112,250	-2,133	-0,925
112,300	-2,090	-0,924
112,350	-2,049	-0,922
112,400	-2,010	-0,921
112,450	-1,973	-0,920
112,500	-1,938	-0,919
112,550	-1,907	-0,917
112,600	-1,880	-0,917
112,650	-1,857	-0,915
112,700	-1,836	-0,915
112,750	-1,818	-0,914
112,800	-1,807	-0,914
112,850	-1,803	-0,913
112,900	-1,802	-0,914
112,950	-1,802	-0,913
113,000	-1,802	-0,914
113,050	-1,802	-0,913
113,100	-1,802	-0,914
113,150	-1,802	-0,913
113,200	-1,802	-0,914
113,250	-1,802	-0,913
113,300	-1,801	-0,913
113,350	-1,801	-0,913
113,400	-1,801	-0,914
113,450	-1,801	-0,913
113,500	-1,801	-0,913
113,550	-1,801	-0,913
113,600	-1,801	-0,913
113,650	-1,801	-0,913
113,700	-1,801	-0,913
113,750	-1,801	-0,913
113,800	-1,801	-0,913
113,850	-1,801	-0,913
113,900	-1,800	-0,914
113,950	-1,794	-0,913
114,000	-1,780	-0,913
114,050	-1,760	-0,912
114,100	-1,741	-0,912
114,150	-1,719	-0,910
114,200	-1,692	-0,910
114,250	-1,662	-0,908
114,300	-1,629	-0,907
114,350	-1,595	-0,905
114,400	-1,561	-0,905
114,450	-1,524	-0,902
114,500	-1,491	-0,901
114,550	-1,464	-0,899
114,600	-1,443	-0,899
114,650	-1,422	-0,898
114,700	-1,401	-0,897
114,750	-1,381	-0,895
114,800	-1,363	-0,895
114,850	-1,343	-0,894
114,900	-1,322	-0,894
114,950	-1,304	-0,892
115,000	-1,284	-0,892
115,050	-1,265	-0,890
115,100	-1,244	-0,889
115,150	-1,223	-0,888
115,200	-1,204	-0,888
115,250	-1,187	-0,886
115,300	-1,173	-0,886
115,350	-1,161	-0,884
115,400	-1,147	-0,884
115,450	-1,138	-0,883
115,500	-1,129	-0,883
115,550	-1,121	-0,882
115,600	-1,111	-0,882
115,650	-1,102	-0,881
115,700	-1,091	-0,882
115,750	-1,076	-0,880
115,800	-1,056	-0,880
115,850	-1,033	-0,877
115,900	-1,012	-0,877
115,950	-0,993	-0,875
116,000	-0,973	-0,875
116,050	-0,952	-0,873
116,100	-0,929	-0,872
116,150	-0,904	-0,870
116,200	-0,874	-0,869
116,250	-0,844	-0,866
116,300	-0,818	-0,865
116,350	-0,802	-0,863
116,400	-0,793	-0,863
116,450	-0,786	-0,862
116,500	-0,781	-0,862
116,550	-0,780	-0,861
116,600	-0,779	-0,862
116,650	-0,779	-0,861
116,700	-0,780	-0,862
116,750	-0,780	-0,861
116,800	-0,780	-0,862
116,850	-0,780	-0,861
116,900	-0,780	-0,862
116,950	-0,780	-0,861
117,000	-0,780	-0,862
117,050	-0,781	-0,861
117,100	-0,780	-0,862
117,150	-0,780	-0,861
117,200	-0,780	-0,862
117,250	-0,781	-0,861
117,300	-0,780	-0,862
117,350	-0,780	-0,860
117,400	-0,780	-0,862
117,450	-0,780	-0,861
117,500	-0,780	-0,862
117,550	-0,778	-0,861
117,600	-0,770	-0,862
117,650	-0,758	-0,860
117,700	-0,740	-0,860
117,750	-0,716	-0,857
117,800	-0,690	-0,857
117,850	-0,662	-0,854
117,900	-0,636	-0,853
117,950	-0,613	-0,850
118,000	-0,590	-0,849
118,050	-0,567	-0,846
118,100	-0,544	-0,846
118,150	-0,522	-0,843
118,200	-0,500	-0,842
118,250	-0,478	-0,839
118,300	-0,453	-0,838
118,350	-0,426	-0,834
118,400	-0,400	-0,833
118,450	-0,377	-0,830
118,500	-0,356	-0,829
118,550	-0,336	-0,826
118,600	-0,314	-0,825
118,650	-0,291	-0,821
118,700	-0,267	-0,820
118,750	-0,243	-0,816
118,800	-0,218	-0,814
118,850	-0,196	-0,810
118,900	-0,173	-0,809
118,950	-0,150	-0,805
119,000	-0,124	-0,802
119,050	-0,095	-0,797
119,100	-0,063	-0,794
119,150	-0,031	-0,788
119,200	0,002	-0,784
119,250	0,033	-0,777
119,300	0,059	-0,773
119,350	0,078	-0,767
119,400	0,089	-0,765
119,450	0,094	-0,762
119,500	0,094	-0,762
119,550	0,090	-0,761
119,600	0,086	-0,762
119,650	0,082	-0,761
119,700	0,080	-0,762
119,750	0,079	-0,761
119,800	0,078	-0,762
119,850	0,078	-0,761
119,900	0,078	-0,762
119,950	0,078	-0,760
120,000	0,078	-0,762
120,050	0,078	-0,761
120,100	0,078	-0,762
120,150	0,078	-0,761
120,200	0,078	-0,762
120,250	0,078	-0,761
120,300	0,078	-0,762
120,350	0,078	-0,761
120,400	0,078	-0,762
120,450	0,078	-0,761
120,500	0,078	-0,762
120,550	0,079	-0,760
120,600	0,078	-0,762
120,650	0,078	-0,760
120,700	0,078	-0,762
120,750	0,078	-0,761
120,800	0,078	-0,762
120,850	0,078	-0,761
120,900	0,079	-0,761
120,950	0,078	-0,760
121,000	0,078	-0,762
121,050	0,079	-0,760
121,100	0,079	-0,761
121,150	0,079	-0,760
121,200	0,079	-0,761
121,250	0,078	-0,761
121,300	0,079	-0,761
121,350	0,078	-0,761
121,400	0,078	-0,762
121,450	0,079	-0,760
121,500	0,079	-0,761
121,550	0,079	-0,760
121,600	0,078	-0,762
121,650	0,079	-0,760
121,700	0,078	-0,762
121,750	0,078	-0,761
121,800	0,079	-0,762
121,850	0,078	-0,761
121,900	0,078	-0,762
121,950	0,078	-0,761
122,000	0,079	-0,761
122,050	0,078	-0,761
122,100	0,078	-0,762
122,150	0,079	-0,760
122,200	0,078	-0,762
122,250	0,079	-0,760
122,300	0,079	-0,761
122,350	0,079	-0,760
122,400	0,078	-0,762
122,450	0,079	-0,760
122,500	0,079	-0,762
122,550	0,079	-0,760
122,600	0,079	-0,761
122,650	0,078	-0,761
122,700	0,079	-0,762
122,750	0,078	-0,761
122,800	0,079	-0,762
122,850	0,021	-0,762
122,900	-0,073	-0,767
122,950	-0,091	-0,767
123,000	-0,087	-0,768
123,050	-0,081	-0,767
123,100	-0,077	-0,767
123,150	-0,076	-0,766
123,200	-0,076	-0,767
123,250	-0,076	-0,766
123,300	-0,075	-0,767
123,350	-0,076	-0,766
123,400	-0,075	-0,768
123,450	-0,076	-0,767
123,500	-0,076	-0,768
123,550	-0,075	-0,766
123,600	-0,075	-0,767
123,650	-0,076	-0,767
123,700	-0,075	-0,767
123,750	-0,076	-0,767
123,800	-0,075	-0,767
123,850	-0,076	-0,767
123,900	-0,075	-0,767
123,950	-0,076	-0,767
124,000	-0,076	-0,768
124,050	-0,075	-0,767
124,100	-0,075	-0,767
124,150	-0,076	-0,767
124,200	-0,076	-0,768
124,250	-0,075	-0,767
124,300	-0,076	-0,768
124,350	-0,075	-0,766
124,400	-0,076	-0,768
124,450	-0,075	-0,766
124,500	-0,076	-0,768
124,550	-0,075	-0,766
124,600	-0,076	-0,768
124,650	-0,076	-0,767
124,700	-0,076	-0,768
124,750	-0,076	-0,767
124,800	-0,076	-0,768
124,850	-0,075	-0,766
124,900	-0,076	-0,768
124,950	-0,076	-0,767
125,000	-0,075	-0,767
125,050	-0,076	-0,767
125,100	-0,076	-0,767
125,150	-0,076	-0,767
125,200	-0,076	-0,768
125,250	-0,075	-0,766
125,300	-0,076	-0,768
125,350	-0,076	-0,767
125,400	-0,076	-0,768
125,450	-0,075	-0,766
125,500	-0,076	-0,768
125,550	-0,076	-0,767
125,600	-0,076	-0,768
125,650	-0,076	-0,767
125,700	-0,076	-0,768
125,750	-0,076	-0,767
125,800	-0,076	-0,768
125,850	-0,076	-0,767
125,900	-0,076	-0,767
125,950	-0,076	-0,767
126,000	-0,076	-0,767
126,050	-0,076	-0,767
126,100	-0,075	-0,767
126,150	-0,076	-0,767
126,200	-0,076	-0,768
126,250	-0,076	-0,767
126,300	-0,076	-0,767
126,350	-0,076	-0,767
126,400	-0,076	-0,768
126,450	-0,076	-0,767
126,500	-0,076	-0,768
126,550	-0,076	-0,767
126,600	-0,076	-0,768
126,650	-0,075	-0,766
126,700	-0,076	-0,768
126,750	-0,076	-0,767
126,800	-0,076	-0,768
126,850	-0,075	-0,767
126,900	-0,076	-0,768
126,950	-0,075	-0,766
127,000	-0,076	-0,768
127,050	-0,076	-0,767
127,100	-0,075	-0,767
127,150	-0,076	-0,767
127,200	-0,076	-0,768
127,250	-0,076	-0,767
127,300	-0,076	-0,767
127,350	-0,076	-0,767
127,400	-0,076	-0,767
127,450	-0,076	-0,767
127,500	-0,076	-0,768
127,550	-0,076	-0,767
127,600	-0,076	-0,767
127,650	-0,076	-0,767
127,700	-0,075	-0,767
127,750	-0,076	-0,767
127,800	-0,076	-0,768
127,850	-0,076	-0,767
127,900	-0,076	-0,768
127,950	-0,075	-0,767
128,000	-0,073	-0,768
128,050	-0,070	-0,767
128,100	-0,065	-0,767
128,150	-0,057	-0,766
128,200	-0,047	-0,767
128,250	-0,038	-0,766
128,300	-0,034	-0,766
128,350	-0,031	-0,765
128,400	-0,023	-0,766
128,450	-0,009	-0,765
128,500	0,004	-0,765
128,550	0,012	-0,764
128,600	0,015	-0,765
128,650	0,017	-0,764
128,700	0,023	-0,765
128,750	0,032	-0,764
128,800	0,045	-0,764
128,850	0,058	-0,762
128,900	0,072	-0,763
128,950	0,092	-0,761
129,000	0,107	-0,760
129,050	0,118	-0,757
129,100	0,128	-0,755
129,150	0,138	-0,753
129,200	0,149	-0,750
129,250	0,158	-0,747
129,300	0,167	-0,744
129,350	0,176	-0,741
129,400	0,184	-0,738
129,450	0,193	-0,734
129,500	0,201	-0,731
129,550	0,210	-0,726
129,600	0,218	-0,722
129,650	0,227	-0,716
129,700	0,234	-0,710
129,750	0,241	-0,702
129,800	0,246	-0,695
129,850	0,250	-0,684
129,900	0,255	-0,673
129,950	0,259	-0,659
130,000	0,263	-0,643
130,050	0,267	-0,625
130,100	0,272	-0,606
130,150	0,278	-0,583
130,200	0,287	-0,559
130,250	0,297	-0,531
130,300	0,310	-0,501
130,350	0,323	-0,470
130,400	0,343	-0,438
130,450	0,372	-0,407
130,500	0,409	-0,378
130,550	0,448	-0,351
130,600	0,485	-0,330
130,650	0,517	-0,314
130,700	0,541	-0,303
130,750	0,557	-0,296
130,800	0,570	-0,291
130,850	0,582	-0,287
130,900	0,597	-0,283
130,950	0,614	-0,277
131,000	0,636	-0,272
131,050	0,660	-0,265
131,100	0,686	-0,259
131,150	0,711	-0,252
131,200	0,732	-0,248
131,250	0,748	-0,243
131,300	0,761	-0,241
131,350	0,773	-0,238
131,400	0,786	-0,236
131,450	0,800	-0,233
131,500	0,817	-0,231
131,550	0,831	-0,228
131,600	0,845	-0,225
131,650	0,855	-0,223
131,700	0,861	-0,222
131,750	0,867	-0,221
131,800	0,870	-0,220
131,850	0,873	-0,219
131,900	0,873	-0,220
131,950	0,873	-0,219
132,000	0,873	-0,219
132,050	0,878	-0,219
132,100	0,882	-0,219
132,150	0,888	-0,218
132,200	0,895	-0,217
132,250	0,901	-0,216
132,300	0,906	-0,215
132,350	0,912	-0,214
132,400	0,918	-0,213
132,450	0,923	-0,212
132,500	0,927	-0,212
132,550	0,932	-0,211
132,600	0,937	-0,210
132,650	0,942	-0,210
132,700	0,948	-0,209
132,750	0,954	-0,208
132,800	0,962	-0,207
132,850	0,970	-0,206
132,900	0,980	-0,205
132,950	0,989	-0,204
133,000	0,999	-0,202
133,050	1,009	-0,201
133,100	1,019	-0,200
133,150	1,030	-0,198
133,200	1,041	-0,197
133,250	1,051	-0,196
133,300	1,063	-0,194
133,350	1,074	-0,193
133,400	1,081	-0,192
133,450	1,087	-0,191
133,500	1,093	-0,190
133,550	1,098	-0,190
133,600	1,106	-0,189
133,650	1,116	-0,188
133,700	1,130	-0,187
133,750	1,144	-0,185
133,800	1,161	-0,183
133,850	1,178	-0,181
133,900	1,196	-0,180
133,950	1,212	-0,178
134,000	1,222	-0,177
134,050	1,231	-0,176
134,100	1,238	-0,175
134,150	1,248	-0,174
134,200	1,260	-0,173
134,250	1,276	-0,171
134,300	1,292	-0,170
134,350	1,312	-0,168
134,400	1,334	-0,166
134,450	1,352	-0,164
134,500	1,363	-0,163
134,550	1,368	-0,163
134,600	1,368	-0,162
134,650	1,366	-0,162
134,700	1,364	-0,162
134,750	1,363	-0,162
134,800	1,361	-0,163
134,850	1,361	-0,163
134,900	1,361	-0,162
134,950	1,361	-0,163
135,000	1,361	-0,163
135,050	1,361	-0,162
135,100	1,361	-0,162
135,150	1,361	-0,163
135,200	1,361	-0,162
135,250	1,361	-0,163
135,300	1,360	-0,163
135,350	1,361	-0,162
135,400	1,361	-0,163
135,450	1,361	-0,162
135,500	1,361	-0,162
135,550	1,361	-0,163
135,600	1,361	-0,162
135,650	1,363	-0,162
135,700	1,370	-0,163
135,750	1,385	-0,162
135,800	1,412	-0,159
135,850	1,444	-0,157
135,900	1,473	-0,154
135,950	1,492	-0,153
136,000	1,508	-0,151
136,050	1,524	-0,150
136,100	1,541	-0,149
136,150	1,561	-0,148
136,200	1,582	-0,146
136,250	1,599	-0,145
136,300	1,612	-0,143
136,350	1,628	-0,143
136,400	1,648	-0,141
136,450	1,672	-0,140
136,500	1,694	-0,138
136,550	1,715	-0,137
136,600	1,732	-0,135
136,650	1,744	-0,135
136,700	1,754	-0,134
136,750	1,764	-0,133
136,800	1,775	-0,132
136,850	1,788	-0,132
136,900	1,798	-0,130
136,950	1,807	-0,130
137,000	1,819	-0,129
137,050	1,833	-0,129
137,100	1,850	-0,127
137,150	1,869	-0,126
137,200	1,888	-0,125
137,250	1,905	-0,124
137,300	1,920	-0,124
137,350	1,935	-0,123
137,400	1,949	-0,121
137,450	1,965	-0,121
137,500	1,983	-0,119
137,550	2,003	-0,119
137,600	2,019	-0,117
137,650	2,033	-0,117
137,700	2,047	-0,116
137,750	2,060	-0,116
137,800	2,074	-0,114
137,850	2,087	-0,114
137,900	2,098	-0,113
137,950	2,110	-0,113
138,000	2,122	-0,112
138,050	2,137	-0,111
138,100	2,152	-0,110
138,150	2,166	-0,110
138,200	2,180	-0,109
138,250	2,197	-0,109
138,300	2,218	-0,107
138,350	2,238	-0,106
138,400	2,257	-0,105
138,450	2,270	-0,105
138,500	2,278	-0,104
138,550	2,281	-0,104
138,600	2,287	-0,104
138,650	2,296	-0,104
138,700	2,305	-0,102
138,750	2,312	-0,103
138,800	2,321	-0,102
138,850	2,330	-0,102
138,900	2,343	-0,101
138,950	2,360	-0,101
139,000	2,380	-0,099
139,050	2,401	-0,099
139,100	2,415	-0,097
139,150	2,424	-0,098
139,200	2,435	-0,096
139,250	2,448	-0,097
139,300	2,464	-0,095
139,350	2,486	-0,095
139,400	2,510	-0,093
139,450	2,533	-0,093
139,500	2,556	-0,091
139,550	2,576	-0,091
139,600	2,590	-0,090
139,650	2,602	-0,090
139,700	2,612	-0,089
139,750	2,625	-0,089
139,800	2,642	-0,088
139,850	2,660	-0,087
139,900	2,678	-0,086
139,950	2,693	-0,086
140,000	2,701	-0,085
140,050	2,704	-0,086
140,100	2,705	-0,085
140,150	2,704	-0,086
140,200	2,704	-0,085
140,250	2,704	-0,086
140,300	2,704	-0,085
140,350	2,704	-0,086
140,400	2,704	-0,085
140,450	2,704	-0,086
140,500	2,704	-0,085
140,550	2,704	-0,086
140,600	2,704	-0,085
140,650	2,704	-0,086
140,700	2,704	-0,085
140,750	2,704	-0,086
140,800	2,704	-0,085
140,850	2,704	-0,086
140,900	2,706	-0,085
140,950	2,719	-0,085
141,000	2,738	-0,084
141,050	2,762	-0,084
141,100	2,781	-0,082
141,150	2,800	-0,083
141,200	2,821	-0,081
141,250	2,845	-0,081
141,300	2,875	-0,079
141,350	2,902	-0,079
141,400	2,922	-0,077
141,450	2,937	-0,077
141,500	2,952	-0,076
141,550	2,972	-0,076
141,600	2,997	-0,074
141,650	3,025	-0,074
141,700	3,051	-0,072
141,750	3,073	-0,073
141,800	3,094	-0,071
141,850	3,115	-0,071
141,900	3,135	-0,070
141,950	3,154	-0,070
142,000	3,173	-0,068
142,050	3,195	-0,068
142,100	3,218	-0,067
142,150	3,242	-0,067
142,200	3,264	-0,065
142,250	3,284	-0,066
142,300	3,308	-0,064
142,350	3,331	-0,064
142,400	3,352	-0,063
142,450	3,369	-0,063
142,500	3,383	-0,062
142,550	3,394	-0,062
142,600	3,411	-0,061
142,650	3,432	-0,061
142,700	3,454	-0,060
142,750	3,472	-0,060
142,800	3,486	-0,059
142,850	3,496	-0,060
142,900	3,507	-0,059
142,950	3,525	-0,059
143,000	3,542	-0,058
143,050	3,552	-0,058
143,100	3,560	-0,057
143,150	3,572	-0,058
143,200	3,587	-0,056
143,250	3,602	-0,057
143,300	3,617	-0,055
143,350	3,635	-0,056
143,400	3,651	-0,055
143,450	3,666	-0,055
143,500	3,676	-0,054
143,550	3,684	-0,054
143,600	3,695	-0,053
143,650	3,707	-0,054
143,700	3,721	-0,053
143,750	3,731	-0,053
143,800	3,742	-0,052
143,850	3,755	-0,053
143,900	3,772	-0,052
143,950	3,789	-0,052
144,000	3,805	-0,051
144,050	3,817	-0,051
144,100	3,823	-0,050
144,150	3,826	-0,051
144,200	3,834	-0,050
144,250	3,845	-0,051
144,300	3,859	-0,049
144,350	3,876	-0,050
144,400	3,889	-0,049
144,450	3,896	-0,049
144,500	3,904	-0,049
144,550	3,915	-0,049
144,600	3,929	-0,048
144,650	3,948	-0,048
144,700	3,969	-0,047
144,750	3,987	-0,047
144,800	3,998	-0,046
144,850	4,002	-0,047
144,900	4,005	-0,046
144,950	4,011	-0,047
145,000	4,017	-0,046
145,050	4,017	-0,047
145,100	4,016	-0,046
145,150	4,014	-0,047
145,200	4,015	-0,045
145,250	4,014	-0,047
145,300	4,014	-0,045
145,350	4,014	-0,047
145,400	4,014	-0,046
145,450	4,015	-0,047
145,500	4,019	-0,045
145,550	4,021	-0,046
145,600	4,022	-0,045
145,650	4,026	-0,046
145,700	4,039	-0,045
145,750	4,055	-0,046
145,800	4,074	-0,044
145,850	4,094	-0,045
145,900	4,115	-0,043
145,950	4,132	-0,044
146,000	4,142	-0,043
146,050	4,153	-0,044
146,100	4,172	-0,042
146,150	4,194	-0,043
146,200	4,209	-0,041
146,250	4,220	-0,042
146,300	4,239	-0,041
146,350	4,262	-0,041
146,400	4,284	-0,040
146,450	4,303	-0,041
146,500	4,322	-0,039
146,550	4,340	-0,040
146,600	4,354	-0,039
146,650	4,368	-0,039
146,700	4,383	-0,038
146,750	4,397	-0,039
146,800	4,413	-0,037
146,850	4,429	-0,038
146,900	4,449	-0,037
146,950	4,471	-0,037
147,000	4,494	-0,036
147,050	4,517	-0,036
147,100	4,538	-0,035
147,150	4,557	-0,036
147,200	4,578	-0,034
147,250	4,599	-0,035
147,300	4,622	-0,034
147,350	4,643	-0,034
147,400	4,660	-0,033
147,450	4,676	-0,034
147,500	4,693	-0,032
147,550	4,707	-0,033
147,600	4,721	-0,032
147,650	4,736	-0,033
147,700	4,747	-0,031
147,750	4,759	-0,032
147,800	4,776	-0,031
147,850	4,791	-0,032
147,900	4,807	-0,030
147,950	4,822	-0,031
148,000	4,835	-0,030
148,050	4,847	-0,030
148,100	4,861	-0,029
148,150	4,877	-0,030
148,200	4,898	-0,029
148,250	4,916	-0,030
148,300	4,927	-0,028
148,350	4,931	-0,029
148,400	4,933	-0,028
148,450	4,933	-0,029
148,500	4,934	-0,028
148,550	4,934	-0,029
148,600	4,934	-0,028
148,650	4,934	-0,029
148,700	4,934	-0,028
148,750	4,934	-0,029
148,800	4,934	-0,028
148,850	4,934	-0,029
148,900	4,934	-0,028
148,950	4,934	-0,029
149,000	4,936	-0,028
149,050	4,947	-0,029
149,100	4,959	-0,028
149,150	4,967	-0,029
149,200	4,981	-0,028
149,250	5,015	-0,028
149,300	5,065	-0,026
149,350	5,109	-0,027
149,400	5,143	-0,025
149,450	5,169	-0,026
149,500	5,190	-0,024
149,550	5,213	-0,025
149,600	5,245	-0,023
149,650	5,273	-0,024
149,700	5,295	-0,022
149,750	5,311	-0,023
149,800	5,329	-0,022
149,850	5,353	-0,023
149,900	5,381	-0,022
149,950	5,410	-0,022
150,000	5,434	-0,020
150,050	5,453	-0,022
150,100	5,466	-0,020
150,150	5,480	-0,021
150,200	5,499	-0,019
150,250	5,520	-0,021
150,300	5,543	-0,019
150,350	5,562	-0,020
150,400	5,573	-0,019
150,450	5,583	-0,020
150,500	5,593	-0,018
150,550	5,604	-0,019
150,600	5,617	-0,018
150,650	5,634	-0,019
150,700	5,644	-0,018
150,750	5,649	-0,019
150,800	5,651	-0,018
150,850	5,652	-0,019
150,900	5,647	-0,018
150,950	5,641	-0,019
151,000	5,638	-0,018
151,050	5,637	-0,019
151,100	5,636	-0,018
151,150	5,636	-0,019
151,200	5,636	-0,018
151,250	5,635	-0,019
151,300	5,643	-0,018
151,350	5,669	-0,019
151,400	5,698	-0,017
151,450	5,716	-0,018
151,500	5,744	-0,017
151,550	5,780	-0,017
151,600	5,815	-0,016
151,650	5,838	-0,016
151,700	5,855	-0,015
151,750	5,863	-0,016
151,800	5,869	-0,015
151,850	5,879	-0,016
151,900	5,893	-0,014
151,950	5,909	-0,015
152,000	5,926	-0,014
152,050	5,940	-0,015
152,100	5,956	-0,014
152,150	5,978	-0,015
152,200	6,003	-0,013
152,250	6,020	-0,014
152,300	6,035	-0,013
152,350	6,043	-0,014
152,400	6,049	-0,013
152,450	6,060	-0,014
152,500	6,074	-0,012
152,550	6,090	-0,013
152,600	6,107	-0,012
152,650	6,119	-0,013
152,700	6,130	-0,012
152,750	6,136	-0,012
152,800	6,138	-0,012
152,850	6,139	-0,012
152,900	6,141	-0,012
152,950	6,144	-0,013
153,000	6,152	-0,011
153,050	6,158	-0,012
153,100	6,168	-0,011
153,150	6,174	-0,012
153,200	6,183	-0,011
153,250	6,195	-0,012
153,300	6,206	-0,011
153,350	6,218	-0,012
153,400	6,226	-0,011
153,450	6,229	-0,011
153,500	6,230	-0,011
153,550	6,232	-0,012
153,600	6,240	-0,010
153,650	6,245	-0,011
153,700	6,248	-0,010
153,750	6,249	-0,011
153,800	6,249	-0,011
153,850	6,249	-0,011
153,900	6,250	-0,010
153,950	6,250	-0,011
154,000	6,250	-0,010
154,050	6,250	-0,011
154,100	6,250	-0,011
154,150	6,252	-0,011
154,200	6,259	-0,010
154,250	6,264	-0,011
154,300	6,266	-0,010
154,350	6,267	-0,011
154,400	6,267	-0,010
154,450	6,270	-0,011
154,500	6,278	-0,010
154,550	6,283	-0,011
154,600	6,285	-0,010
154,650	6,285	-0,011
154,700	6,289	-0,010
154,750	6,297	-0,011
154,800	6,301	-0,010
154,850	6,308	-0,011
154,900	6,321	-0,009
154,950	6,339	-0,011
155,000	6,357	-0,009
155,050	6,367	-0,010
155,100	6,373	-0,009
155,150	6,381	-0,010
155,200	6,389	-0,009
155,250	6,393	-0,010
155,300	6,406	-0,009
155,350	6,419	-0,009
155,400	6,432	-0,008
155,450	6,441	-0,009
155,500	6,446	-0,008
155,550	6,453	-0,009
155,600	6,461	-0,008
155,650	6,471	-0,009
155,700	6,479	-0,008
155,750	6,483	-0,008
155,800	6,488	-0,008
155,850	6,500	-0,008
155,900	6,511	-0,008
155,950	6,522	-0,008
156,000	6,532	-0,007
156,050	6,537	-0,008
156,100	6,547	-0,007
156,150	6,553	-0,008
156,200	6,556	-0,007
156,250	6,556	-0,008
156,300	6,557	-0,007
156,350	6,558	-0,008
156,400	6,558	-0,007
156,450	6,558	-0,008
156,500	6,559	-0,007
156,550	6,558	-0,008
156,600	6,559	-0,007
156,650	6,559	-0,008
156,700	6,559	-0,007
156,750	6,558	-0,008
156,800	6,558	-0,007
156,850	6,558	-0,008
156,900	6,557	-0,007
156,950	6,557	-0,008
157,000	6,558	-0,007
157,050	6,558	-0,008
157,100	6,558	-0,007
157,150	6,558	-0,008
157,200	6,558	-0,007
157,250	6,558	-0,008
157,300	6,558	-0,007
157,350	6,558	-0,008
157,400	6,558	-0,007
157,450	6,558	-0,008
157,500	6,558	-0,007
157,550	6,558	-0,008
157,600	6,558	-0,007
157,650	6,564	-0,007
157,700	6,582	-0,007
157,750	6,603	-0,007
157,800	6,623	-0,007
157,850	6,636	-0,007
157,900	6,643	-0,006
157,950	6,646	-0,007
158,000	6,652	-0,006
158,050	6,661	-0,007
158,100	6,675	-0,006
158,150	6,688	-0,007
158,200	6,695	-0,006
158,250	6,698	-0,006
158,300	6,700	-0,006
158,350	6,701	-0,006
158,400	6,705	-0,006
158,450	6,716	-0,006
158,500	6,728	-0,006
158,550	6,734	-0,006
158,600	6,736	-0,006
158,650	6,738	-0,006
158,700	6,739	-0,005
158,750	6,746	-0,006
158,800	6,752	-0,005
158,850	6,761	-0,006
158,900	6,769	-0,005
158,950	6,772	-0,006
159,000	6,773	-0,005
159,050	6,769	-0,005
159,100	6,762	-0,005
159,150	6,759	-0,006
159,200	6,758	-0,005
159,250	6,757	-0,005
159,300	6,757	-0,005
159,350	6,757	-0,005
159,400	6,756	-0,005
159,450	6,757	-0,005
159,500	6,757	-0,005
159,550	6,757	-0,005
159,600	6,757	-0,005
159,650	6,757	-0,005
159,700	6,757	-0,005
159,750	6,757	-0,006
159,800	6,757	-0,005
159,850	6,757	-0,006
159,900	6,756	-0,006
159,950	6,757	-0,006
160,000	6,757	-0,006
160,050	6,757	-0,005
160,100	6,756	-0,006
160,150	6,757	-0,005
160,200	6,757	-0,006
160,250	6,757	-0,005
160,300	6,757	-0,006
160,350	6,757	-0,005
160,400	6,757	-0,006
160,450	6,757	-0,005
160,500	6,757	-0,005
160,550	6,757	-0,005
160,600	6,757	-0,006
160,650	6,757	-0,005
160,700	6,757	-0,006
160,750	6,757	-0,006
160,800	6,757	-0,006
160,850	6,757	-0,006
160,900	6,757	-0,006
160,950	6,757	-0,005
161,000	6,757	-0,006
161,050	6,757	-0,005
161,100	6,757	-0,006
161,150	6,757	-0,005
161,200	6,757	-0,006
161,250	6,757	-0,005
161,300	6,757	-0,006
161,350	6,757	-0,006
161,400	6,757	-0,006
161,450	6,757	-0,005
161,500	6,757	-0,006
161,550	6,757	-0,005
161,600	6,757	-0,006
161,650	6,757	-0,005
161,700	6,757	-0,006
161,750	6,757	-0,006
161,800	6,757	-0,006
161,850	6,757	-0,005
161,900	6,757	-0,006
161,950	6,757	-0,005
162,000	6,757	-0,006
162,050	6,757	-0,005
162,100	6,757	-0,006
162,150	6,757	-0,005
162,200	6,757	-0,006
162,250	6,757	-0,006
162,300	6,757	-0,006
162,350	6,757	-0,005
162,400	6,757	-0,006
162,450	6,757	-0,006
162,500	6,757	-0,006
162,550	6,758	-0,005
162,600	6,757	-0,006
162,650	6,757	-0,006
162,700	6,757	-0,006
162,750	6,757	-0,006
162,800	6,757	-0,007
162,850	6,758	-0,005
162,900	6,757	-0,006
162,950	6,758	-0,005
163,000	6,758	-0,006
163,050	6,758	-0,005
163,100	6,757	-0,006
163,150	6,758	-0,005
163,200	6,758	-0,006
163,250	6,758	-0,005
163,300	6,758	-0,006
163,350	6,758	-0,005
163,400	6,758	-0,006
163,450	6,758	-0,005
163,500	6,757	-0,006
163,550	6,758	-0,005
163,600	6,757	-0,006
163,650	6,758	-0,006
163,700	6,758	-0,006
163,750	6,758	-0,005
163,800	6,758	-0,006
163,850	6,758	-0,006
163,900	6,758	-0,006
163,950	6,758	-0,005
164,000	6,757	-0,006
164,050	6,758	-0,005
164,100	6,758	-0,006
164,150	6,757	-0,006
164,200	6,757	-0,006
164,250	6,758	-0,005
164,300	6,758	-0,006
164,350	6,757	-0,006
164,400	6,757	-0,006
164,450	6,758	-0,005
164,500	6,757	-0,006
164,550	6,758	-0,005
164,600	6,757	-0,006
164,650	6,758	-0,005
164,700	6,757	-0,006
164,750	6,758	-0,005
164,800	6,757	-0,006
164,850	6,758	-0,005
164,900	6,757	-0,006
164,950	6,757	-0,005
165,000	6,757	-0,006
165,050	6,757	-0,005
165,100	6,757	-0,006
165,150	6,758	-0,005
165,200	6,757	-0,006
165,250	6,758	-0,006
165,300	6,758	-0,006
165,350	6,758	-0,005
165,400	6,757	-0,006
165,450	6,758	-0,005
165,500	6,757	-0,006
165,550	6,758	-0,005
165,600	6,757	-0,006
165,650	6,758	-0,005
165,700	6,758	-0,006
165,750	6,758	-0,005
165,800	6,758	-0,006
165,850	6,758	-0,005
165,900	6,757	-0,007
165,950	6,758	-0,005
166,000	6,758	-0,006
166,050	6,758	-0,005
166,100	6,758	-0,006
166,150	6,758	-0,006
166,200	6,758	-0,006
166,250	6,758	-0,005
166,300	6,758	-0,006
166,350	6,758	-0,005
166,400	6,757	-0,006
166,450	6,758	-0,005
166,500	6,757	-0,006
166,550	6,758	-0,005
166,600	6,758	-0,006
166,650	6,757	-0,006
166,700	6,757	-0,006
166,750	6,758	-0,005
166,800	6,758	-0,006
166,850	6,758	-0,005
166,900	6,758	-0,006
166,950	6,758	-0,005
167,000	6,758	-0,006
167,050	6,758	-0,005
167,100	6,758	-0,006
167,150	6,758	-0,005
167,200	6,757	-0,006
167,250	6,758	-0,005
167,300	6,758	-0,006
167,350	6,758	-0,005
167,400	6,757	-0,006
167,450	6,758	-0,005
167,500	6,757	-0,006
167,550	6,758	-0,005
167,600	6,757	-0,006
167,650	6,757	-0,005
167,700	6,757	-0,006
167,750	6,758	-0,005
167,800	6,758	-0,006
167,850	6,757	-0,005
167,900	6,757	-0,006
167,950	6,758	-0,005
168,000	6,757	-0,006
168,050	6,758	-0,005
168,100	6,757	-0,006
168,150	6,758	-0,005
168,200	6,757	-0,006
168,250	6,758	-0,005
168,300	6,757	-0,006
168,350	6,758	-0,005
168,400	6,757	-0,006
168,450	6,757	-0,006
168,500	6,757	-0,006
168,550	6,758	-0,005
168,600	6,757	-0,006
168,650	6,758	-0,005
168,700	6,758	-0,006
168,750	6,758	-0,005
168,800	6,757	-0,007
168,850	6,758	-0,005
168,900	6,758	-0,006
168,950	6,758	-0,005
169,000	6,757	-0,007
169,050	6,758	-0,005
169,100	6,758	-0,006
169,150	6,758	-0,005
169,200	6,757	-0,006
169,250	6,758	-0,005
169,300	6,758	-0,006
169,350	6,758	-0,005
169,400	6,758	-0,006
169,450	6,758	-0,005
169,500	6,757	-0,007
169,550	6,758	-0,005
169,600	6,757	-0,006
169,650	6,758	-0,005
169,700	6,757	-0,007
169,750	6,758	-0,005
169,800	6,757	-0,007
169,850	6,758	-0,005
169,900	6,758	-0,006
169,950	6,758	-0,005
170,000	6,757	-0,007
170,050	6,758	-0,005
170,100	6,757	-0,006
170,150	6,758	-0,005
170,200	6,758	-0,007
170,250	6,758	-0,006
170,300	6,758	-0,006
170,350	6,759	-0,005
170,400	6,758	-0,006
170,450	6,758	-0,005
170,500	6,758	-0,007
170,550	6,758	-0,005
170,600	6,757	-0,007
170,650	6,758	-0,006
170,700	6,757	-0,007
170,750	6,758	-0,006
170,800	6,757	-0,007
