Zeit (s) Messreihe #3	Spannung, Ch A (V) Messreihe #3	Spannung, Ch B (V) Messreihe #3
0,000	6,708	-0,011
0,050	6,708	-0,011
0,100	6,708	-0,011
0,150	6,708	-0,011
0,200	6,708	-0,011
0,250	6,708	-0,011
0,300	6,708	-0,011
0,350	6,708	-0,011
0,400	6,708	-0,011
0,450	6,708	-0,011
0,500	6,708	-0,011
0,550	6,708	-0,011
0,600	6,708	-0,011
0,650	6,704	-0,011
0,700	6,697	-0,011
0,750	6,692	-0,011
0,800	6,683	-0,011
0,850	6,670	-0,011
0,900	6,653	-0,012
0,950	6,636	-0,012
1,000	6,621	-0,012
1,050	6,608	-0,012
1,100	6,593	-0,012
1,150	6,578	-0,012
1,200	6,571	-0,012
1,250	6,567	-0,012
1,300	6,563	-0,012
1,350	6,555	-0,012
1,400	6,548	-0,012
1,450	6,538	-0,012
1,500	6,531	-0,012
1,550	6,521	-0,013
1,600	6,515	-0,012
1,650	6,506	-0,013
1,700	6,499	-0,012
1,750	6,488	-0,013
1,800	6,479	-0,013
1,850	6,467	-0,013
1,900	6,455	-0,013
1,950	6,444	-0,013
2,000	6,432	-0,013
2,050	6,424	-0,014
2,100	6,414	-0,013
2,150	6,407	-0,014
2,200	6,397	-0,013
2,250	6,390	-0,014
2,300	6,382	-0,013
2,350	6,373	-0,014
2,400	6,370	-0,013
2,450	6,367	-0,014
2,500	6,364	-0,013
2,550	6,356	-0,014
2,600	6,350	-0,014
2,650	6,340	-0,014
2,700	6,332	-0,014
2,750	6,321	-0,015
2,800	6,308	-0,014
2,850	6,292	-0,015
2,900	6,276	-0,014
2,950	6,263	-0,015
3,000	6,251	-0,015
3,050	6,245	-0,015
3,100	6,235	-0,014
3,150	6,221	-0,015
3,200	6,210	-0,015
3,250	6,197	-0,015
3,300	6,191	-0,015
3,350	6,187	-0,016
3,400	6,178	-0,015
3,450	6,168	-0,016
3,500	6,154	-0,015
3,550	6,134	-0,016
3,600	6,108	-0,015
3,650	6,082	-0,016
3,700	6,062	-0,016
3,750	6,046	-0,017
3,800	6,035	-0,016
3,850	6,026	-0,017
3,900	6,014	-0,016
3,950	5,998	-0,017
4,000	5,981	-0,016
4,050	5,964	-0,018
4,100	5,949	-0,017
4,150	5,940	-0,018
4,200	5,930	-0,017
4,250	5,922	-0,018
4,300	5,918	-0,017
4,350	5,909	-0,018
4,400	5,903	-0,017
4,450	5,893	-0,018
4,500	5,884	-0,017
4,550	5,873	-0,018
4,600	5,862	-0,018
4,650	5,850	-0,018
4,700	5,833	-0,018
4,750	5,815	-0,019
4,800	5,802	-0,018
4,850	5,791	-0,019
4,900	5,772	-0,018
4,950	5,750	-0,019
5,000	5,730	-0,019
5,050	5,710	-0,020
5,100	5,695	-0,019
5,150	5,680	-0,020
5,200	5,671	-0,019
5,250	5,663	-0,020
5,300	5,653	-0,019
5,350	5,641	-0,020
5,400	5,625	-0,020
5,450	5,608	-0,021
5,500	5,600	-0,020
5,550	5,593	-0,021
5,600	5,583	-0,020
5,650	5,575	-0,021
5,700	5,560	-0,020
5,750	5,548	-0,021
5,800	5,542	-0,020
5,850	5,539	-0,021
5,900	5,532	-0,020
5,950	5,523	-0,022
6,000	5,513	-0,021
6,050	5,506	-0,022
6,100	5,504	-0,021
6,150	5,500	-0,022
6,200	5,482	-0,021
6,250	5,464	-0,022
6,300	5,455	-0,021
6,350	5,451	-0,022
6,400	5,449	-0,021
6,450	5,448	-0,022
6,500	5,448	-0,021
6,550	5,447	-0,022
6,600	5,447	-0,021
6,650	5,447	-0,022
6,700	5,447	-0,021
6,750	5,447	-0,022
6,800	5,447	-0,021
6,850	5,447	-0,022
6,900	5,447	-0,021
6,950	5,447	-0,022
7,000	5,447	-0,021
7,050	5,452	-0,022
7,100	5,455	-0,021
7,150	5,453	-0,022
7,200	5,452	-0,021
7,250	5,449	-0,022
7,300	5,442	-0,021
7,350	5,427	-0,023
7,400	5,416	-0,021
7,450	5,402	-0,023
7,500	5,390	-0,022
7,550	5,378	-0,023
7,600	5,367	-0,022
7,650	5,357	-0,023
7,700	5,346	-0,022
7,750	5,334	-0,023
7,800	5,323	-0,022
7,850	5,308	-0,023
7,900	5,293	-0,022
7,950	5,278	-0,024
8,000	5,265	-0,023
8,050	5,249	-0,024
8,100	5,237	-0,023
8,150	5,224	-0,024
8,200	5,213	-0,024
8,250	5,198	-0,025
8,300	5,179	-0,024
8,350	5,157	-0,025
8,400	5,137	-0,024
8,450	5,120	-0,025
8,500	5,106	-0,025
8,550	5,092	-0,026
8,600	5,078	-0,025
8,650	5,060	-0,026
8,700	5,041	-0,025
8,750	5,024	-0,026
8,800	5,009	-0,026
8,850	4,994	-0,027
8,900	4,986	-0,026
8,950	4,976	-0,027
9,000	4,966	-0,026
9,050	4,953	-0,027
9,100	4,940	-0,026
9,150	4,928	-0,027
9,200	4,912	-0,026
9,250	4,897	-0,028
9,300	4,881	-0,027
9,350	4,866	-0,028
9,400	4,851	-0,027
9,450	4,835	-0,028
9,500	4,820	-0,027
9,550	4,805	-0,029
9,600	4,789	-0,028
9,650	4,775	-0,029
9,700	4,764	-0,028
9,750	4,753	-0,029
9,800	4,741	-0,028
9,850	4,730	-0,030
9,900	4,720	-0,029
9,950	4,709	-0,030
10,000	4,701	-0,029
10,050	4,692	-0,030
10,100	4,683	-0,029
10,150	4,672	-0,030
10,200	4,661	-0,029
10,250	4,648	-0,031
10,300	4,635	-0,029
10,350	4,617	-0,031
10,400	4,593	-0,030
10,450	4,564	-0,031
10,500	4,547	-0,030
10,550	4,539	-0,031
10,600	4,536	-0,031
10,650	4,534	-0,031
10,700	4,527	-0,031
10,750	4,520	-0,032
10,800	4,517	-0,031
10,850	4,515	-0,032
10,900	4,515	-0,031
10,950	4,514	-0,032
11,000	4,514	-0,031
11,050	4,514	-0,032
11,100	4,514	-0,031
11,150	4,514	-0,032
11,200	4,514	-0,031
11,250	4,514	-0,032
11,300	4,514	-0,031
11,350	4,513	-0,032
11,400	4,514	-0,031
11,450	4,513	-0,032
11,500	4,514	-0,031
11,550	4,513	-0,032
11,600	4,513	-0,031
11,650	4,513	-0,032
11,700	4,513	-0,031
11,750	4,513	-0,032
11,800	4,513	-0,031
11,850	4,510	-0,032
11,900	4,499	-0,031
11,950	4,479	-0,032
12,000	4,453	-0,032
12,050	4,437	-0,033
12,100	4,430	-0,032
12,150	4,426	-0,033
12,200	4,421	-0,032
12,250	4,413	-0,033
12,300	4,408	-0,032
12,350	4,398	-0,033
12,400	4,386	-0,033
12,450	4,369	-0,034
12,500	4,351	-0,033
12,550	4,329	-0,034
12,600	4,306	-0,034
12,650	4,283	-0,034
12,700	4,257	-0,034
12,750	4,232	-0,035
12,800	4,207	-0,035
12,850	4,183	-0,036
12,900	4,167	-0,035
12,950	4,151	-0,036
13,000	4,131	-0,036
13,050	4,111	-0,037
13,100	4,089	-0,037
13,150	4,068	-0,037
13,200	4,048	-0,038
13,250	4,028	-0,038
13,300	4,008	-0,038
13,350	3,986	-0,039
13,400	3,969	-0,038
13,450	3,954	-0,039
13,500	3,947	-0,039
13,550	3,944	-0,039
13,600	3,942	-0,039
13,650	3,937	-0,039
13,700	3,926	-0,039
13,750	3,912	-0,039
13,800	3,897	-0,039
13,850	3,880	-0,040
13,900	3,865	-0,040
13,950	3,850	-0,040
14,000	3,833	-0,040
14,050	3,817	-0,041
14,100	3,802	-0,041
14,150	3,785	-0,042
14,200	3,769	-0,041
14,250	3,749	-0,042
14,300	3,725	-0,042
14,350	3,698	-0,043
14,400	3,676	-0,043
14,450	3,664	-0,043
14,500	3,651	-0,043
14,550	3,635	-0,044
14,600	3,617	-0,044
14,650	3,599	-0,044
14,700	3,578	-0,045
14,750	3,557	-0,045
14,800	3,535	-0,045
14,850	3,510	-0,046
14,900	3,480	-0,046
14,950	3,448	-0,046
15,000	3,425	-0,047
15,050	3,414	-0,047
15,100	3,409	-0,047
15,150	3,402	-0,047
15,200	3,392	-0,048
15,250	3,381	-0,048
15,300	3,374	-0,048
15,350	3,358	-0,048
15,400	3,324	-0,049
15,450	3,300	-0,049
15,500	3,288	-0,050
15,550	3,284	-0,050
15,600	3,282	-0,050
15,650	3,281	-0,049
15,700	3,281	-0,050
15,750	3,280	-0,050
15,800	3,280	-0,050
15,850	3,280	-0,050
15,900	3,280	-0,050
15,950	3,280	-0,050
16,000	3,280	-0,050
16,050	3,280	-0,050
16,100	3,280	-0,050
16,150	3,280	-0,049
16,200	3,280	-0,050
16,250	3,280	-0,050
16,300	3,280	-0,050
16,350	3,280	-0,050
16,400	3,280	-0,050
16,450	3,280	-0,049
16,500	3,280	-0,050
16,550	3,269	-0,050
16,600	3,240	-0,051
16,650	3,208	-0,051
16,700	3,188	-0,051
16,750	3,172	-0,052
16,800	3,155	-0,052
16,850	3,135	-0,052
16,900	3,110	-0,053
16,950	3,087	-0,053
17,000	3,066	-0,054
17,050	3,047	-0,054
17,100	3,027	-0,055
17,150	3,005	-0,055
17,200	2,984	-0,056
17,250	2,963	-0,056
17,300	2,940	-0,056
17,350	2,914	-0,057
17,400	2,885	-0,058
17,450	2,857	-0,058
17,500	2,836	-0,059
17,550	2,819	-0,059
17,600	2,804	-0,060
17,650	2,788	-0,060
17,700	2,773	-0,061
17,750	2,759	-0,060
17,800	2,742	-0,062
17,850	2,720	-0,061
17,900	2,696	-0,062
17,950	2,676	-0,062
18,000	2,660	-0,063
18,050	2,648	-0,063
18,100	2,639	-0,064
18,150	2,623	-0,063
18,200	2,600	-0,065
18,250	2,579	-0,065
18,300	2,562	-0,066
18,350	2,547	-0,065
18,400	2,531	-0,067
18,450	2,512	-0,067
18,500	2,494	-0,068
18,550	2,475	-0,067
18,600	2,456	-0,069
18,650	2,437	-0,068
18,700	2,422	-0,070
18,750	2,409	-0,069
18,800	2,401	-0,070
18,850	2,397	-0,069
18,900	2,394	-0,070
18,950	2,393	-0,070
19,000	2,392	-0,071
19,050	2,392	-0,070
19,100	2,391	-0,071
19,150	2,392	-0,070
19,200	2,391	-0,071
19,250	2,392	-0,070
19,300	2,391	-0,071
19,350	2,391	-0,070
19,400	2,391	-0,071
19,450	2,391	-0,070
19,500	2,391	-0,071
19,550	2,391	-0,070
19,600	2,391	-0,071
19,650	2,391	-0,070
19,700	2,390	-0,071
19,750	2,389	-0,070
19,800	2,380	-0,071
19,850	2,366	-0,070
19,900	2,350	-0,072
19,950	2,336	-0,071
20,000	2,313	-0,073
20,050	2,281	-0,072
20,100	2,248	-0,075
20,150	2,220	-0,074
20,200	2,193	-0,076
20,250	2,164	-0,076
20,300	2,129	-0,078
20,350	2,090	-0,079
20,400	2,056	-0,081
20,450	2,028	-0,081
20,500	2,005	-0,083
20,550	1,985	-0,082
20,600	1,965	-0,084
20,650	1,942	-0,084
20,700	1,917	-0,086
20,750	1,896	-0,085
20,800	1,875	-0,087
20,850	1,854	-0,087
20,900	1,833	-0,089
20,950	1,814	-0,088
21,000	1,796	-0,090
21,050	1,777	-0,090
21,100	1,758	-0,091
21,150	1,740	-0,091
21,200	1,719	-0,093
21,250	1,698	-0,093
21,300	1,677	-0,095
21,350	1,656	-0,094
21,400	1,629	-0,097
21,450	1,598	-0,097
21,500	1,565	-0,099
21,550	1,537	-0,099
21,600	1,516	-0,101
21,650	1,499	-0,101
21,700	1,479	-0,103
21,750	1,460	-0,103
21,800	1,439	-0,105
21,850	1,417	-0,105
21,900	1,392	-0,107
21,950	1,359	-0,107
22,000	1,316	-0,111
22,050	1,273	-0,112
22,100	1,236	-0,115
22,150	1,208	-0,115
22,200	1,184	-0,117
22,250	1,160	-0,117
22,300	1,135	-0,120
22,350	1,114	-0,120
22,400	1,096	-0,122
22,450	1,074	-0,122
22,500	1,054	-0,124
22,550	1,034	-0,124
22,600	1,015	-0,127
22,650	1,002	-0,126
22,700	0,990	-0,128
22,750	0,977	-0,128
22,800	0,956	-0,130
22,850	0,935	-0,130
22,900	0,916	-0,133
22,950	0,900	-0,132
23,000	0,887	-0,134
23,050	0,874	-0,134
23,100	0,859	-0,136
23,150	0,843	-0,136
23,200	0,824	-0,138
23,250	0,804	-0,139
23,300	0,782	-0,141
23,350	0,758	-0,142
23,400	0,736	-0,144
23,450	0,709	-0,145
23,500	0,680	-0,148
23,550	0,655	-0,149
23,600	0,629	-0,152
23,650	0,599	-0,153
23,700	0,567	-0,156
23,750	0,533	-0,158
23,800	0,494	-0,162
23,850	0,456	-0,164
23,900	0,421	-0,168
23,950	0,390	-0,170
24,000	0,357	-0,175
24,050	0,325	-0,177
24,100	0,293	-0,181
24,150	0,268	-0,183
24,200	0,249	-0,186
24,250	0,233	-0,187
24,300	0,222	-0,190
24,350	0,213	-0,190
24,400	0,204	-0,192
24,450	0,194	-0,192
24,500	0,184	-0,194
24,550	0,176	-0,195
24,600	0,167	-0,197
24,650	0,160	-0,197
24,700	0,154	-0,199
24,750	0,149	-0,199
24,800	0,140	-0,200
24,850	0,127	-0,201
24,900	0,111	-0,204
24,950	0,096	-0,205
25,000	0,086	-0,208
25,050	0,080	-0,208
25,100	0,078	-0,210
25,150	0,079	-0,209
25,200	0,080	-0,210
25,250	0,080	-0,209
25,300	0,070	-0,211
25,350	0,059	-0,211
25,400	0,048	-0,214
25,450	0,040	-0,214
25,500	0,033	-0,216
25,550	0,030	-0,216
25,600	0,025	-0,218
25,650	0,020	-0,218
25,700	0,016	-0,219
25,750	0,008	-0,220
25,800	-0,003	-0,222
25,850	-0,015	-0,223
25,900	-0,026	-0,226
25,950	-0,034	-0,227
26,000	-0,038	-0,229
26,050	-0,040	-0,229
26,100	-0,043	-0,231
26,150	-0,047	-0,230
26,200	-0,052	-0,232
26,250	-0,060	-0,233
26,300	-0,066	-0,234
26,350	-0,071	-0,235
26,400	-0,075	-0,237
26,450	-0,077	-0,237
26,500	-0,078	-0,238
26,550	-0,078	-0,238
26,600	-0,078	-0,239
26,650	-0,077	-0,238
26,700	-0,076	-0,239
26,750	-0,076	-0,238
26,800	-0,075	-0,239
26,850	-0,075	-0,238
26,900	-0,075	-0,239
26,950	-0,075	-0,239
27,000	-0,075	-0,239
27,050	-0,075	-0,238
27,100	-0,075	-0,239
27,150	-0,075	-0,239
27,200	-0,075	-0,239
27,250	-0,075	-0,239
27,300	-0,075	-0,239
27,350	-0,075	-0,239
27,400	-0,075	-0,239
27,450	-0,075	-0,239
27,500	-0,075	-0,240
27,550	-0,075	-0,239
27,600	-0,075	-0,239
27,650	-0,075	-0,239
27,700	-0,075	-0,240
27,750	-0,075	-0,239
27,800	-0,075	-0,240
27,850	-0,075	-0,239
27,900	-0,075	-0,239
27,950	-0,075	-0,239
28,000	-0,075	-0,240
28,050	-0,075	-0,239
28,100	-0,075	-0,239
28,150	-0,075	-0,239
28,200	-0,075	-0,240
28,250	-0,075	-0,239
28,300	-0,075	-0,240
28,350	-0,075	-0,239
28,400	-0,075	-0,239
28,450	-0,075	-0,239
28,500	-0,076	-0,240
28,550	-0,075	-0,240
28,600	-0,075	-0,240
28,650	-0,075	-0,240
28,700	-0,075	-0,240
28,750	-0,075	-0,239
28,800	-0,075	-0,240
28,850	-0,075	-0,239
28,900	-0,075	-0,239
28,950	-0,075	-0,240
29,000	-0,076	-0,240
29,050	-0,076	-0,240
29,100	-0,075	-0,239
29,150	-0,075	-0,240
29,200	-0,075	-0,239
29,250	-0,075	-0,240
29,300	-0,076	-0,240
29,350	-0,075	-0,240
29,400	-0,075	-0,240
29,450	-0,075	-0,240
29,500	-0,076	-0,240
29,550	-0,075	-0,240
29,600	-0,075	-0,239
29,650	-0,075	-0,240
29,700	-0,075	-0,240
29,750	-0,075	-0,240
29,800	-0,075	-0,240
29,850	-0,075	-0,240
29,900	-0,076	-0,240
29,950	-0,076	-0,240
30,000	-0,076	-0,240
30,050	-0,075	-0,239
30,100	-0,075	-0,239
30,150	-0,075	-0,240
30,200	-0,075	-0,240
30,250	-0,075	-0,240
30,300	-0,075	-0,239
30,350	-0,075	-0,239
30,400	-0,076	-0,240
30,450	-0,075	-0,240
30,500	-0,075	-0,239
30,550	-0,075	-0,240
30,600	-0,075	-0,239
30,650	-0,075	-0,240
30,700	-0,076	-0,240
30,750	-0,075	-0,240
30,800	-0,076	-0,239
30,850	-0,075	-0,240
30,900	-0,075	-0,239
30,950	-0,075	-0,240
31,000	-0,075	-0,239
31,050	-0,076	-0,240
31,100	-0,075	-0,239
31,150	-0,075	-0,240
31,200	-0,075	-0,239
31,250	-0,075	-0,240
31,300	-0,076	-0,240
31,350	-0,076	-0,240
31,400	-0,076	-0,240
31,450	-0,075	-0,240
31,500	-0,069	-0,239
31,550	0,045	-0,236
31,600	0,089	-0,234
31,650	0,092	-0,234
31,700	0,086	-0,234
31,750	0,082	-0,234
31,800	0,080	-0,234
31,850	0,079	-0,234
31,900	0,079	-0,234
31,950	0,079	-0,234
32,000	0,079	-0,233
32,050	0,079	-0,234
32,100	0,079	-0,234
32,150	0,079	-0,234
32,200	0,079	-0,234
32,250	0,078	-0,235
32,300	0,079	-0,234
32,350	0,079	-0,234
32,400	0,079	-0,234
32,450	0,079	-0,235
32,500	0,079	-0,234
32,550	0,079	-0,234
32,600	0,079	-0,234
32,650	0,079	-0,234
32,700	0,078	-0,234
32,750	0,078	-0,235
32,800	0,079	-0,234
32,850	0,079	-0,234
32,900	0,079	-0,234
32,950	0,078	-0,235
33,000	0,079	-0,234
33,050	0,079	-0,234
33,100	0,079	-0,234
33,150	0,079	-0,234
33,200	0,079	-0,233
33,250	0,078	-0,235
33,300	0,079	-0,233
33,350	0,079	-0,234
33,400	0,079	-0,234
33,450	0,079	-0,234
33,500	0,079	-0,234
33,550	0,079	-0,234
33,600	0,079	-0,233
33,650	0,079	-0,234
33,700	0,079	-0,233
33,750	0,079	-0,234
33,800	0,079	-0,234
33,850	0,079	-0,234
33,900	0,079	-0,234
33,950	0,079	-0,234
34,000	0,079	-0,234
34,050	0,079	-0,235
34,100	0,079	-0,234
34,150	0,079	-0,235
34,200	0,079	-0,233
34,250	0,079	-0,234
34,300	0,079	-0,233
34,350	0,079	-0,234
34,400	0,079	-0,233
34,450	0,079	-0,235
34,500	0,079	-0,233
34,550	0,079	-0,235
34,600	0,078	-0,234
34,650	0,079	-0,234
34,700	0,079	-0,233
34,750	0,079	-0,235
34,800	0,079	-0,233
34,850	0,078	-0,235
34,900	0,079	-0,233
34,950	0,079	-0,235
35,000	0,079	-0,234
35,050	0,079	-0,235
35,100	0,079	-0,233
35,150	0,079	-0,235
35,200	0,079	-0,234
35,250	0,079	-0,234
35,300	0,079	-0,234
35,350	0,079	-0,235
35,400	0,079	-0,234
35,450	0,079	-0,235
35,500	0,079	-0,233
35,550	0,079	-0,235
35,600	0,079	-0,233
35,650	0,079	-0,235
35,700	0,079	-0,233
35,750	0,079	-0,235
35,800	0,079	-0,233
35,850	0,079	-0,235
35,900	0,079	-0,234
35,950	0,079	-0,235
36,000	0,079	-0,233
36,050	0,079	-0,235
36,100	0,079	-0,233
36,150	0,078	-0,235
36,200	0,079	-0,233
36,250	0,079	-0,235
36,300	0,079	-0,234
36,350	0,079	-0,234
36,400	0,079	-0,234
36,450	0,079	-0,235
36,500	0,079	-0,234
36,550	0,079	-0,235
36,600	0,079	-0,233
36,650	0,079	-0,235
36,700	0,079	-0,234
36,750	0,079	-0,235
36,800	0,079	-0,234
36,850	0,079	-0,235
36,900	0,079	-0,233
36,950	0,079	-0,235
37,000	0,079	-0,234
37,050	0,079	-0,235
37,100	0,079	-0,234
37,150	0,079	-0,235
37,200	0,079	-0,234
37,250	0,079	-0,234
37,300	0,079	-0,234
37,350	0,079	-0,234
37,400	0,078	-0,234
37,450	0,077	-0,235
37,500	0,074	-0,234
37,550	0,070	-0,235
37,600	0,066	-0,234
37,650	0,059	-0,235
37,700	0,049	-0,235
37,750	0,041	-0,236
37,800	0,034	-0,235
37,850	0,023	-0,236
37,900	0,009	-0,235
37,950	-0,006	-0,237
38,000	-0,019	-0,236
38,050	-0,031	-0,238
38,100	-0,040	-0,237
38,150	-0,048	-0,238
38,200	-0,058	-0,238
38,250	-0,071	-0,240
38,300	-0,085	-0,239
38,350	-0,096	-0,242
38,400	-0,106	-0,242
38,450	-0,118	-0,245
38,500	-0,133	-0,248
38,550	-0,150	-0,253
38,600	-0,167	-0,257
38,650	-0,182	-0,264
38,700	-0,196	-0,269
38,750	-0,207	-0,275
38,800	-0,217	-0,280
38,850	-0,226	-0,288
38,900	-0,233	-0,294
38,950	-0,239	-0,303
39,000	-0,244	-0,311
39,050	-0,248	-0,323
39,100	-0,251	-0,334
39,150	-0,255	-0,348
39,200	-0,259	-0,362
39,250	-0,263	-0,380
39,300	-0,269	-0,399
39,350	-0,274	-0,421
39,400	-0,281	-0,444
39,450	-0,291	-0,470
39,500	-0,302	-0,496
39,550	-0,315	-0,526
39,600	-0,331	-0,554
39,650	-0,354	-0,584
39,700	-0,385	-0,611
39,750	-0,418	-0,636
39,800	-0,448	-0,655
39,850	-0,472	-0,670
39,900	-0,488	-0,679
39,950	-0,491	-0,684
40,000	-0,476	-0,685
40,050	-0,448	-0,684
40,100	-0,429	-0,683
40,150	-0,425	-0,683
40,200	-0,431	-0,682
40,250	-0,440	-0,683
40,300	-0,450	-0,683
40,350	-0,458	-0,684
40,400	-0,466	-0,684
40,450	-0,475	-0,684
40,500	-0,484	-0,684
40,550	-0,490	-0,686
40,600	-0,496	-0,687
40,650	-0,502	-0,689
40,700	-0,508	-0,690
40,750	-0,515	-0,693
40,800	-0,523	-0,696
40,850	-0,532	-0,699
40,900	-0,542	-0,702
40,950	-0,553	-0,706
41,000	-0,564	-0,710
41,050	-0,573	-0,714
41,100	-0,581	-0,716
41,150	-0,588	-0,719
41,200	-0,595	-0,721
41,250	-0,601	-0,723
41,300	-0,609	-0,725
41,350	-0,616	-0,727
41,400	-0,625	-0,730
41,450	-0,634	-0,732
41,500	-0,644	-0,735
41,550	-0,655	-0,738
41,600	-0,667	-0,741
41,650	-0,680	-0,744
41,700	-0,695	-0,747
41,750	-0,709	-0,751
41,800	-0,724	-0,754
41,850	-0,737	-0,757
41,900	-0,751	-0,760
41,950	-0,764	-0,762
42,000	-0,778	-0,765
42,050	-0,792	-0,768
42,100	-0,807	-0,771
42,150	-0,823	-0,773
42,200	-0,838	-0,776
42,250	-0,854	-0,779
42,300	-0,870	-0,782
42,350	-0,885	-0,784
42,400	-0,899	-0,786
42,450	-0,912	-0,788
42,500	-0,923	-0,790
42,550	-0,933	-0,792
42,600	-0,943	-0,793
42,650	-0,954	-0,794
42,700	-0,965	-0,796
42,750	-0,977	-0,797
42,800	-0,990	-0,800
42,850	-1,003	-0,801
42,900	-1,016	-0,803
42,950	-1,028	-0,804
43,000	-1,038	-0,806
43,050	-1,047	-0,807
43,100	-1,056	-0,808
43,150	-1,065	-0,809
43,200	-1,075	-0,811
43,250	-1,085	-0,811
43,300	-1,096	-0,813
43,350	-1,109	-0,814
43,400	-1,122	-0,816
43,450	-1,135	-0,817
43,500	-1,149	-0,819
43,550	-1,162	-0,820
43,600	-1,175	-0,822
43,650	-1,187	-0,823
43,700	-1,197	-0,824
43,750	-1,206	-0,825
43,800	-1,214	-0,826
43,850	-1,224	-0,826
43,900	-1,233	-0,828
43,950	-1,244	-0,828
44,000	-1,257	-0,830
44,050	-1,273	-0,831
44,100	-1,290	-0,833
44,150	-1,305	-0,834
44,200	-1,322	-0,836
44,250	-1,338	-0,837
44,300	-1,352	-0,839
44,350	-1,363	-0,839
44,400	-1,373	-0,841
44,450	-1,384	-0,841
44,500	-1,394	-0,843
44,550	-1,404	-0,843
44,600	-1,416	-0,845
44,650	-1,425	-0,845
44,700	-1,434	-0,846
44,750	-1,442	-0,846
44,800	-1,451	-0,848
44,850	-1,462	-0,848
44,900	-1,473	-0,850
44,950	-1,484	-0,850
45,000	-1,496	-0,851
45,050	-1,507	-0,851
45,100	-1,517	-0,853
45,150	-1,527	-0,853
45,200	-1,535	-0,855
45,250	-1,545	-0,854
45,300	-1,556	-0,856
45,350	-1,565	-0,856
45,400	-1,574	-0,857
45,450	-1,582	-0,857
45,500	-1,587	-0,859
45,550	-1,592	-0,858
45,600	-1,599	-0,859
45,650	-1,609	-0,859
45,700	-1,617	-0,860
45,750	-1,622	-0,860
45,800	-1,624	-0,861
45,850	-1,624	-0,860
45,900	-1,624	-0,862
45,950	-1,624	-0,861
46,000	-1,623	-0,862
46,050	-1,623	-0,861
46,100	-1,623	-0,862
46,150	-1,623	-0,861
46,200	-1,623	-0,862
46,250	-1,623	-0,860
46,300	-1,623	-0,862
46,350	-1,623	-0,861
46,400	-1,623	-0,862
46,450	-1,623	-0,860
46,500	-1,623	-0,862
46,550	-1,623	-0,861
46,600	-1,625	-0,862
46,650	-1,638	-0,861
46,700	-1,662	-0,864
46,750	-1,689	-0,864
46,800	-1,707	-0,867
46,850	-1,720	-0,867
46,900	-1,731	-0,869
46,950	-1,750	-0,869
47,000	-1,773	-0,871
47,050	-1,799	-0,872
47,100	-1,823	-0,874
47,150	-1,843	-0,874
47,200	-1,859	-0,877
47,250	-1,875	-0,877
47,300	-1,894	-0,879
47,350	-1,917	-0,879
47,400	-1,939	-0,882
47,450	-1,959	-0,881
47,500	-1,976	-0,884
47,550	-1,993	-0,884
47,600	-2,011	-0,886
47,650	-2,031	-0,885
47,700	-2,051	-0,888
47,750	-2,068	-0,888
47,800	-2,082	-0,890
47,850	-2,097	-0,889
47,900	-2,112	-0,891
47,950	-2,131	-0,891
48,000	-2,152	-0,893
48,050	-2,173	-0,893
48,100	-2,187	-0,895
48,150	-2,199	-0,895
48,200	-2,207	-0,896
48,250	-2,218	-0,896
48,300	-2,231	-0,897
48,350	-2,249	-0,897
48,400	-2,265	-0,899
48,450	-2,279	-0,899
48,500	-2,289	-0,900
48,550	-2,295	-0,900
48,600	-2,302	-0,901
48,650	-2,311	-0,901
48,700	-2,320	-0,902
48,750	-2,337	-0,901
48,800	-2,359	-0,904
48,850	-2,378	-0,903
48,900	-2,393	-0,905
48,950	-2,406	-0,905
49,000	-2,417	-0,906
49,050	-2,429	-0,906
49,100	-2,442	-0,907
49,150	-2,456	-0,907
49,200	-2,467	-0,909
49,250	-2,478	-0,908
49,300	-2,492	-0,910
49,350	-2,504	-0,909
49,400	-2,516	-0,911
49,450	-2,526	-0,910
49,500	-2,536	-0,912
49,550	-2,547	-0,911
49,600	-2,560	-0,913
49,650	-2,577	-0,912
49,700	-2,594	-0,914
49,750	-2,613	-0,914
49,800	-2,635	-0,916
49,850	-2,659	-0,915
49,900	-2,682	-0,917
49,950	-2,701	-0,917
50,000	-2,716	-0,919
50,050	-2,730	-0,919
50,100	-2,744	-0,920
50,150	-2,762	-0,920
50,200	-2,781	-0,921
50,250	-2,799	-0,921
50,300	-2,814	-0,923
50,350	-2,827	-0,922
50,400	-2,838	-0,924
50,450	-2,844	-0,923
50,500	-2,854	-0,924
50,550	-2,868	-0,924
50,600	-2,886	-0,925
50,650	-2,909	-0,925
50,700	-2,932	-0,927
50,750	-2,950	-0,927
50,800	-2,963	-0,928
50,850	-2,969	-0,928
50,900	-2,970	-0,928
50,950	-2,971	-0,928
51,000	-2,971	-0,929
51,050	-2,971	-0,928
51,100	-2,971	-0,929
51,150	-2,971	-0,928
51,200	-2,971	-0,928
51,250	-2,971	-0,928
51,300	-2,971	-0,929
51,350	-2,971	-0,928
51,400	-2,971	-0,928
51,450	-2,973	-0,928
51,500	-2,987	-0,929
51,550	-3,008	-0,929
51,600	-3,032	-0,931
51,650	-3,059	-0,931
51,700	-3,088	-0,932
51,750	-3,116	-0,932
51,800	-3,141	-0,934
51,850	-3,161	-0,934
51,900	-3,182	-0,935
51,950	-3,204	-0,935
52,000	-3,226	-0,936
52,050	-3,251	-0,937
52,100	-3,278	-0,938
52,150	-3,306	-0,938
52,200	-3,334	-0,940
52,250	-3,360	-0,940
52,300	-3,376	-0,941
52,350	-3,393	-0,941
52,400	-3,413	-0,942
52,450	-3,437	-0,942
52,500	-3,455	-0,943
52,550	-3,467	-0,943
52,600	-3,484	-0,944
52,650	-3,513	-0,944
52,700	-3,549	-0,946
52,750	-3,578	-0,946
52,800	-3,598	-0,947
52,850	-3,611	-0,947
52,900	-3,625	-0,948
52,950	-3,644	-0,948
53,000	-3,665	-0,949
53,050	-3,685	-0,949
53,100	-3,705	-0,950
53,150	-3,722	-0,950
53,200	-3,740	-0,951
53,250	-3,762	-0,951
53,300	-3,783	-0,952
53,350	-3,804	-0,952
53,400	-3,820	-0,952
53,450	-3,835	-0,953
53,500	-3,852	-0,953
53,550	-3,870	-0,954
53,600	-3,888	-0,954
53,650	-3,905	-0,954
53,700	-3,920	-0,955
53,750	-3,933	-0,955
53,800	-3,951	-0,956
53,850	-3,972	-0,956
53,900	-3,993	-0,956
53,950	-4,016	-0,957
54,000	-4,040	-0,958
54,050	-4,061	-0,958
54,100	-4,078	-0,958
54,150	-4,091	-0,959
54,200	-4,104	-0,959
54,250	-4,120	-0,960
54,300	-4,138	-0,960
54,350	-4,161	-0,960
54,400	-4,182	-0,960
54,450	-4,194	-0,961
54,500	-4,199	-0,961
54,550	-4,201	-0,961
54,600	-4,202	-0,961
54,650	-4,200	-0,961
54,700	-4,195	-0,961
54,750	-4,192	-0,961
54,800	-4,190	-0,961
54,850	-4,190	-0,961
54,900	-4,188	-0,961
54,950	-4,188	-0,961
55,000	-4,188	-0,961
55,050	-4,190	-0,961
55,100	-4,200	-0,961
55,150	-4,216	-0,961
55,200	-4,228	-0,962
55,250	-4,236	-0,962
55,300	-4,250	-0,962
55,350	-4,274	-0,963
55,400	-4,297	-0,963
55,450	-4,322	-0,964
55,500	-4,351	-0,964
55,550	-4,391	-0,965
55,600	-4,435	-0,966
55,650	-4,473	-0,967
55,700	-4,500	-0,967
55,750	-4,522	-0,968
55,800	-4,541	-0,968
55,850	-4,564	-0,968
55,900	-4,600	-0,969
55,950	-4,638	-0,970
56,000	-4,670	-0,970
56,050	-4,696	-0,971
56,100	-4,721	-0,971
56,150	-4,744	-0,972
56,200	-4,766	-0,971
56,250	-4,786	-0,972
56,300	-4,805	-0,972
56,350	-4,826	-0,973
56,400	-4,847	-0,973
56,450	-4,872	-0,974
56,500	-4,896	-0,974
56,550	-4,917	-0,975
56,600	-4,930	-0,974
56,650	-4,943	-0,975
56,700	-4,951	-0,975
56,750	-4,962	-0,976
56,800	-4,966	-0,975
56,850	-4,969	-0,976
56,900	-4,970	-0,975
56,950	-4,971	-0,976
57,000	-4,971	-0,975
57,050	-4,971	-0,976
57,100	-4,971	-0,975
57,150	-4,971	-0,976
57,200	-4,971	-0,975
57,250	-4,971	-0,976
57,300	-4,971	-0,975
57,350	-4,971	-0,976
57,400	-4,971	-0,975
57,450	-4,971	-0,976
57,500	-4,971	-0,975
57,550	-4,971	-0,976
57,600	-4,971	-0,975
57,650	-4,972	-0,976
57,700	-4,978	-0,975
57,750	-4,994	-0,976
57,800	-5,016	-0,976
57,850	-5,031	-0,977
57,900	-5,039	-0,976
57,950	-5,053	-0,977
58,000	-5,074	-0,976
58,050	-5,095	-0,978
58,100	-5,106	-0,977
58,150	-5,111	-0,978
58,200	-5,113	-0,977
58,250	-5,117	-0,978
58,300	-5,129	-0,978
58,350	-5,146	-0,979
58,400	-5,166	-0,978
58,450	-5,189	-0,979
58,500	-5,214	-0,979
58,550	-5,229	-0,980
58,600	-5,242	-0,979
58,650	-5,255	-0,980
58,700	-5,271	-0,979
58,750	-5,284	-0,981
58,800	-5,290	-0,980
58,850	-5,296	-0,981
58,900	-5,305	-0,980
58,950	-5,310	-0,981
59,000	-5,313	-0,980
59,050	-5,314	-0,981
59,100	-5,315	-0,980
59,150	-5,315	-0,981
59,200	-5,315	-0,980
59,250	-5,315	-0,981
59,300	-5,315	-0,980
59,350	-5,315	-0,981
59,400	-5,315	-0,980
59,450	-5,315	-0,981
59,500	-5,315	-0,980
59,550	-5,315	-0,981
59,600	-5,315	-0,980
59,650	-5,315	-0,981
59,700	-5,325	-0,980
59,750	-5,350	-0,982
59,800	-5,377	-0,981
59,850	-5,392	-0,983
59,900	-5,402	-0,981
59,950	-5,412	-0,983
60,000	-5,418	-0,982
60,050	-5,425	-0,983
60,100	-5,433	-0,982
60,150	-5,437	-0,983
60,200	-5,439	-0,982
60,250	-5,442	-0,983
60,300	-5,455	-0,982
60,350	-5,466	-0,984
60,400	-5,472	-0,983
60,450	-5,474	-0,983
60,500	-5,475	-0,982
60,550	-5,475	-0,984
60,600	-5,481	-0,983
60,650	-5,493	-0,984
60,700	-5,511	-0,983
60,750	-5,522	-0,984
60,800	-5,528	-0,983
60,850	-5,530	-0,984
60,900	-5,532	-0,983
60,950	-5,539	-0,985
61,000	-5,547	-0,984
61,050	-5,562	-0,985
61,100	-5,577	-0,984
61,150	-5,589	-0,985
61,200	-5,597	-0,984
61,250	-5,604	-0,985
61,300	-5,614	-0,984
61,350	-5,627	-0,986
61,400	-5,642	-0,985
61,450	-5,650	-0,986
61,500	-5,654	-0,985
61,550	-5,663	-0,986
61,600	-5,670	-0,985
61,650	-5,682	-0,986
61,700	-5,696	-0,985
61,750	-5,704	-0,986
61,800	-5,708	-0,986
61,850	-5,709	-0,987
61,900	-5,710	-0,985
61,950	-5,713	-0,987
62,000	-5,721	-0,986
62,050	-5,730	-0,987
62,100	-5,739	-0,986
62,150	-5,746	-0,987
62,200	-5,756	-0,986
62,250	-5,761	-0,987
62,300	-5,763	-0,986
62,350	-5,764	-0,988
62,400	-5,765	-0,987
62,450	-5,765	-0,987
62,500	-5,773	-0,987
62,550	-5,779	-0,988
62,600	-5,785	-0,987
62,650	-5,793	-0,988
62,700	-5,798	-0,987
62,750	-5,800	-0,988
62,800	-5,801	-0,987
62,850	-5,808	-0,988
62,900	-5,814	-0,987
62,950	-5,818	-0,988
63,000	-5,828	-0,987
63,050	-5,834	-0,988
63,100	-5,845	-0,987
63,150	-5,857	-0,988
63,200	-5,867	-0,988
63,250	-5,873	-0,989
63,300	-5,883	-0,988
63,350	-5,887	-0,989
63,400	-5,893	-0,988
63,450	-5,902	-0,989
63,500	-5,912	-0,988
63,550	-5,921	-0,989
63,600	-5,925	-0,989
63,650	-5,927	-0,989
63,700	-5,932	-0,989
63,750	-5,938	-0,990
63,800	-5,942	-0,989
63,850	-5,944	-0,989
63,900	-5,946	-0,989
63,950	-5,953	-0,989
64,000	-5,959	-0,989
64,050	-5,961	-0,990
64,100	-5,967	-0,989
64,150	-5,977	-0,990
64,200	-5,988	-0,989
64,250	-5,995	-0,990
64,300	-6,006	-0,990
64,350	-6,015	-0,990
64,400	-6,025	-0,990
64,450	-6,031	-0,991
64,500	-6,039	-0,990
64,550	-6,046	-0,991
64,600	-6,056	-0,990
64,650	-6,065	-0,991
64,700	-6,077	-0,991
64,750	-6,088	-0,991
64,800	-6,099	-0,991
64,850	-6,109	-0,992
64,900	-6,118	-0,991
64,950	-6,124	-0,991
65,000	-6,134	-0,991
65,050	-6,140	-0,991
65,100	-6,151	-0,992
65,150	-6,157	-0,992
65,200	-6,166	-0,992
65,250	-6,173	-0,992
65,300	-6,179	-0,992
65,350	-6,187	-0,992
65,400	-6,194	-0,992
65,450	-6,200	-0,992
65,500	-6,209	-0,992
65,550	-6,212	-0,992
65,600	-6,221	-0,993
65,650	-6,229	-0,993
65,700	-6,240	-0,993
65,750	-6,252	-0,993
65,800	-6,262	-0,993
65,850	-6,270	-0,993
65,900	-6,280	-0,993
65,950	-6,285	-0,993
66,000	-6,295	-0,993
66,050	-6,301	-0,993
66,100	-6,308	-0,994
66,150	-6,316	-0,993
66,200	-6,328	-0,994
66,250	-6,335	-0,993
66,300	-6,340	-0,994
66,350	-6,342	-0,994
66,400	-6,351	-0,994
66,450	-6,356	-0,994
66,500	-6,359	-0,994
66,550	-6,360	-0,994
66,600	-6,361	-0,994
66,650	-6,362	-0,994
66,700	-6,362	-0,994
66,750	-6,362	-0,994
66,800	-6,363	-0,995
66,850	-6,362	-0,994
66,900	-6,362	-0,994
66,950	-6,362	-0,994
67,000	-6,363	-0,994
67,050	-6,362	-0,994
67,100	-6,363	-0,994
67,150	-6,362	-0,994
67,200	-6,363	-0,994
67,250	-6,363	-0,994
67,300	-6,363	-0,994
67,350	-6,363	-0,994
67,400	-6,368	-0,994
67,450	-6,391	-0,994
67,500	-6,433	-0,995
67,550	-6,476	-0,995
67,600	-6,502	-0,996
67,650	-6,515	-0,995
67,700	-6,529	-0,996
67,750	-6,541	-0,996
67,800	-6,554	-0,997
67,850	-6,571	-0,996
67,900	-6,595	-0,997
67,950	-6,623	-0,996
68,000	-6,649	-0,998
68,050	-6,668	-0,997
68,100	-6,678	-0,998
68,150	-6,686	-0,997
68,200	-6,696	-0,998
68,250	-6,707	-0,998
68,300	-6,723	-0,998
68,350	-6,743	-0,998
68,400	-6,761	-0,999
68,450	-6,782	-0,998
68,500	-6,808	-0,999
68,550	-6,828	-0,999
68,600	-6,845	-1,000
68,650	-6,857	-0,999
68,700	-6,871	-1,000
68,750	-6,887	-0,999
68,800	-6,905	-1,001
68,850	-6,920	-1,000
68,900	-6,930	-1,001
68,950	-6,935	-1,000
69,000	-6,937	-1,001
69,050	-6,933	-1,000
69,100	-6,923	-1,001
69,150	-6,912	-1,000
69,200	-6,907	-1,001
69,250	-6,904	-1,000
69,300	-6,904	-1,000
69,350	-6,903	-1,000
69,400	-6,902	-1,000
69,450	-6,902	-1,000
69,500	-6,903	-1,001
69,550	-6,903	-1,000
69,600	-6,903	-1,001
69,650	-6,902	-0,999
69,700	-6,902	-1,000
69,750	-6,903	-1,000
69,800	-6,903	-1,001
69,850	-6,902	-1,000
69,900	-6,902	-1,000
69,950	-6,902	-0,999
70,000	-6,903	-1,001
70,050	-6,903	-1,000
70,100	-6,903	-1,000
70,150	-6,903	-1,000
70,200	-6,903	-1,000
70,250	-6,903	-1,000
70,300	-6,903	-1,001
70,350	-6,902	-0,999
70,400	-6,903	-1,001
70,450	-6,903	-1,000
70,500	-6,903	-1,001
70,550	-6,903	-1,000
70,600	-6,903	-1,001
70,650	-6,902	-0,999
70,700	-6,903	-1,000
70,750	-6,903	-1,000
70,800	-6,903	-1,000
70,850	-6,903	-0,999
70,900	-6,903	-1,001
70,950	-6,903	-0,999
71,000	-6,903	-1,001
71,050	-6,903	-0,999
71,100	-6,903	-1,000
71,150	-6,903	-1,000
71,200	-6,903	-1,000
71,250	-6,903	-1,000
71,300	-6,903	-1,001
71,350	-6,897	-0,999
71,400	-6,888	-1,000
71,450	-6,878	-0,999
71,500	-6,868	-1,000
71,550	-6,852	-0,999
71,600	-6,839	-1,000
71,650	-6,826	-0,999
71,700	-6,817	-1,000
71,750	-6,807	-0,999
71,800	-6,801	-1,000
71,850	-6,791	-0,999
71,900	-6,771	-1,000
71,950	-6,750	-0,998
72,000	-6,733	-0,999
72,050	-6,717	-0,998
72,100	-6,703	-0,999
72,150	-6,690	-0,998
72,200	-6,675	-0,999
72,250	-6,663	-0,998
72,300	-6,650	-0,999
72,350	-6,639	-0,997
72,400	-6,627	-0,999
72,450	-6,614	-0,997
72,500	-6,604	-0,998
72,550	-6,593	-0,997
72,600	-6,584	-0,998
72,650	-6,573	-0,997
72,700	-6,565	-0,998
72,750	-6,551	-0,997
72,800	-6,534	-0,998
72,850	-6,514	-0,997
72,900	-6,492	-0,998
72,950	-6,471	-0,996
73,000	-6,451	-0,997
73,050	-6,433	-0,996
73,100	-6,415	-0,997
73,150	-6,398	-0,996
73,200	-6,382	-0,997
73,250	-6,365	-0,995
73,300	-6,348	-0,996
73,350	-6,329	-0,995
73,400	-6,307	-0,996
73,450	-6,282	-0,995
73,500	-6,255	-0,996
73,550	-6,230	-0,995
73,600	-6,207	-0,995
73,650	-6,190	-0,994
73,700	-6,172	-0,995
73,750	-6,155	-0,994
73,800	-6,141	-0,995
73,850	-6,128	-0,994
73,900	-6,119	-0,995
73,950	-6,109	-0,994
74,000	-6,094	-0,994
74,050	-6,077	-0,993
74,100	-6,060	-0,994
74,150	-6,048	-0,993
74,200	-6,032	-0,994
74,250	-6,015	-0,993
74,300	-5,999	-0,994
74,350	-5,983	-0,992
74,400	-5,965	-0,993
74,450	-5,943	-0,992
74,500	-5,920	-0,993
74,550	-5,902	-0,992
74,600	-5,883	-0,992
74,650	-5,866	-0,992
74,700	-5,842	-0,992
74,750	-5,820	-0,991
74,800	-5,803	-0,992
74,850	-5,787	-0,991
74,900	-5,778	-0,992
74,950	-5,773	-0,990
75,000	-5,764	-0,992
75,050	-5,757	-0,991
75,100	-5,753	-0,991
75,150	-5,752	-0,990
75,200	-5,751	-0,991
75,250	-5,744	-0,990
75,300	-5,735	-0,991
75,350	-5,721	-0,990
75,400	-5,706	-0,991
75,450	-5,693	-0,990
75,500	-5,685	-0,991
75,550	-5,680	-0,990
75,600	-5,669	-0,991
75,650	-5,651	-0,989
75,700	-5,622	-0,990
75,750	-5,594	-0,989
75,800	-5,573	-0,990
75,850	-5,560	-0,989
75,900	-5,545	-0,989
75,950	-5,521	-0,988
76,000	-5,492	-0,989
76,050	-5,468	-0,988
76,100	-5,446	-0,989
76,150	-5,422	-0,988
76,200	-5,390	-0,988
76,250	-5,354	-0,987
76,300	-5,322	-0,987
76,350	-5,292	-0,986
76,400	-5,261	-0,987
76,450	-5,229	-0,985
76,500	-5,195	-0,986
76,550	-5,165	-0,985
76,600	-5,137	-0,985
76,650	-5,110	-0,984
76,700	-5,083	-0,985
76,750	-5,054	-0,984
76,800	-5,022	-0,984
76,850	-4,994	-0,983
76,900	-4,965	-0,984
76,950	-4,929	-0,983
77,000	-4,887	-0,983
77,050	-4,843	-0,982
77,100	-4,800	-0,982
77,150	-4,772	-0,981
77,200	-4,754	-0,982
77,250	-4,733	-0,981
77,300	-4,701	-0,981
77,350	-4,671	-0,980
77,400	-4,653	-0,980
77,450	-4,637	-0,980
77,500	-4,603	-0,980
77,550	-4,566	-0,979
77,600	-4,529	-0,979
77,650	-4,488	-0,978
77,700	-4,442	-0,978
77,750	-4,402	-0,977
77,800	-4,370	-0,977
77,850	-4,327	-0,976
77,900	-4,275	-0,976
77,950	-4,229	-0,975
78,000	-4,195	-0,975
78,050	-4,163	-0,974
78,100	-4,125	-0,974
78,150	-4,068	-0,972
78,200	-3,983	-0,972
78,250	-3,915	-0,971
78,300	-3,881	-0,970
78,350	-3,866	-0,969
78,400	-3,855	-0,970
78,450	-3,839	-0,969
78,500	-3,819	-0,969
78,550	-3,801	-0,969
78,600	-3,786	-0,969
78,650	-3,766	-0,968
78,700	-3,744	-0,968
78,750	-3,719	-0,967
78,800	-3,695	-0,967
78,850	-3,683	-0,967
78,900	-3,676	-0,967
78,950	-3,667	-0,967
79,000	-3,660	-0,967
79,050	-3,657	-0,967
79,100	-3,655	-0,967
79,150	-3,655	-0,966
79,200	-3,654	-0,967
79,250	-3,654	-0,967
79,300	-3,654	-0,967
79,350	-3,654	-0,967
79,400	-3,653	-0,966
79,450	-3,647	-0,966
79,500	-3,637	-0,966
79,550	-3,627	-0,966
79,600	-3,622	-0,966
79,650	-3,620	-0,966
79,700	-3,618	-0,966
79,750	-3,618	-0,966
79,800	-3,612	-0,966
79,850	-3,600	-0,966
79,900	-3,590	-0,966
79,950	-3,575	-0,965
80,000	-3,552	-0,965
80,050	-3,536	-0,965
80,100	-3,517	-0,965
80,150	-3,491	-0,964
80,200	-3,464	-0,964
80,250	-3,443	-0,963
80,300	-3,431	-0,963
80,350	-3,424	-0,963
80,400	-3,407	-0,962
80,450	-3,385	-0,962
80,500	-3,358	-0,961
80,550	-3,335	-0,961
80,600	-3,315	-0,961
80,650	-3,295	-0,960
80,700	-3,274	-0,960
80,750	-3,253	-0,960
80,800	-3,232	-0,959
80,850	-3,219	-0,959
80,900	-3,210	-0,959
80,950	-3,201	-0,959
81,000	-3,196	-0,958
81,050	-3,194	-0,959
81,100	-3,192	-0,958
81,150	-3,192	-0,959
81,200	-3,192	-0,958
81,250	-3,191	-0,958
81,300	-3,191	-0,958
81,350	-3,191	-0,958
81,400	-3,191	-0,959
81,450	-3,191	-0,959
81,500	-3,191	-0,958
81,550	-3,191	-0,959
81,600	-3,191	-0,958
81,650	-3,191	-0,959
81,700	-3,191	-0,958
81,750	-3,191	-0,959
81,800	-3,191	-0,958
81,850	-3,191	-0,959
81,900	-3,191	-0,958
81,950	-3,189	-0,959
82,000	-3,178	-0,958
82,050	-3,160	-0,958
82,100	-3,142	-0,957
82,150	-3,120	-0,957
82,200	-3,096	-0,956
82,250	-3,072	-0,957
82,300	-3,036	-0,955
82,350	-2,994	-0,955
82,400	-2,964	-0,954
82,450	-2,947	-0,954
82,500	-2,930	-0,953
82,550	-2,909	-0,953
82,600	-2,885	-0,952
82,650	-2,864	-0,952
82,700	-2,845	-0,951
82,750	-2,829	-0,951
82,800	-2,811	-0,950
82,850	-2,788	-0,950
82,900	-2,765	-0,949
82,950	-2,747	-0,949
83,000	-2,728	-0,948
83,050	-2,702	-0,948
83,100	-2,670	-0,947
83,150	-2,639	-0,947
83,200	-2,613	-0,945
83,250	-2,588	-0,946
83,300	-2,560	-0,944
83,350	-2,525	-0,944
83,400	-2,488	-0,943
83,450	-2,452	-0,942
83,500	-2,418	-0,940
83,550	-2,386	-0,940
83,600	-2,355	-0,939
83,650	-2,329	-0,939
83,700	-2,310	-0,937
83,750	-2,292	-0,937
83,800	-2,272	-0,936
83,850	-2,256	-0,937
83,900	-2,241	-0,935
83,950	-2,233	-0,936
84,000	-2,230	-0,935
84,050	-2,229	-0,936
84,100	-2,222	-0,935
84,150	-2,216	-0,936
84,200	-2,212	-0,934
84,250	-2,211	-0,935
84,300	-2,210	-0,934
84,350	-2,210	-0,935
84,400	-2,210	-0,934
84,450	-2,210	-0,935
84,500	-2,210	-0,934
84,550	-2,209	-0,935
84,600	-2,209	-0,934
84,650	-2,209	-0,935
84,700	-2,209	-0,934
84,750	-2,209	-0,935
84,800	-2,209	-0,934
84,850	-2,209	-0,935
84,900	-2,205	-0,934
84,950	-2,195	-0,935
85,000	-2,173	-0,933
85,050	-2,142	-0,934
85,100	-2,111	-0,932
85,150	-2,074	-0,931
85,200	-2,040	-0,929
85,250	-2,014	-0,929
85,300	-1,995	-0,928
85,350	-1,983	-0,928
85,400	-1,964	-0,927
85,450	-1,936	-0,927
85,500	-1,902	-0,924
85,550	-1,868	-0,924
85,600	-1,842	-0,922
85,650	-1,825	-0,923
85,700	-1,807	-0,921
85,750	-1,787	-0,921
85,800	-1,769	-0,919
85,850	-1,747	-0,920
85,900	-1,719	-0,917
85,950	-1,689	-0,917
86,000	-1,660	-0,915
86,050	-1,635	-0,915
86,100	-1,613	-0,913
86,150	-1,593	-0,913
86,200	-1,576	-0,912
86,250	-1,559	-0,912
86,300	-1,543	-0,910
86,350	-1,527	-0,911
86,400	-1,513	-0,909
86,450	-1,497	-0,909
86,500	-1,480	-0,907
86,550	-1,463	-0,908
86,600	-1,447	-0,906
86,650	-1,432	-0,907
86,700	-1,421	-0,905
86,750	-1,415	-0,905
86,800	-1,413	-0,904
86,850	-1,413	-0,906
86,900	-1,413	-0,904
86,950	-1,413	-0,905
87,000	-1,413	-0,904
87,050	-1,413	-0,905
87,100	-1,413	-0,904
87,150	-1,413	-0,905
87,200	-1,413	-0,904
87,250	-1,413	-0,905
87,300	-1,413	-0,904
87,350	-1,413	-0,905
87,400	-1,413	-0,904
87,450	-1,413	-0,905
87,500	-1,413	-0,904
87,550	-1,408	-0,905
87,600	-1,400	-0,903
87,650	-1,384	-0,904
87,700	-1,360	-0,902
87,750	-1,332	-0,902
87,800	-1,302	-0,899
87,850	-1,268	-0,899
87,900	-1,236	-0,896
87,950	-1,207	-0,895
88,000	-1,179	-0,893
88,050	-1,152	-0,893
88,100	-1,122	-0,890
88,150	-1,084	-0,889
88,200	-1,042	-0,886
88,250	-0,999	-0,884
88,300	-0,964	-0,881
88,350	-0,934	-0,880
88,400	-0,908	-0,878
88,450	-0,886	-0,877
88,500	-0,866	-0,875
88,550	-0,842	-0,875
88,600	-0,808	-0,871
88,650	-0,767	-0,870
88,700	-0,733	-0,866
88,750	-0,708	-0,866
88,800	-0,694	-0,863
88,850	-0,683	-0,863
88,900	-0,675	-0,862
88,950	-0,664	-0,862
89,000	-0,650	-0,860
89,050	-0,636	-0,860
89,100	-0,623	-0,858
89,150	-0,611	-0,858
89,200	-0,598	-0,856
89,250	-0,581	-0,856
89,300	-0,560	-0,853
89,350	-0,539	-0,852
89,400	-0,515	-0,850
89,450	-0,490	-0,849
89,500	-0,466	-0,846
89,550	-0,443	-0,844
89,600	-0,424	-0,842
89,650	-0,408	-0,841
89,700	-0,392	-0,839
89,750	-0,376	-0,838
89,800	-0,357	-0,836
89,850	-0,329	-0,834
89,900	-0,301	-0,830
89,950	-0,279	-0,828
90,000	-0,268	-0,826
90,050	-0,264	-0,826
90,100	-0,265	-0,824
90,150	-0,267	-0,825
90,200	-0,270	-0,824
90,250	-0,272	-0,825
90,300	-0,273	-0,824
90,350	-0,273	-0,825
90,400	-0,274	-0,825
90,450	-0,273	-0,825
90,500	-0,274	-0,825
90,550	-0,273	-0,826
90,600	-0,274	-0,825
90,650	-0,274	-0,826
90,700	-0,271	-0,825
90,750	-0,258	-0,825
90,800	-0,242	-0,823
90,850	-0,220	-0,822
90,900	-0,190	-0,817
90,950	-0,151	-0,814
91,000	-0,105	-0,807
91,050	-0,058	-0,801
91,100	-0,014	-0,793
91,150	0,023	-0,787
91,200	0,052	-0,781
91,250	0,074	-0,777
91,300	0,088	-0,772
91,350	0,095	-0,770
91,400	0,096	-0,768
91,450	0,092	-0,769
91,500	0,088	-0,767
91,550	0,083	-0,769
91,600	0,080	-0,768
91,650	0,079	-0,768
91,700	0,078	-0,768
91,750	0,078	-0,769
91,800	0,078	-0,768
91,850	0,078	-0,769
91,900	0,078	-0,768
91,950	0,078	-0,768
92,000	0,078	-0,768
92,050	0,078	-0,769
92,100	0,078	-0,768
92,150	0,078	-0,769
92,200	0,078	-0,768
92,250	0,078	-0,768
92,300	0,078	-0,768
92,350	0,078	-0,769
92,400	0,078	-0,768
92,450	0,078	-0,769
92,500	0,078	-0,768
92,550	0,078	-0,769
92,600	0,078	-0,768
92,650	0,078	-0,769
92,700	0,078	-0,768
92,750	0,079	-0,768
92,800	0,079	-0,768
92,850	0,079	-0,768
92,900	0,078	-0,768
92,950	0,079	-0,768
93,000	0,079	-0,768
93,050	0,079	-0,768
93,100	0,078	-0,768
93,150	0,079	-0,768
93,200	0,078	-0,768
93,250	0,079	-0,768
93,300	0,079	-0,768
93,350	0,079	-0,768
93,400	0,078	-0,768
93,450	0,079	-0,768
93,500	0,079	-0,768
93,550	0,079	-0,768
93,600	0,078	-0,768
93,650	0,079	-0,768
93,700	0,079	-0,768
93,750	0,079	-0,768
93,800	0,078	-0,768
93,850	0,079	-0,768
93,900	0,079	-0,768
93,950	0,079	-0,768
94,000	0,078	-0,768
94,050	0,079	-0,768
94,100	0,079	-0,768
94,150	0,079	-0,768
94,200	0,079	-0,768
94,250	0,078	-0,769
94,300	0,079	-0,768
94,350	0,079	-0,768
94,400	0,079	-0,769
94,450	0,013	-0,770
94,500	-0,075	-0,774
94,550	-0,090	-0,774
94,600	-0,086	-0,775
94,650	-0,080	-0,774
94,700	-0,077	-0,774
94,750	-0,076	-0,774
94,800	-0,075	-0,774
94,850	-0,075	-0,774
94,900	-0,075	-0,774
94,950	-0,075	-0,774
95,000	-0,076	-0,775
95,050	-0,075	-0,774
95,100	-0,075	-0,774
95,150	-0,075	-0,774
95,200	-0,075	-0,775
95,250	-0,075	-0,774
95,300	-0,075	-0,774
95,350	-0,075	-0,774
95,400	-0,075	-0,775
95,450	-0,075	-0,774
95,500	-0,075	-0,774
95,550	-0,075	-0,774
95,600	-0,075	-0,775
95,650	-0,075	-0,774
95,700	-0,075	-0,774
95,750	-0,075	-0,774
95,800	-0,075	-0,775
95,850	-0,075	-0,774
95,900	-0,075	-0,775
95,950	-0,075	-0,774
96,000	-0,076	-0,775
96,050	-0,075	-0,774
96,100	-0,075	-0,775
96,150	-0,075	-0,774
96,200	-0,075	-0,775
96,250	-0,076	-0,774
96,300	-0,075	-0,775
96,350	-0,075	-0,774
96,400	-0,075	-0,774
96,450	-0,075	-0,774
96,500	-0,076	-0,775
96,550	-0,075	-0,774
96,600	-0,075	-0,775
96,650	-0,076	-0,774
96,700	-0,076	-0,775
96,750	-0,076	-0,774
96,800	-0,075	-0,775
96,850	-0,076	-0,774
96,900	-0,076	-0,775
96,950	-0,075	-0,774
97,000	-0,076	-0,775
97,050	-0,076	-0,774
97,100	-0,076	-0,775
97,150	-0,076	-0,774
97,200	-0,076	-0,775
97,250	-0,076	-0,774
97,300	-0,076	-0,775
97,350	-0,075	-0,774
97,400	-0,075	-0,775
97,450	-0,075	-0,774
97,500	-0,075	-0,775
97,550	-0,076	-0,774
97,600	-0,076	-0,775
97,650	-0,076	-0,774
97,700	-0,075	-0,775
97,750	-0,075	-0,774
97,800	-0,075	-0,775
97,850	-0,075	-0,774
97,900	-0,076	-0,775
97,950	-0,076	-0,774
98,000	-0,076	-0,775
98,050	-0,076	-0,774
98,100	-0,075	-0,775
98,150	-0,076	-0,774
98,200	-0,076	-0,775
98,250	-0,076	-0,774
98,300	-0,075	-0,775
98,350	-0,075	-0,774
98,400	-0,076	-0,775
98,450	-0,076	-0,774
98,500	-0,075	-0,775
98,550	-0,074	-0,774
98,600	-0,073	-0,775
98,650	-0,071	-0,774
98,700	-0,067	-0,775
98,750	-0,062	-0,774
98,800	-0,050	-0,774
98,850	-0,032	-0,773
98,900	-0,015	-0,773
98,950	-0,004	-0,772
99,000	0,007	-0,773
99,050	0,016	-0,771
99,100	0,027	-0,772
99,150	0,039	-0,771
99,200	0,052	-0,771
99,250	0,067	-0,769
99,300	0,085	-0,770
99,350	0,101	-0,767
99,400	0,112	-0,767
99,450	0,122	-0,764
99,500	0,133	-0,762
99,550	0,147	-0,758
99,600	0,162	-0,755
99,650	0,178	-0,749
99,700	0,194	-0,744
99,750	0,210	-0,736
99,800	0,223	-0,730
99,850	0,235	-0,720
99,900	0,244	-0,712
99,950	0,251	-0,699
100,000	0,256	-0,687
100,050	0,260	-0,670
100,100	0,265	-0,654
100,150	0,270	-0,632
100,200	0,276	-0,611
100,250	0,284	-0,583
100,300	0,294	-0,555
100,350	0,309	-0,521
100,400	0,326	-0,485
100,450	0,349	-0,445
100,500	0,388	-0,406
100,550	0,442	-0,366
100,600	0,507	-0,331
100,650	0,578	-0,300
100,700	0,645	-0,279
100,750	0,692	-0,264
100,800	0,704	-0,260
100,850	0,672	-0,259
100,900	0,628	-0,261
100,950	0,606	-0,261
101,000	0,605	-0,262
101,050	0,615	-0,261
101,100	0,629	-0,262
101,150	0,642	-0,260
101,200	0,655	-0,261
101,250	0,667	-0,259
101,300	0,678	-0,260
101,350	0,687	-0,259
101,400	0,694	-0,260
101,450	0,701	-0,258
101,500	0,710	-0,258
101,550	0,721	-0,255
101,600	0,734	-0,254
101,650	0,748	-0,250
101,700	0,765	-0,248
101,750	0,781	-0,244
101,800	0,798	-0,242
101,850	0,813	-0,238
101,900	0,827	-0,236
101,950	0,838	-0,233
102,000	0,849	-0,233
102,050	0,859	-0,230
102,100	0,870	-0,229
102,150	0,880	-0,226
102,200	0,890	-0,226
102,250	0,900	-0,223
102,300	0,907	-0,223
102,350	0,915	-0,221
102,400	0,924	-0,220
102,450	0,934	-0,218
102,500	0,945	-0,218
102,550	0,959	-0,215
102,600	0,976	-0,214
102,650	0,994	-0,211
102,700	1,013	-0,209
102,750	1,030	-0,206
102,800	1,048	-0,205
102,850	1,067	-0,201
102,900	1,089	-0,199
102,950	1,109	-0,196
103,000	1,127	-0,195
103,050	1,144	-0,192
103,100	1,164	-0,191
103,150	1,187	-0,188
103,200	1,212	-0,186
103,250	1,238	-0,182
103,300	1,265	-0,180
103,350	1,289	-0,178
103,400	1,307	-0,177
103,450	1,317	-0,175
103,500	1,325	-0,174
103,550	1,337	-0,173
103,600	1,353	-0,172
103,650	1,372	-0,170
103,700	1,392	-0,169
103,750	1,408	-0,167
103,800	1,416	-0,166
103,850	1,418	-0,165
103,900	1,418	-0,166
103,950	1,416	-0,165
104,000	1,415	-0,166
104,050	1,414	-0,165
104,100	1,414	-0,166
104,150	1,414	-0,165
104,200	1,413	-0,166
104,250	1,414	-0,165
104,300	1,414	-0,166
104,350	1,414	-0,165
104,400	1,413	-0,166
104,450	1,414	-0,165
104,500	1,413	-0,166
104,550	1,414	-0,165
104,600	1,414	-0,166
104,650	1,414	-0,165
104,700	1,414	-0,166
104,750	1,414	-0,165
104,800	1,416	-0,166
104,850	1,430	-0,165
104,900	1,450	-0,164
104,950	1,475	-0,162
105,000	1,495	-0,160
105,050	1,511	-0,158
105,100	1,520	-0,158
105,150	1,528	-0,157
105,200	1,539	-0,157
105,250	1,549	-0,155
105,300	1,554	-0,155
105,350	1,557	-0,154
105,400	1,557	-0,155
105,450	1,559	-0,154
105,500	1,565	-0,154
105,550	1,569	-0,153
105,600	1,572	-0,154
105,650	1,576	-0,153
105,700	1,582	-0,153
105,750	1,594	-0,152
105,800	1,609	-0,151
105,850	1,621	-0,150
105,900	1,632	-0,150
105,950	1,640	-0,149
106,000	1,644	-0,149
106,050	1,646	-0,148
106,100	1,646	-0,148
106,150	1,648	-0,148
106,200	1,658	-0,148
106,250	1,677	-0,146
106,300	1,701	-0,145
106,350	1,721	-0,143
106,400	1,733	-0,143
106,450	1,743	-0,142
106,500	1,755	-0,141
106,550	1,772	-0,140
106,600	1,795	-0,139
106,650	1,821	-0,137
106,700	1,845	-0,135
106,750	1,865	-0,134
106,800	1,883	-0,133
106,850	1,901	-0,132
106,900	1,925	-0,131
106,950	1,956	-0,129
107,000	1,989	-0,127
107,050	2,015	-0,126
107,100	2,034	-0,124
107,150	2,051	-0,123
107,200	2,068	-0,123
107,250	2,086	-0,122
107,300	2,104	-0,121
107,350	2,124	-0,119
107,400	2,146	-0,118
107,450	2,175	-0,117
107,500	2,217	-0,115
107,550	2,266	-0,112
107,600	2,302	-0,110
107,650	2,324	-0,109
107,700	2,333	-0,109
107,750	2,342	-0,109
107,800	2,358	-0,108
107,850	2,384	-0,107
107,900	2,423	-0,105
107,950	2,463	-0,103
108,000	2,494	-0,102
108,050	2,519	-0,101
108,100	2,539	-0,099
108,150	2,557	-0,099
108,200	2,577	-0,098
108,250	2,591	-0,098
108,300	2,603	-0,096
108,350	2,611	-0,097
108,400	2,615	-0,096
108,450	2,617	-0,096
108,500	2,617	-0,096
108,550	2,617	-0,096
108,600	2,617	-0,096
108,650	2,617	-0,096
108,700	2,616	-0,096
108,750	2,617	-0,096
108,800	2,617	-0,096
108,850	2,617	-0,096
108,900	2,622	-0,096
108,950	2,640	-0,096
109,000	2,668	-0,094
109,050	2,702	-0,093
109,100	2,732	-0,092
109,150	2,758	-0,091
109,200	2,788	-0,090
109,250	2,826	-0,089
109,300	2,867	-0,086
109,350	2,906	-0,086
109,400	2,938	-0,084
109,450	2,962	-0,084
109,500	2,979	-0,082
109,550	2,988	-0,083
109,600	2,999	-0,082
109,650	3,011	-0,082
109,700	3,023	-0,081
109,750	3,035	-0,081
109,800	3,046	-0,080
109,850	3,057	-0,080
109,900	3,073	-0,079
109,950	3,087	-0,079
110,000	3,094	-0,078
110,050	3,098	-0,079
110,100	3,104	-0,078
110,150	3,117	-0,079
110,200	3,140	-0,077
110,250	3,175	-0,077
110,300	3,226	-0,074
110,350	3,281	-0,074
110,400	3,336	-0,071
110,450	3,384	-0,070
110,500	3,428	-0,068
110,550	3,477	-0,068
110,600	3,538	-0,065
110,650	3,624	-0,064
110,700	3,734	-0,060
110,750	3,831	-0,058
110,800	3,900	-0,056
110,850	3,940	-0,056
110,900	3,966	-0,054
110,950	3,989	-0,054
111,000	4,012	-0,053
111,050	4,029	-0,054
111,100	4,042	-0,052
111,150	4,052	-0,053
111,200	4,056	-0,052
111,250	4,058	-0,053
111,300	4,059	-0,052
111,350	4,059	-0,053
111,400	4,060	-0,052
111,450	4,060	-0,053
111,500	4,060	-0,052
111,550	4,060	-0,053
111,600	4,062	-0,052
111,650	4,075	-0,053
111,700	4,086	-0,051
111,750	4,097	-0,053
111,800	4,121	-0,051
111,850	4,151	-0,051
111,900	4,189	-0,049
111,950	4,226	-0,050
112,000	4,261	-0,048
112,050	4,293	-0,048
112,100	4,326	-0,047
112,150	4,366	-0,047
112,200	4,403	-0,045
112,250	4,430	-0,045
112,300	4,447	-0,044
112,350	4,460	-0,045
112,400	4,472	-0,044
112,450	4,488	-0,044
112,500	4,513	-0,043
112,550	4,544	-0,043
112,600	4,575	-0,042
112,650	4,606	-0,042
112,700	4,633	-0,041
112,750	4,654	-0,042
112,800	4,674	-0,040
112,850	4,698	-0,041
112,900	4,734	-0,039
112,950	4,778	-0,039
113,000	4,815	-0,037
113,050	4,833	-0,038
113,100	4,841	-0,037
113,150	4,846	-0,038
113,200	4,861	-0,037
113,250	4,883	-0,037
113,300	4,905	-0,036
113,350	4,925	-0,037
113,400	4,945	-0,035
113,450	4,960	-0,036
113,500	4,972	-0,035
113,550	4,989	-0,036
113,600	5,007	-0,034
113,650	5,019	-0,036
113,700	5,033	-0,034
113,750	5,048	-0,035
113,800	5,067	-0,033
113,850	5,091	-0,034
113,900	5,115	-0,033
113,950	5,137	-0,033
114,000	5,155	-0,032
114,050	5,165	-0,033
114,100	5,179	-0,032
114,150	5,198	-0,032
114,200	5,221	-0,031
114,250	5,245	-0,032
114,300	5,269	-0,030
114,350	5,290	-0,031
114,400	5,308	-0,030
114,450	5,321	-0,031
114,500	5,328	-0,029
114,550	5,330	-0,030
114,600	5,332	-0,029
114,650	5,332	-0,031
114,700	5,333	-0,029
114,750	5,333	-0,030
114,800	5,333	-0,029
114,850	5,333	-0,030
114,900	5,333	-0,030
114,950	5,333	-0,030
115,000	5,339	-0,029
115,050	5,358	-0,030
115,100	5,383	-0,029
115,150	5,418	-0,029
115,200	5,460	-0,028
115,250	5,501	-0,028
115,300	5,535	-0,027
115,350	5,559	-0,027
115,400	5,580	-0,026
115,450	5,603	-0,026
115,500	5,627	-0,025
115,550	5,652	-0,026
115,600	5,673	-0,025
115,650	5,685	-0,025
115,700	5,700	-0,025
115,750	5,716	-0,025
115,800	5,735	-0,024
115,850	5,757	-0,025
115,900	5,776	-0,024
115,950	5,790	-0,024
116,000	5,803	-0,023
116,050	5,816	-0,024
116,100	5,828	-0,023
116,150	5,840	-0,023
116,200	5,857	-0,022
116,250	5,876	-0,023
116,300	5,893	-0,022
116,350	5,902	-0,023
116,400	5,913	-0,022
116,450	5,921	-0,022
116,500	5,932	-0,022
116,550	5,952	-0,022
116,600	5,973	-0,021
116,650	5,987	-0,021
116,700	5,994	-0,021
116,750	6,000	-0,021
116,800	6,013	-0,021
116,850	6,031	-0,021
116,900	6,044	-0,020
116,950	6,049	-0,021
117,000	6,049	-0,020
117,050	6,042	-0,021
117,100	6,040	-0,020
117,150	6,038	-0,021
117,200	6,037	-0,020
117,250	6,037	-0,021
117,300	6,037	-0,020
117,350	6,037	-0,021
117,400	6,037	-0,020
117,450	6,037	-0,021
117,500	6,038	-0,020
117,550	6,050	-0,020
117,600	6,075	-0,020
117,650	6,105	-0,020
117,700	6,127	-0,020
117,750	6,147	-0,019
117,800	6,166	-0,019
117,850	6,190	-0,019
117,900	6,222	-0,018
117,950	6,247	-0,018
118,000	6,263	-0,018
118,050	6,276	-0,018
118,100	6,283	-0,018
118,150	6,286	-0,018
118,200	6,288	-0,018
118,250	6,289	-0,017
118,300	6,289	-0,018
118,350	6,289	-0,018
118,400	6,289	-0,018
118,450	6,289	-0,018
118,500	6,289	-0,018
118,550	6,290	-0,018
118,600	6,290	-0,018
118,650	6,290	-0,018
118,700	6,290	-0,017
118,750	6,290	-0,018
118,800	6,290	-0,018
118,850	6,290	-0,018
118,900	6,290	-0,018
118,950	6,290	-0,018
119,000	6,290	-0,018
119,050	6,290	-0,017
119,100	6,290	-0,018
119,150	6,290	-0,017
119,200	6,294	-0,018
119,250	6,305	-0,017
119,300	6,316	-0,018
119,350	6,322	-0,017
119,400	6,326	-0,017
119,450	6,334	-0,017
119,500	6,342	-0,017
119,550	6,353	-0,016
119,600	6,364	-0,017
119,650	6,373	-0,017
119,700	6,383	-0,017
119,750	6,397	-0,016
119,800	6,412	-0,017
119,850	6,430	-0,016
119,900	6,442	-0,016
119,950	6,449	-0,016
120,000	6,459	-0,016
120,050	6,466	-0,015
120,100	6,471	-0,016
120,150	6,481	-0,015
120,200	6,491	-0,016
120,250	6,500	-0,015
120,300	6,504	-0,016
120,350	6,507	-0,015
120,400	6,507	-0,016
120,450	6,512	-0,015
120,500	6,520	-0,015
120,550	6,531	-0,014
120,600	6,538	-0,015
120,650	6,545	-0,014
120,700	6,553	-0,015
120,750	6,558	-0,014
120,800	6,560	-0,015
120,850	6,562	-0,014
120,900	6,562	-0,015
120,950	6,562	-0,014
121,000	6,562	-0,015
121,050	6,564	-0,014
121,100	6,572	-0,015
121,150	6,576	-0,014
121,200	6,578	-0,015
121,250	6,583	-0,014
121,300	6,590	-0,015
121,350	6,595	-0,014
121,400	6,596	-0,015
121,450	6,598	-0,014
121,500	6,598	-0,015
121,550	6,606	-0,014
121,600	6,616	-0,015
121,650	6,627	-0,014
121,700	6,631	-0,014
121,750	6,633	-0,014
121,800	6,634	-0,014
121,850	6,633	-0,013
121,900	6,626	-0,015
121,950	6,622	-0,013
122,000	6,619	-0,014
122,050	6,618	-0,014
122,100	6,617	-0,015
122,150	6,617	-0,014
122,200	6,616	-0,015
122,250	6,617	-0,014
122,300	6,617	-0,014
122,350	6,617	-0,014
122,400	6,616	-0,015
122,450	6,617	-0,014
122,500	6,616	-0,015
122,550	6,617	-0,014
122,600	6,616	-0,015
122,650	6,617	-0,013
122,700	6,616	-0,015
122,750	6,617	-0,013
122,800	6,619	-0,015
122,850	6,628	-0,014
122,900	6,638	-0,015
122,950	6,653	-0,013
123,000	6,665	-0,014
123,050	6,681	-0,013
123,100	6,694	-0,014
123,150	6,705	-0,013
123,200	6,716	-0,013
123,250	6,729	-0,013
123,300	6,736	-0,014
123,350	6,742	-0,012
123,400	6,751	-0,013
123,450	6,757	-0,012
123,500	6,764	-0,013
123,550	6,773	-0,012
123,600	6,778	-0,013
123,650	6,788	-0,012
123,700	6,793	-0,013
123,750	6,796	-0,012
123,800	6,800	-0,013
123,850	6,809	-0,012
123,900	6,816	-0,013
123,950	6,825	-0,012
124,000	6,830	-0,013
124,050	6,833	-0,011
124,100	6,833	-0,013
124,150	6,834	-0,012
124,200	6,834	-0,013
124,250	6,835	-0,012
124,300	6,832	-0,013
124,350	6,825	-0,011
124,400	6,821	-0,013
124,450	6,819	-0,012
124,500	6,818	-0,013
124,550	6,818	-0,011
124,600	6,818	-0,012
124,650	6,818	-0,012
124,700	6,817	-0,012
124,750	6,818	-0,011
124,800	6,817	-0,013
124,850	6,817	-0,012
124,900	6,817	-0,013
124,950	6,818	-0,011
125,000	6,817	-0,013
125,050	6,817	-0,012
125,100	6,816	-0,013
125,150	6,817	-0,011
125,200	6,817	-0,013
125,250	6,817	-0,012
125,300	6,816	-0,013
125,350	6,817	-0,012
125,400	6,817	-0,012
125,450	6,817	-0,012
125,500	6,816	-0,013
125,550	6,816	-0,012
