Zeit (s) Messreihe #4	Spannung, Ch A (V) Messreihe #4	Spannung, Ch B (V) Messreihe #4
0,000	6,659	-0,002
0,050	6,659	-9,939E-4
0,100	6,659	-0,002
0,150	6,659	-0,001
0,200	6,659	-0,002
0,250	6,659	-9,951E-4
0,300	6,659	-0,002
0,350	6,659	-9,170E-4
0,400	6,659	-0,002
0,450	6,659	-9,731E-4
0,500	6,659	-0,002
0,550	6,660	-9,243E-4
0,600	6,660	-0,002
0,650	6,660	-9,939E-4
0,700	6,660	-0,002
0,750	6,660	-0,001
0,800	6,660	-0,002
0,850	6,660	-9,670E-4
0,900	6,660	-0,002
0,950	6,661	-8,364E-4
1,000	6,660	-0,002
1,050	6,660	-0,001
1,100	6,660	-0,002
1,150	6,661	-8,328E-4
1,200	6,660	-0,002
1,250	6,661	-0,001
1,300	6,660	-0,002
1,350	6,661	-9,329E-4
1,400	6,660	-0,002
1,450	6,661	-7,913E-4
1,500	6,658	-0,002
1,550	6,648	-9,805E-4
1,600	6,636	-0,002
1,650	6,630	-0,001
1,700	6,627	-0,002
1,750	6,626	-7,949E-4
1,800	6,622	-0,002
1,850	6,615	-0,001
1,900	6,611	-0,002
1,950	6,609	-0,001
2,000	6,607	-0,002
2,050	6,599	-0,001
2,100	6,593	-0,003
2,150	6,585	-0,002
2,200	6,577	-0,003
2,250	6,567	-0,002
2,300	6,554	-0,003
2,350	6,543	-0,002
2,400	6,530	-0,003
2,450	6,517	-0,002
2,500	6,501	-0,003
2,550	6,490	-0,002
2,600	6,483	-0,003
2,650	6,473	-0,002
2,700	6,464	-0,004
2,750	6,454	-0,003
2,800	6,445	-0,004
2,850	6,435	-0,003
2,900	6,422	-0,004
2,950	6,410	-0,003
3,000	6,399	-0,004
3,050	6,394	-0,003
3,100	6,386	-0,004
3,150	6,379	-0,003
3,200	6,369	-0,004
3,250	6,358	-0,003
3,300	6,341	-0,005
3,350	6,320	-0,004
3,400	6,301	-0,005
3,450	6,288	-0,004
3,500	6,275	-0,005
3,550	6,261	-0,004
3,600	6,240	-0,005
3,650	6,219	-0,005
3,700	6,199	-0,006
3,750	6,183	-0,005
3,800	6,165	-0,006
3,850	6,148	-0,005
3,900	6,129	-0,006
3,950	6,107	-0,005
4,000	6,082	-0,007
4,050	6,058	-0,006
4,100	6,036	-0,007
4,150	6,017	-0,006
4,200	5,997	-0,007
4,250	5,979	-0,007
4,300	5,963	-0,008
4,350	5,944	-0,007
4,400	5,914	-0,008
4,450	5,879	-0,007
4,500	5,849	-0,009
4,550	5,826	-0,008
4,600	5,808	-0,009
4,650	5,793	-0,008
4,700	5,778	-0,009
4,750	5,763	-0,008
4,800	5,747	-0,009
4,850	5,727	-0,008
4,900	5,706	-0,010
4,950	5,687	-0,009
5,000	5,663	-0,010
5,050	5,637	-0,009
5,100	5,613	-0,011
5,150	5,593	-0,009
5,200	5,571	-0,011
5,250	5,550	-0,010
5,300	5,527	-0,011
5,350	5,504	-0,010
5,400	5,480	-0,012
5,450	5,459	-0,011
5,500	5,438	-0,013
5,550	5,420	-0,011
5,600	5,404	-0,012
5,650	5,386	-0,012
5,700	5,365	-0,013
5,750	5,345	-0,012
5,800	5,322	-0,013
5,850	5,303	-0,013
5,900	5,284	-0,014
5,950	5,265	-0,013
6,000	5,249	-0,014
6,050	5,232	-0,013
6,100	5,213	-0,015
6,150	5,192	-0,014
6,200	5,167	-0,015
6,250	5,143	-0,014
6,300	5,118	-0,016
6,350	5,093	-0,015
6,400	5,069	-0,016
6,450	5,048	-0,015
6,500	5,024	-0,016
6,550	5,001	-0,016
6,600	4,974	-0,017
6,650	4,947	-0,016
6,700	4,926	-0,017
6,750	4,910	-0,016
6,800	4,895	-0,018
6,850	4,881	-0,017
6,900	4,866	-0,018
6,950	4,851	-0,017
7,000	4,834	-0,018
7,050	4,817	-0,017
7,100	4,795	-0,019
7,150	4,767	-0,018
7,200	4,749	-0,019
7,250	4,737	-0,018
7,300	4,725	-0,020
7,350	4,717	-0,019
7,400	4,707	-0,020
7,450	4,700	-0,019
7,500	4,689	-0,020
7,550	4,677	-0,019
7,600	4,666	-0,020
7,650	4,638	-0,019
7,700	4,612	-0,021
7,750	4,597	-0,020
7,800	4,584	-0,021
7,850	4,578	-0,020
7,900	4,574	-0,021
7,950	4,573	-0,020
8,000	4,572	-0,021
8,050	4,572	-0,020
8,100	4,572	-0,021
8,150	4,571	-0,020
8,200	4,571	-0,021
8,250	4,571	-0,020
8,300	4,571	-0,021
8,350	4,571	-0,020
8,400	4,571	-0,021
8,450	4,571	-0,020
8,500	4,571	-0,021
8,550	4,571	-0,020
8,600	4,570	-0,022
8,650	4,571	-0,020
8,700	4,571	-0,021
8,750	4,571	-0,020
8,800	4,571	-0,021
8,850	4,571	-0,020
8,900	4,570	-0,021
8,950	4,571	-0,020
9,000	4,570	-0,021
9,050	4,570	-0,020
9,100	4,570	-0,022
9,150	4,570	-0,020
9,200	4,570	-0,021
9,250	4,570	-0,020
9,300	4,570	-0,021
9,350	4,567	-0,020
9,400	4,559	-0,022
9,450	4,555	-0,020
9,500	4,542	-0,022
9,550	4,523	-0,021
9,600	4,504	-0,022
9,650	4,489	-0,021
9,700	4,476	-0,022
9,750	4,464	-0,022
9,800	4,443	-0,023
9,850	4,420	-0,022
9,900	4,403	-0,023
9,950	4,386	-0,023
10,000	4,369	-0,024
10,050	4,353	-0,023
10,100	4,334	-0,024
10,150	4,313	-0,023
10,200	4,291	-0,025
10,250	4,270	-0,024
10,300	4,252	-0,025
10,350	4,238	-0,024
10,400	4,224	-0,025
10,450	4,211	-0,025
10,500	4,201	-0,026
10,550	4,190	-0,025
10,600	4,179	-0,026
10,650	4,168	-0,025
10,700	4,151	-0,027
10,750	4,133	-0,026
10,800	4,117	-0,027
10,850	4,104	-0,026
10,900	4,085	-0,028
10,950	4,058	-0,027
11,000	4,030	-0,028
11,050	4,011	-0,027
11,100	3,994	-0,029
11,150	3,979	-0,028
11,200	3,963	-0,029
11,250	3,946	-0,028
11,300	3,924	-0,029
11,350	3,904	-0,029
11,400	3,887	-0,030
11,450	3,871	-0,030
11,500	3,858	-0,030
11,550	3,844	-0,030
11,600	3,828	-0,031
11,650	3,809	-0,030
11,700	3,786	-0,031
11,750	3,767	-0,031
11,800	3,751	-0,032
11,850	3,740	-0,031
11,900	3,732	-0,032
11,950	3,722	-0,031
12,000	3,710	-0,033
12,050	3,697	-0,032
12,100	3,684	-0,033
12,150	3,669	-0,032
12,200	3,652	-0,033
12,250	3,635	-0,033
12,300	3,616	-0,034
12,350	3,595	-0,033
12,400	3,573	-0,035
12,450	3,559	-0,034
12,500	3,544	-0,035
12,550	3,529	-0,035
12,600	3,512	-0,036
12,650	3,491	-0,035
12,700	3,460	-0,037
12,750	3,428	-0,036
12,800	3,397	-0,038
12,850	3,370	-0,037
12,900	3,347	-0,039
12,950	3,332	-0,038
13,000	3,325	-0,039
13,050	3,321	-0,038
13,100	3,311	-0,040
13,150	3,297	-0,039
13,200	3,283	-0,040
13,250	3,274	-0,039
13,300	3,267	-0,040
13,350	3,258	-0,040
13,400	3,248	-0,041
13,450	3,239	-0,040
13,500	3,228	-0,041
13,550	3,219	-0,040
13,600	3,209	-0,041
13,650	3,199	-0,041
13,700	3,184	-0,042
13,750	3,169	-0,041
13,800	3,151	-0,042
13,850	3,133	-0,042
13,900	3,115	-0,043
13,950	3,097	-0,042
14,000	3,077	-0,044
14,050	3,057	-0,043
14,100	3,038	-0,044
14,150	3,020	-0,044
14,200	3,001	-0,045
14,250	2,979	-0,045
14,300	2,951	-0,047
14,350	2,925	-0,046
14,400	2,906	-0,047
14,450	2,896	-0,047
14,500	2,886	-0,048
14,550	2,877	-0,047
14,600	2,864	-0,048
14,650	2,851	-0,047
14,700	2,835	-0,049
14,750	2,814	-0,048
14,800	2,794	-0,050
14,850	2,777	-0,049
14,900	2,761	-0,051
14,950	2,746	-0,050
15,000	2,736	-0,051
15,050	2,724	-0,051
15,100	2,707	-0,052
15,150	2,689	-0,051
15,200	2,670	-0,053
15,250	2,654	-0,052
15,300	2,639	-0,054
15,350	2,623	-0,053
15,400	2,604	-0,054
15,450	2,587	-0,054
15,500	2,571	-0,055
15,550	2,560	-0,055
15,600	2,554	-0,056
15,650	2,553	-0,055
15,700	2,551	-0,056
15,750	2,551	-0,055
15,800	2,551	-0,056
15,850	2,551	-0,055
15,900	2,551	-0,056
15,950	2,551	-0,055
16,000	2,551	-0,056
16,050	2,551	-0,055
16,100	2,551	-0,056
16,150	2,551	-0,055
16,200	2,551	-0,056
16,250	2,550	-0,055
16,300	2,550	-0,056
16,350	2,550	-0,055
16,400	2,550	-0,056
16,450	2,550	-0,055
16,500	2,550	-0,056
16,550	2,550	-0,055
16,600	2,550	-0,056
16,650	2,551	-0,055
16,700	2,550	-0,056
16,750	2,550	-0,055
16,800	2,550	-0,056
16,850	2,550	-0,055
16,900	2,550	-0,056
16,950	2,549	-0,055
17,000	2,543	-0,056
17,050	2,532	-0,055
17,100	2,520	-0,057
17,150	2,508	-0,056
17,200	2,500	-0,058
17,250	2,487	-0,057
17,300	2,466	-0,058
17,350	2,439	-0,058
17,400	2,412	-0,060
17,450	2,391	-0,059
17,500	2,380	-0,061
17,550	2,370	-0,060
17,600	2,359	-0,061
17,650	2,344	-0,060
17,700	2,325	-0,062
17,750	2,303	-0,062
17,800	2,284	-0,063
17,850	2,273	-0,063
17,900	2,266	-0,064
17,950	2,258	-0,063
18,000	2,250	-0,065
18,050	2,241	-0,064
18,100	2,231	-0,065
18,150	2,214	-0,064
18,200	2,196	-0,066
18,250	2,185	-0,065
18,300	2,173	-0,067
18,350	2,165	-0,066
18,400	2,155	-0,067
18,450	2,148	-0,067
18,500	2,144	-0,068
18,550	2,143	-0,067
18,600	2,139	-0,068
18,650	2,131	-0,067
18,700	2,120	-0,069
18,750	2,112	-0,068
18,800	2,108	-0,069
18,850	2,104	-0,068
18,900	2,087	-0,069
18,950	2,066	-0,069
19,000	2,049	-0,071
19,050	2,040	-0,070
19,100	2,030	-0,072
19,150	2,021	-0,071
19,200	2,010	-0,072
19,250	2,004	-0,071
19,300	1,998	-0,073
19,350	1,989	-0,072
19,400	1,975	-0,073
19,450	1,958	-0,073
19,500	1,939	-0,074
19,550	1,922	-0,074
19,600	1,902	-0,076
19,650	1,878	-0,076
19,700	1,855	-0,078
19,750	1,837	-0,077
19,800	1,824	-0,079
19,850	1,811	-0,078
19,900	1,795	-0,080
19,950	1,781	-0,079
20,000	1,767	-0,081
20,050	1,752	-0,080
20,100	1,737	-0,082
20,150	1,726	-0,081
20,200	1,715	-0,083
20,250	1,701	-0,082
20,300	1,685	-0,084
20,350	1,668	-0,083
20,400	1,650	-0,085
20,450	1,632	-0,085
20,500	1,614	-0,087
20,550	1,596	-0,086
20,600	1,579	-0,088
20,650	1,563	-0,088
20,700	1,549	-0,089
20,750	1,534	-0,089
20,800	1,516	-0,091
20,850	1,498	-0,091
20,900	1,483	-0,092
20,950	1,470	-0,092
21,000	1,456	-0,094
21,050	1,439	-0,094
21,100	1,420	-0,096
21,150	1,404	-0,095
21,200	1,387	-0,097
21,250	1,368	-0,097
21,300	1,351	-0,098
21,350	1,334	-0,098
21,400	1,317	-0,100
21,450	1,299	-0,100
21,500	1,280	-0,102
21,550	1,262	-0,101
21,600	1,244	-0,104
21,650	1,225	-0,104
21,700	1,204	-0,106
21,750	1,185	-0,106
21,800	1,171	-0,108
21,850	1,160	-0,107
21,900	1,154	-0,109
21,950	1,152	-0,108
22,000	1,151	-0,109
22,050	1,151	-0,108
22,100	1,151	-0,109
22,150	1,152	-0,108
22,200	1,152	-0,109
22,250	1,152	-0,108
22,300	1,152	-0,109
22,350	1,152	-0,108
22,400	1,152	-0,109
22,450	1,152	-0,108
22,500	1,152	-0,109
22,550	1,152	-0,108
22,600	1,152	-0,109
22,650	1,152	-0,108
22,700	1,151	-0,109
22,750	1,152	-0,108
22,800	1,151	-0,109
22,850	1,152	-0,108
22,900	1,151	-0,109
22,950	1,152	-0,108
23,000	1,151	-0,109
23,050	1,152	-0,108
23,100	1,152	-0,109
23,150	1,151	-0,108
23,200	1,151	-0,110
23,250	1,152	-0,108
23,300	1,150	-0,109
23,350	1,136	-0,109
23,400	1,109	-0,111
23,450	1,085	-0,111
23,500	1,070	-0,113
23,550	1,058	-0,113
23,600	1,045	-0,115
23,650	1,031	-0,114
23,700	1,019	-0,116
23,750	1,010	-0,115
23,800	0,998	-0,117
23,850	0,983	-0,117
23,900	0,967	-0,119
23,950	0,952	-0,119
24,000	0,934	-0,121
24,050	0,911	-0,121
24,100	0,886	-0,124
24,150	0,858	-0,124
24,200	0,826	-0,127
24,250	0,796	-0,128
24,300	0,768	-0,131
24,350	0,739	-0,132
24,400	0,711	-0,135
24,450	0,683	-0,136
24,500	0,654	-0,139
24,550	0,627	-0,140
24,600	0,602	-0,143
24,650	0,582	-0,144
24,700	0,566	-0,146
24,750	0,552	-0,146
24,800	0,540	-0,148
24,850	0,527	-0,148
24,900	0,514	-0,150
24,950	0,499	-0,150
25,000	0,481	-0,153
25,050	0,461	-0,154
25,100	0,439	-0,156
25,150	0,414	-0,158
25,200	0,390	-0,161
25,250	0,367	-0,162
25,300	0,347	-0,165
25,350	0,328	-0,166
25,400	0,309	-0,169
25,450	0,288	-0,170
25,500	0,264	-0,174
25,550	0,238	-0,176
25,600	0,215	-0,179
25,650	0,196	-0,181
25,700	0,180	-0,184
25,750	0,165	-0,185
25,800	0,149	-0,188
25,850	0,133	-0,189
25,900	0,117	-0,192
25,950	0,100	-0,194
26,000	0,082	-0,197
26,050	0,062	-0,199
26,100	0,037	-0,204
26,150	0,008	-0,207
26,200	-0,022	-0,213
26,250	-0,050	-0,218
26,300	-0,071	-0,223
26,350	-0,084	-0,225
26,400	-0,090	-0,229
26,450	-0,091	-0,229
26,500	-0,088	-0,231
26,550	-0,084	-0,230
26,600	-0,080	-0,231
26,650	-0,077	-0,230
26,700	-0,075	-0,231
26,750	-0,075	-0,230
26,800	-0,074	-0,231
26,850	-0,075	-0,230
26,900	-0,075	-0,231
26,950	-0,075	-0,230
27,000	-0,075	-0,231
27,050	-0,075	-0,230
27,100	-0,074	-0,231
27,150	-0,075	-0,230
27,200	-0,075	-0,231
27,250	-0,075	-0,230
27,300	-0,075	-0,231
27,350	-0,075	-0,230
27,400	-0,075	-0,231
27,450	-0,075	-0,230
27,500	-0,075	-0,231
27,550	-0,075	-0,230
27,600	-0,075	-0,231
27,650	-0,075	-0,230
27,700	-0,075	-0,231
27,750	-0,075	-0,230
27,800	-0,075	-0,231
27,850	-0,075	-0,230
27,900	-0,075	-0,231
27,950	-0,075	-0,230
28,000	-0,075	-0,231
28,050	-0,075	-0,230
28,100	-0,075	-0,231
28,150	-0,075	-0,230
28,200	-0,075	-0,231
28,250	-0,075	-0,230
28,300	-0,075	-0,231
28,350	-0,075	-0,230
28,400	-0,075	-0,231
28,450	-0,075	-0,230
28,500	-0,075	-0,231
28,550	-0,075	-0,230
28,600	-0,075	-0,231
28,650	-0,075	-0,230
28,700	-0,075	-0,231
28,750	-0,075	-0,230
28,800	-0,075	-0,231
28,850	-0,075	-0,230
28,900	-0,075	-0,231
28,950	-0,075	-0,230
29,000	-0,075	-0,231
29,050	-0,075	-0,230
29,100	-0,075	-0,231
29,150	-0,075	-0,230
29,200	-0,075	-0,231
29,250	-0,075	-0,230
29,300	-0,075	-0,231
29,350	-0,075	-0,230
29,400	-0,075	-0,231
29,450	-0,075	-0,230
29,500	-0,075	-0,231
29,550	-0,075	-0,230
29,600	-0,075	-0,231
29,650	-0,075	-0,230
29,700	-0,075	-0,231
29,750	-0,075	-0,230
29,800	-0,075	-0,231
29,850	-0,075	-0,230
29,900	-0,075	-0,231
29,950	-0,075	-0,230
30,000	-0,075	-0,231
30,050	-0,075	-0,230
30,100	-0,075	-0,231
30,150	-0,075	-0,230
30,200	-0,075	-0,231
30,250	-0,075	-0,230
30,300	-0,075	-0,231
30,350	-0,076	-0,230
30,400	-0,075	-0,231
30,450	-0,075	-0,230
30,500	-0,028	-0,230
30,550	0,073	-0,224
30,600	0,092	-0,225
30,650	0,090	-0,224
30,700	0,084	-0,225
30,750	0,081	-0,224
30,800	0,080	-0,225
30,850	0,079	-0,224
30,900	0,079	-0,225
30,950	0,079	-0,224
31,000	0,079	-0,225
31,050	0,079	-0,224
31,100	0,079	-0,225
31,150	0,079	-0,224
31,200	0,079	-0,225
31,250	0,079	-0,224
31,300	0,079	-0,225
31,350	0,079	-0,224
31,400	0,079	-0,225
31,450	0,079	-0,224
31,500	0,079	-0,225
31,550	0,079	-0,224
31,600	0,079	-0,225
31,650	0,079	-0,224
31,700	0,079	-0,225
31,750	0,079	-0,224
31,800	0,079	-0,225
31,850	0,079	-0,224
31,900	0,079	-0,225
31,950	0,079	-0,224
32,000	0,079	-0,225
32,050	0,079	-0,224
32,100	0,079	-0,225
32,150	0,079	-0,224
32,200	0,079	-0,225
32,250	0,079	-0,224
32,300	0,079	-0,225
32,350	0,079	-0,224
32,400	0,079	-0,225
32,450	0,079	-0,224
32,500	0,079	-0,225
32,550	0,079	-0,224
32,600	0,079	-0,225
32,650	0,079	-0,224
32,700	0,079	-0,225
32,750	0,079	-0,224
32,800	0,079	-0,225
32,850	0,079	-0,224
32,900	0,079	-0,225
32,950	0,079	-0,224
33,000	0,079	-0,225
33,050	0,079	-0,224
33,100	0,079	-0,225
33,150	0,079	-0,224
33,200	0,079	-0,225
33,250	0,079	-0,224
33,300	0,079	-0,225
33,350	0,079	-0,224
33,400	0,079	-0,225
33,450	0,079	-0,224
33,500	0,079	-0,225
33,550	0,079	-0,224
33,600	0,079	-0,225
33,650	0,079	-0,224
33,700	0,079	-0,225
33,750	0,079	-0,224
33,800	0,079	-0,225
33,850	0,079	-0,224
33,900	0,079	-0,225
33,950	0,079	-0,224
34,000	0,079	-0,225
34,050	0,079	-0,224
34,100	0,079	-0,225
34,150	0,079	-0,224
34,200	0,079	-0,225
34,250	0,079	-0,224
34,300	0,079	-0,225
34,350	0,079	-0,224
34,400	0,079	-0,225
34,450	0,079	-0,224
34,500	0,079	-0,225
34,550	0,079	-0,224
34,600	0,079	-0,225
34,650	0,079	-0,224
34,700	0,079	-0,225
34,750	0,079	-0,224
34,800	0,079	-0,225
34,850	0,079	-0,224
34,900	0,079	-0,225
34,950	0,079	-0,224
35,000	0,079	-0,225
35,050	0,079	-0,224
35,100	0,079	-0,225
35,150	0,079	-0,224
35,200	0,079	-0,225
35,250	0,079	-0,224
35,300	0,079	-0,225
35,350	0,079	-0,224
35,400	0,079	-0,225
35,450	0,079	-0,224
35,500	0,079	-0,226
35,550	0,079	-0,224
35,600	0,079	-0,225
35,650	0,079	-0,224
35,700	0,079	-0,225
35,750	0,079	-0,224
35,800	0,079	-0,225
35,850	0,079	-0,224
35,900	0,079	-0,225
35,950	0,079	-0,224
36,000	0,079	-0,225
36,050	0,079	-0,224
36,100	0,079	-0,225
36,150	0,079	-0,224
36,200	0,079	-0,225
36,250	0,079	-0,224
36,300	0,079	-0,225
36,350	0,079	-0,224
36,400	0,079	-0,225
36,450	0,079	-0,224
36,500	0,079	-0,225
36,550	0,079	-0,224
36,600	0,079	-0,225
36,650	0,079	-0,224
36,700	0,079	-0,225
36,750	0,079	-0,224
36,800	0,079	-0,225
36,850	0,079	-0,224
36,900	0,079	-0,226
36,950	0,079	-0,225
37,000	0,079	-0,225
37,050	0,079	-0,224
37,100	0,079	-0,226
37,150	0,079	-0,224
37,200	0,079	-0,225
37,250	0,079	-0,224
37,300	0,078	-0,226
37,350	0,075	-0,225
37,400	0,072	-0,226
37,450	0,066	-0,225
37,500	0,059	-0,226
37,550	0,050	-0,225
37,600	0,040	-0,227
37,650	0,025	-0,226
37,700	0,011	-0,228
37,750	-0,002	-0,227
37,800	-0,010	-0,228
37,850	-0,020	-0,227
37,900	-0,029	-0,229
37,950	-0,039	-0,228
38,000	-0,051	-0,230
38,050	-0,059	-0,229
38,100	-0,068	-0,230
38,150	-0,077	-0,230
38,200	-0,087	-0,231
38,250	-0,093	-0,231
38,300	-0,101	-0,233
38,350	-0,107	-0,233
38,400	-0,112	-0,235
38,450	-0,118	-0,235
38,500	-0,124	-0,238
38,550	-0,132	-0,239
38,600	-0,140	-0,242
38,650	-0,147	-0,243
38,700	-0,156	-0,246
38,750	-0,163	-0,247
38,800	-0,171	-0,251
38,850	-0,179	-0,253
38,900	-0,187	-0,257
38,950	-0,194	-0,260
39,000	-0,200	-0,264
39,050	-0,206	-0,266
39,100	-0,212	-0,271
39,150	-0,217	-0,274
39,200	-0,222	-0,279
39,250	-0,227	-0,282
39,300	-0,231	-0,288
39,350	-0,235	-0,293
39,400	-0,238	-0,300
39,450	-0,240	-0,305
39,500	-0,244	-0,314
39,550	-0,246	-0,322
39,600	-0,249	-0,332
39,650	-0,252	-0,342
39,700	-0,255	-0,356
39,750	-0,259	-0,368
39,800	-0,262	-0,384
39,850	-0,266	-0,399
39,900	-0,272	-0,418
39,950	-0,277	-0,436
40,000	-0,283	-0,457
40,050	-0,290	-0,476
40,100	-0,298	-0,497
40,150	-0,306	-0,516
40,200	-0,316	-0,537
40,250	-0,329	-0,555
40,300	-0,345	-0,573
40,350	-0,361	-0,588
40,400	-0,376	-0,602
40,450	-0,386	-0,610
40,500	-0,394	-0,618
40,550	-0,396	-0,622
40,600	-0,392	-0,625
40,650	-0,381	-0,624
40,700	-0,364	-0,624
40,750	-0,352	-0,623
40,800	-0,350	-0,624
40,850	-0,354	-0,623
40,900	-0,358	-0,624
40,950	-0,359	-0,623
41,000	-0,360	-0,624
41,050	-0,360	-0,623
41,100	-0,360	-0,624
41,150	-0,360	-0,623
41,200	-0,360	-0,624
41,250	-0,361	-0,623
41,300	-0,367	-0,624
41,350	-0,373	-0,623
41,400	-0,376	-0,625
41,450	-0,377	-0,623
41,500	-0,377	-0,624
41,550	-0,377	-0,624
41,600	-0,377	-0,624
41,650	-0,379	-0,624
41,700	-0,384	-0,625
41,750	-0,389	-0,625
41,800	-0,392	-0,626
41,850	-0,393	-0,626
41,900	-0,396	-0,627
41,950	-0,400	-0,627
42,000	-0,404	-0,630
42,050	-0,407	-0,630
42,100	-0,410	-0,633
42,150	-0,412	-0,633
42,200	-0,414	-0,635
42,250	-0,418	-0,636
42,300	-0,421	-0,639
42,350	-0,425	-0,639
42,400	-0,428	-0,642
42,450	-0,431	-0,643
42,500	-0,434	-0,646
42,550	-0,438	-0,646
42,600	-0,442	-0,649
42,650	-0,445	-0,650
42,700	-0,450	-0,653
42,750	-0,454	-0,654
42,800	-0,459	-0,657
42,850	-0,465	-0,659
42,900	-0,471	-0,663
42,950	-0,476	-0,664
43,000	-0,482	-0,668
43,050	-0,487	-0,669
43,100	-0,492	-0,672
43,150	-0,497	-0,674
43,200	-0,501	-0,677
43,250	-0,506	-0,678
43,300	-0,511	-0,681
43,350	-0,516	-0,682
43,400	-0,521	-0,685
43,450	-0,527	-0,686
43,500	-0,533	-0,689
43,550	-0,538	-0,690
43,600	-0,540	-0,693
43,650	-0,542	-0,693
43,700	-0,545	-0,695
43,750	-0,548	-0,695
43,800	-0,550	-0,697
43,850	-0,553	-0,697
43,900	-0,554	-0,699
43,950	-0,555	-0,698
44,000	-0,555	-0,700
44,050	-0,555	-0,699
44,100	-0,555	-0,700
44,150	-0,555	-0,699
44,200	-0,559	-0,701
44,250	-0,562	-0,700
44,300	-0,566	-0,702
44,350	-0,571	-0,702
44,400	-0,577	-0,705
44,450	-0,582	-0,706
44,500	-0,586	-0,708
44,550	-0,591	-0,709
44,600	-0,596	-0,711
44,650	-0,601	-0,712
44,700	-0,607	-0,714
44,750	-0,613	-0,715
44,800	-0,620	-0,718
44,850	-0,627	-0,719
44,900	-0,635	-0,722
44,950	-0,643	-0,723
45,000	-0,651	-0,727
45,050	-0,659	-0,727
45,100	-0,667	-0,731
45,150	-0,674	-0,732
45,200	-0,680	-0,734
45,250	-0,687	-0,735
45,300	-0,692	-0,737
45,350	-0,699	-0,738
45,400	-0,707	-0,741
45,450	-0,716	-0,741
45,500	-0,724	-0,744
45,550	-0,731	-0,745
45,600	-0,739	-0,748
45,650	-0,746	-0,748
45,700	-0,753	-0,751
45,750	-0,761	-0,751
45,800	-0,768	-0,754
45,850	-0,776	-0,754
45,900	-0,782	-0,756
45,950	-0,787	-0,756
46,000	-0,792	-0,758
46,050	-0,800	-0,758
46,100	-0,810	-0,761
46,150	-0,821	-0,762
46,200	-0,830	-0,765
46,250	-0,836	-0,765
46,300	-0,841	-0,767
46,350	-0,846	-0,767
46,400	-0,849	-0,769
46,450	-0,853	-0,768
46,500	-0,858	-0,770
46,550	-0,864	-0,770
46,600	-0,867	-0,772
46,650	-0,871	-0,771
46,700	-0,877	-0,773
46,750	-0,884	-0,773
46,800	-0,893	-0,775
46,850	-0,902	-0,776
46,900	-0,911	-0,778
46,950	-0,919	-0,779
47,000	-0,927	-0,781
47,050	-0,935	-0,781
47,100	-0,943	-0,783
47,150	-0,950	-0,783
47,200	-0,958	-0,785
47,250	-0,966	-0,785
47,300	-0,971	-0,787
47,350	-0,977	-0,787
47,400	-0,984	-0,789
47,450	-0,993	-0,789
47,500	-1,003	-0,791
47,550	-1,014	-0,791
47,600	-1,022	-0,793
47,650	-1,028	-0,793
47,700	-1,032	-0,795
47,750	-1,038	-0,795
47,800	-1,045	-0,797
47,850	-1,053	-0,797
47,900	-1,063	-0,799
47,950	-1,075	-0,799
48,000	-1,089	-0,801
48,050	-1,103	-0,802
48,100	-1,117	-0,805
48,150	-1,129	-0,805
48,200	-1,139	-0,807
48,250	-1,147	-0,807
48,300	-1,155	-0,809
48,350	-1,164	-0,809
48,400	-1,176	-0,812
48,450	-1,190	-0,812
48,500	-1,208	-0,815
48,550	-1,228	-0,815
48,600	-1,248	-0,819
48,650	-1,269	-0,820
48,700	-1,290	-0,823
48,750	-1,308	-0,823
48,800	-1,324	-0,826
48,850	-1,338	-0,826
48,900	-1,350	-0,829
48,950	-1,362	-0,829
49,000	-1,374	-0,831
49,050	-1,387	-0,831
49,100	-1,399	-0,833
49,150	-1,412	-0,833
49,200	-1,423	-0,835
49,250	-1,434	-0,834
49,300	-1,444	-0,837
49,350	-1,454	-0,837
49,400	-1,462	-0,838
49,450	-1,471	-0,838
49,500	-1,480	-0,840
49,550	-1,490	-0,839
49,600	-1,500	-0,841
49,650	-1,511	-0,841
49,700	-1,525	-0,843
49,750	-1,540	-0,843
49,800	-1,556	-0,846
49,850	-1,569	-0,846
49,900	-1,580	-0,847
49,950	-1,589	-0,847
50,000	-1,597	-0,849
50,050	-1,604	-0,848
50,100	-1,610	-0,850
50,150	-1,617	-0,849
50,200	-1,624	-0,851
50,250	-1,633	-0,850
50,300	-1,644	-0,852
50,350	-1,655	-0,852
50,400	-1,666	-0,854
50,450	-1,674	-0,853
50,500	-1,677	-0,854
50,550	-1,679	-0,854
50,600	-1,679	-0,855
50,650	-1,678	-0,854
50,700	-1,677	-0,855
50,750	-1,677	-0,854
50,800	-1,677	-0,855
50,850	-1,677	-0,854
50,900	-1,677	-0,855
50,950	-1,677	-0,854
51,000	-1,677	-0,855
51,050	-1,677	-0,854
51,100	-1,677	-0,855
51,150	-1,677	-0,854
51,200	-1,677	-0,855
51,250	-1,677	-0,854
51,300	-1,677	-0,855
51,350	-1,677	-0,854
51,400	-1,678	-0,855
51,450	-1,678	-0,854
51,500	-1,677	-0,855
51,550	-1,678	-0,854
51,600	-1,678	-0,855
51,650	-1,678	-0,854
51,700	-1,677	-0,855
51,750	-1,678	-0,854
51,800	-1,678	-0,855
51,850	-1,677	-0,854
51,900	-1,677	-0,855
51,950	-1,678	-0,854
52,000	-1,678	-0,855
52,050	-1,678	-0,854
52,100	-1,678	-0,855
52,150	-1,678	-0,854
52,200	-1,678	-0,855
52,250	-1,678	-0,854
52,300	-1,678	-0,855
52,350	-1,678	-0,854
52,400	-1,677	-0,855
52,450	-1,678	-0,854
52,500	-1,678	-0,855
52,550	-1,678	-0,854
52,600	-1,678	-0,855
52,650	-1,678	-0,854
52,700	-1,678	-0,855
52,750	-1,678	-0,854
52,800	-1,678	-0,855
52,850	-1,678	-0,854
52,900	-1,678	-0,855
52,950	-1,678	-0,854
53,000	-1,679	-0,855
53,050	-1,684	-0,854
53,100	-1,690	-0,855
53,150	-1,703	-0,855
53,200	-1,731	-0,857
53,250	-1,774	-0,859
53,300	-1,814	-0,863
53,350	-1,839	-0,864
53,400	-1,855	-0,866
53,450	-1,872	-0,866
53,500	-1,891	-0,868
53,550	-1,910	-0,868
53,600	-1,924	-0,870
53,650	-1,937	-0,870
53,700	-1,955	-0,872
53,750	-1,979	-0,872
53,800	-2,003	-0,875
53,850	-2,025	-0,875
53,900	-2,046	-0,877
53,950	-2,060	-0,877
54,000	-2,069	-0,878
54,050	-2,080	-0,878
54,100	-2,091	-0,880
54,150	-2,100	-0,879
54,200	-2,112	-0,881
54,250	-2,129	-0,881
54,300	-2,144	-0,883
54,350	-2,153	-0,882
54,400	-2,157	-0,884
54,450	-2,164	-0,883
54,500	-2,176	-0,884
54,550	-2,186	-0,884
54,600	-2,197	-0,885
54,650	-2,209	-0,885
54,700	-2,221	-0,887
54,750	-2,234	-0,886
54,800	-2,249	-0,888
54,850	-2,265	-0,888
54,900	-2,279	-0,889
54,950	-2,291	-0,889
55,000	-2,302	-0,891
55,050	-2,313	-0,890
55,100	-2,324	-0,891
55,150	-2,335	-0,891
55,200	-2,349	-0,893
55,250	-2,367	-0,892
55,300	-2,388	-0,894
55,350	-2,408	-0,894
55,400	-2,421	-0,896
55,450	-2,433	-0,896
55,500	-2,446	-0,898
55,550	-2,453	-0,897
55,600	-2,459	-0,898
55,650	-2,468	-0,897
55,700	-2,483	-0,899
55,750	-2,500	-0,899
55,800	-2,516	-0,900
55,850	-2,525	-0,900
55,900	-2,533	-0,901
55,950	-2,546	-0,901
56,000	-2,566	-0,903
56,050	-2,591	-0,902
56,100	-2,607	-0,904
56,150	-2,615	-0,904
56,200	-2,624	-0,905
56,250	-2,640	-0,904
56,300	-2,663	-0,906
56,350	-2,689	-0,906
56,400	-2,714	-0,908
56,450	-2,737	-0,908
56,500	-2,765	-0,911
56,550	-2,792	-0,911
56,600	-2,806	-0,912
56,650	-2,811	-0,911
56,700	-2,814	-0,913
56,750	-2,821	-0,912
56,800	-2,830	-0,913
56,850	-2,845	-0,913
56,900	-2,865	-0,914
56,950	-2,892	-0,914
57,000	-2,918	-0,916
57,050	-2,940	-0,916
57,100	-2,964	-0,918
57,150	-2,996	-0,918
57,200	-3,024	-0,920
57,250	-3,039	-0,920
57,300	-3,044	-0,921
57,350	-3,047	-0,920
57,400	-3,055	-0,921
57,450	-3,069	-0,920
57,500	-3,085	-0,922
57,550	-3,100	-0,921
57,600	-3,110	-0,923
57,650	-3,114	-0,922
57,700	-3,115	-0,923
57,750	-3,116	-0,922
57,800	-3,115	-0,923
57,850	-3,116	-0,922
57,900	-3,134	-0,924
57,950	-3,187	-0,924
58,000	-3,238	-0,927
58,050	-3,264	-0,926
58,100	-3,274	-0,928
58,150	-3,277	-0,927
58,200	-3,277	-0,928
58,250	-3,277	-0,927
58,300	-3,276	-0,928
58,350	-3,277	-0,927
58,400	-3,276	-0,928
58,450	-3,277	-0,927
58,500	-3,277	-0,929
58,550	-3,277	-0,927
58,600	-3,277	-0,928
58,650	-3,277	-0,927
58,700	-3,280	-0,928
58,750	-3,299	-0,928
58,800	-3,326	-0,929
58,850	-3,358	-0,929
58,900	-3,388	-0,931
58,950	-3,411	-0,931
59,000	-3,428	-0,932
59,050	-3,444	-0,932
59,100	-3,463	-0,934
59,150	-3,482	-0,933
59,200	-3,513	-0,935
59,250	-3,546	-0,935
59,300	-3,573	-0,936
59,350	-3,591	-0,936
59,400	-3,605	-0,938
59,450	-3,620	-0,937
59,500	-3,639	-0,938
59,550	-3,662	-0,938
59,600	-3,682	-0,939
59,650	-3,696	-0,939
59,700	-3,702	-0,940
59,750	-3,711	-0,939
59,800	-3,718	-0,940
59,850	-3,732	-0,940
59,900	-3,754	-0,941
59,950	-3,775	-0,940
60,000	-3,786	-0,942
60,050	-3,795	-0,941
60,100	-3,804	-0,942
60,150	-3,819	-0,942
60,200	-3,839	-0,943
60,250	-3,855	-0,942
60,300	-3,867	-0,944
60,350	-3,876	-0,943
60,400	-3,881	-0,944
60,450	-3,889	-0,943
60,500	-3,904	-0,944
60,550	-3,931	-0,944
60,600	-3,958	-0,946
60,650	-3,977	-0,945
60,700	-3,988	-0,947
60,750	-3,999	-0,946
60,800	-4,012	-0,947
60,850	-4,024	-0,946
60,900	-4,037	-0,948
60,950	-4,050	-0,947
61,000	-4,061	-0,948
61,050	-4,075	-0,947
61,100	-4,087	-0,949
61,150	-4,093	-0,948
61,200	-4,100	-0,949
61,250	-4,108	-0,948
61,300	-4,113	-0,950
61,350	-4,115	-0,949
61,400	-4,115	-0,949
61,450	-4,116	-0,948
61,500	-4,116	-0,949
61,550	-4,122	-0,949
61,600	-4,129	-0,950
61,650	-4,132	-0,949
61,700	-4,133	-0,950
61,750	-4,133	-0,949
61,800	-4,134	-0,950
61,850	-4,133	-0,949
61,900	-4,133	-0,950
61,950	-4,133	-0,949
62,000	-4,133	-0,950
62,050	-4,133	-0,949
62,100	-4,133	-0,950
62,150	-4,133	-0,949
62,200	-4,133	-0,950
62,250	-4,133	-0,949
62,300	-4,134	-0,950
62,350	-4,153	-0,949
62,400	-4,203	-0,951
62,450	-4,263	-0,951
62,500	-4,305	-0,953
62,550	-4,330	-0,953
62,600	-4,341	-0,954
62,650	-4,346	-0,953
62,700	-4,358	-0,954
62,750	-4,377	-0,953
62,800	-4,402	-0,955
62,850	-4,428	-0,955
62,900	-4,449	-0,956
62,950	-4,467	-0,956
63,000	-4,484	-0,957
63,050	-4,498	-0,956
63,100	-4,514	-0,958
63,150	-4,530	-0,957
63,200	-4,547	-0,958
63,250	-4,564	-0,957
63,300	-4,579	-0,959
63,350	-4,593	-0,958
63,400	-4,605	-0,959
63,450	-4,615	-0,959
63,500	-4,630	-0,960
63,550	-4,648	-0,959
63,600	-4,661	-0,960
63,650	-4,675	-0,959
63,700	-4,690	-0,961
63,750	-4,703	-0,960
63,800	-4,715	-0,961
63,850	-4,728	-0,960
63,900	-4,741	-0,962
63,950	-4,753	-0,960
64,000	-4,770	-0,962
64,050	-4,793	-0,962
64,100	-4,823	-0,963
64,150	-4,852	-0,962
64,200	-4,870	-0,964
64,250	-4,879	-0,963
64,300	-4,889	-0,964
64,350	-4,903	-0,963
64,400	-4,931	-0,965
64,450	-4,981	-0,964
64,500	-5,024	-0,966
64,550	-5,046	-0,965
64,600	-5,055	-0,967
64,650	-5,059	-0,966
64,700	-5,061	-0,967
64,750	-5,063	-0,966
64,800	-5,070	-0,967
64,850	-5,089	-0,966
64,900	-5,107	-0,968
64,950	-5,122	-0,967
65,000	-5,130	-0,968
65,050	-5,133	-0,967
65,100	-5,136	-0,968
65,150	-5,144	-0,967
65,200	-5,156	-0,968
65,250	-5,171	-0,967
65,300	-5,189	-0,969
65,350	-5,205	-0,968
65,400	-5,227	-0,970
65,450	-5,245	-0,969
65,500	-5,254	-0,970
65,550	-5,258	-0,969
65,600	-5,264	-0,970
65,650	-5,276	-0,969
65,700	-5,289	-0,970
65,750	-5,302	-0,970
65,800	-5,310	-0,971
65,850	-5,322	-0,970
65,900	-5,336	-0,971
65,950	-5,353	-0,970
66,000	-5,370	-0,971
66,050	-5,383	-0,971
66,100	-5,395	-0,972
66,150	-5,405	-0,971
66,200	-5,417	-0,972
66,250	-5,429	-0,971
66,300	-5,437	-0,972
66,350	-5,448	-0,972
66,400	-5,460	-0,973
66,450	-5,476	-0,972
66,500	-5,493	-0,974
66,550	-5,504	-0,972
66,600	-5,510	-0,974
66,650	-5,512	-0,973
66,700	-5,517	-0,974
66,750	-5,527	-0,973
66,800	-5,541	-0,974
66,850	-5,560	-0,973
66,900	-5,579	-0,974
66,950	-5,601	-0,974
67,000	-5,622	-0,975
67,050	-5,641	-0,974
67,100	-5,658	-0,975
67,150	-5,676	-0,975
67,200	-5,695	-0,976
67,250	-5,713	-0,975
67,300	-5,727	-0,976
67,350	-5,739	-0,976
67,400	-5,744	-0,977
67,450	-5,747	-0,976
67,500	-5,748	-0,977
67,550	-5,748	-0,976
67,600	-5,743	-0,977
67,650	-5,738	-0,976
67,700	-5,739	-0,977
67,750	-5,741	-0,976
67,800	-5,744	-0,977
67,850	-5,747	-0,976
67,900	-5,748	-0,977
67,950	-5,749	-0,976
68,000	-5,750	-0,977
68,050	-5,750	-0,976
68,100	-5,750	-0,977
68,150	-5,750	-0,976
68,200	-5,750	-0,977
68,250	-5,750	-0,976
68,300	-5,751	-0,977
68,350	-5,769	-0,976
68,400	-5,825	-0,978
68,450	-5,879	-0,977
68,500	-5,907	-0,979
68,550	-5,923	-0,978
68,600	-5,938	-0,979
68,650	-5,955	-0,978
68,700	-5,979	-0,980
68,750	-6,000	-0,979
68,800	-6,021	-0,981
68,850	-6,039	-0,979
68,900	-6,056	-0,981
68,950	-6,067	-0,980
69,000	-6,083	-0,981
69,050	-6,114	-0,980
69,100	-6,154	-0,982
69,150	-6,189	-0,982
69,200	-6,213	-0,983
69,250	-6,232	-0,982
69,300	-6,247	-0,983
69,350	-6,263	-0,982
69,400	-6,281	-0,983
69,450	-6,295	-0,983
69,500	-6,305	-0,983
69,550	-6,318	-0,983
69,600	-6,331	-0,984
69,650	-6,339	-0,983
69,700	-6,350	-0,984
69,750	-6,357	-0,983
69,800	-6,368	-0,984
69,850	-6,374	-0,983
69,900	-6,378	-0,985
69,950	-6,379	-0,984
70,000	-6,380	-0,984
70,050	-6,382	-0,984
70,100	-6,389	-0,984
70,150	-6,395	-0,984
70,200	-6,397	-0,984
70,250	-6,398	-0,984
70,300	-6,400	-0,985
70,350	-6,406	-0,984
70,400	-6,412	-0,985
70,450	-6,415	-0,984
70,500	-6,416	-0,985
70,550	-6,417	-0,984
70,600	-6,422	-0,985
70,650	-6,429	-0,984
70,700	-6,436	-0,985
70,750	-6,449	-0,984
70,800	-6,461	-0,985
70,850	-6,466	-0,985
70,900	-6,469	-0,986
70,950	-6,470	-0,985
71,000	-6,471	-0,986
71,050	-6,471	-0,985
71,100	-6,472	-0,985
71,150	-6,479	-0,985
71,200	-6,485	-0,986
71,250	-6,487	-0,985
71,300	-6,493	-0,986
71,350	-6,501	-0,985
71,400	-6,505	-0,986
71,450	-6,509	-0,985
71,500	-6,517	-0,986
71,550	-6,522	-0,985
71,600	-6,524	-0,986
71,650	-6,532	-0,985
71,700	-6,539	-0,986
71,750	-6,542	-0,985
71,800	-6,543	-0,986
71,850	-6,544	-0,986
71,900	-6,544	-0,986
71,950	-6,545	-0,985
72,000	-6,550	-0,986
72,050	-6,556	-0,985
72,100	-6,560	-0,987
72,150	-6,561	-0,986
72,200	-6,562	-0,986
72,250	-6,562	-0,986
72,300	-6,562	-0,987
72,350	-6,562	-0,986
72,400	-6,562	-0,986
72,450	-6,562	-0,986
72,500	-6,562	-0,986
72,550	-6,562	-0,986
72,600	-6,562	-0,986
72,650	-6,562	-0,986
72,700	-6,562	-0,986
72,750	-6,562	-0,986
72,800	-6,563	-0,987
72,850	-6,563	-0,986
72,900	-6,563	-0,986
72,950	-6,563	-0,986
73,000	-6,563	-0,986
73,050	-6,563	-0,986
73,100	-6,564	-0,987
73,150	-6,563	-0,986
73,200	-6,564	-0,987
73,250	-6,564	-0,986
73,300	-6,564	-0,987
73,350	-6,566	-0,986
73,400	-6,574	-0,987
73,450	-6,578	-0,986
73,500	-6,580	-0,987
73,550	-6,582	-0,986
73,600	-6,591	-0,987
73,650	-6,595	-0,986
73,700	-6,598	-0,987
73,750	-6,598	-0,986
73,800	-6,599	-0,987
73,850	-6,599	-0,986
73,900	-6,599	-0,987
73,950	-6,599	-0,986
74,000	-6,600	-0,987
74,050	-6,601	-0,986
74,100	-6,601	-0,987
74,150	-6,601	-0,986
74,200	-6,603	-0,987
74,250	-6,610	-0,986
74,300	-6,614	-0,987
74,350	-6,615	-0,986
74,400	-6,617	-0,987
74,450	-6,617	-0,986
74,500	-6,617	-0,987
74,550	-6,617	-0,986
74,600	-6,617	-0,987
74,650	-6,617	-0,986
74,700	-6,617	-0,987
74,750	-6,617	-0,986
74,800	-6,617	-0,987
74,850	-6,617	-0,986
74,900	-6,617	-0,987
74,950	-6,617	-0,986
75,000	-6,617	-0,987
75,050	-6,617	-0,986
75,100	-6,617	-0,987
75,150	-6,617	-0,986
75,200	-6,618	-0,987
75,250	-6,617	-0,986
75,300	-6,618	-0,987
75,350	-6,617	-0,986
75,400	-6,618	-0,987
75,450	-6,617	-0,986
75,500	-6,618	-0,987
75,550	-6,618	-0,986
75,600	-6,624	-0,987
75,650	-6,631	-0,986
75,700	-6,634	-0,987
75,750	-6,635	-0,986
75,800	-6,636	-0,987
75,850	-6,636	-0,987
75,900	-6,636	-0,987
75,950	-6,640	-0,987
76,000	-6,647	-0,987
76,050	-6,650	-0,987
76,100	-6,653	-0,987
76,150	-6,653	-0,987
76,200	-6,654	-0,987
76,250	-6,655	-0,987
76,300	-6,664	-0,987
76,350	-6,668	-0,987
76,400	-6,671	-0,987
76,450	-6,676	-0,987
76,500	-6,684	-0,988
76,550	-6,687	-0,987
76,600	-6,689	-0,988
76,650	-6,690	-0,987
76,700	-6,696	-0,988
76,750	-6,702	-0,987
76,800	-6,706	-0,988
76,850	-6,707	-0,987
76,900	-6,708	-0,988
76,950	-6,708	-0,988
77,000	-6,708	-0,988
77,050	-6,708	-0,987
77,100	-6,709	-0,988
77,150	-6,709	-0,987
77,200	-6,710	-0,988
77,250	-6,710	-0,988
77,300	-6,712	-0,988
77,350	-6,713	-0,987
77,400	-6,714	-0,988
77,450	-6,714	-0,987
77,500	-6,714	-0,988
77,550	-6,715	-0,988
77,600	-6,715	-0,988
77,650	-6,714	-0,988
77,700	-6,714	-0,988
77,750	-6,714	-0,987
77,800	-6,714	-0,988
77,850	-6,714	-0,988
77,900	-6,714	-0,988
77,950	-6,713	-0,987
78,000	-6,714	-0,988
78,050	-6,713	-0,987
78,100	-6,714	-0,988
78,150	-6,713	-0,987
78,200	-6,714	-0,988
78,250	-6,713	-0,988
78,300	-6,714	-0,988
78,350	-6,713	-0,988
78,400	-6,714	-0,988
78,450	-6,714	-0,988
78,500	-6,714	-0,988
78,550	-6,713	-0,987
78,600	-6,714	-0,988
78,650	-6,714	-0,988
78,700	-6,714	-0,988
78,750	-6,713	-0,987
78,800	-6,713	-0,987
78,850	-6,713	-0,988
78,900	-6,713	-0,988
78,950	-6,713	-0,987
79,000	-6,714	-0,988
79,050	-6,713	-0,987
79,100	-6,713	-0,988
79,150	-6,713	-0,988
79,200	-6,714	-0,988
79,250	-6,713	-0,988
79,300	-6,714	-0,988
79,350	-6,713	-0,988
79,400	-6,714	-0,988
79,450	-6,713	-0,987
79,500	-6,714	-0,988
79,550	-6,713	-0,988
79,600	-6,713	-0,988
79,650	-6,713	-0,988
79,700	-6,713	-0,987
79,750	-6,713	-0,988
79,800	-6,714	-0,988
79,850	-6,713	-0,988
79,900	-6,713	-0,988
79,950	-6,713	-0,987
80,000	-6,714	-0,988
80,050	-6,713	-0,987
80,100	-6,714	-0,988
80,150	-6,713	-0,988
80,200	-6,714	-0,988
80,250	-6,713	-0,988
80,300	-6,714	-0,988
80,350	-6,713	-0,987
80,400	-6,714	-0,988
80,450	-6,713	-0,987
80,500	-6,714	-0,988
80,550	-6,713	-0,987
80,600	-6,713	-0,987
80,650	-6,714	-0,987
80,700	-6,714	-0,988
80,750	-6,713	-0,988
80,800	-6,713	-0,988
80,850	-6,712	-0,988
80,900	-6,711	-0,988
80,950	-6,710	-0,988
81,000	-6,709	-0,988
81,050	-6,708	-0,987
81,100	-6,701	-0,988
81,150	-6,689	-0,987
81,200	-6,674	-0,987
81,250	-6,664	-0,987
81,300	-6,660	-0,988
81,350	-6,653	-0,987
81,400	-6,645	-0,987
81,450	-6,640	-0,987
81,500	-6,638	-0,988
81,550	-6,630	-0,987
81,600	-6,624	-0,987
81,650	-6,621	-0,987
81,700	-6,615	-0,987
81,750	-6,607	-0,987
81,800	-6,604	-0,987
81,850	-6,602	-0,986
81,900	-6,602	-0,987
81,950	-6,601	-0,986
82,000	-6,601	-0,987
82,050	-6,601	-0,987
82,100	-6,602	-0,987
82,150	-6,600	-0,987
82,200	-6,593	-0,987
82,250	-6,587	-0,987
82,300	-6,581	-0,986
82,350	-6,572	-0,987
82,400	-6,568	-0,987
82,450	-6,560	-0,986
82,500	-6,553	-0,986
82,550	-6,549	-0,986
82,600	-6,548	-0,987
82,650	-6,547	-0,986
82,700	-6,540	-0,986
82,750	-6,533	-0,986
82,800	-6,531	-0,986
82,850	-6,529	-0,986
82,900	-6,522	-0,986
82,950	-6,516	-0,986
83,000	-6,513	-0,986
83,050	-6,504	-0,986
83,100	-6,493	-0,986
83,150	-6,483	-0,986
83,200	-6,478	-0,986
83,250	-6,476	-0,986
83,300	-6,475	-0,986
83,350	-6,474	-0,986
83,400	-6,474	-0,986
83,450	-6,474	-0,986
83,500	-6,474	-0,986
83,550	-6,473	-0,986
83,600	-6,474	-0,986
83,650	-6,474	-0,986
83,700	-6,474	-0,986
83,750	-6,474	-0,986
83,800	-6,474	-0,986
83,850	-6,474	-0,986
83,900	-6,474	-0,986
83,950	-6,473	-0,986
84,000	-6,474	-0,986
84,050	-6,474	-0,986
84,100	-6,474	-0,986
84,150	-6,467	-0,986
84,200	-6,461	-0,986
84,250	-6,459	-0,986
84,300	-6,457	-0,986
84,350	-6,450	-0,986
84,400	-6,444	-0,986
84,450	-6,439	-0,985
84,500	-6,431	-0,986
84,550	-6,425	-0,985
84,600	-6,423	-0,986
84,650	-6,421	-0,985
84,700	-6,420	-0,986
84,750	-6,412	-0,985
84,800	-6,407	-0,985
84,850	-6,399	-0,985
84,900	-6,391	-0,985
84,950	-6,387	-0,985
85,000	-6,386	-0,985
85,050	-6,385	-0,985
85,100	-6,384	-0,985
85,150	-6,377	-0,985
85,200	-6,371	-0,985
85,250	-6,366	-0,985
85,300	-6,358	-0,985
85,350	-6,353	-0,985
85,400	-6,351	-0,985
85,450	-6,349	-0,985
85,500	-6,349	-0,985
85,550	-6,348	-0,984
85,600	-6,349	-0,985
85,650	-6,348	-0,985
85,700	-6,349	-0,985
85,750	-6,348	-0,985
85,800	-6,348	-0,985
85,850	-6,348	-0,985
85,900	-6,349	-0,985
85,950	-6,347	-0,985
86,000	-6,340	-0,985
86,050	-6,335	-0,985
86,100	-6,333	-0,985
86,150	-6,331	-0,985
86,200	-6,331	-0,985
86,250	-6,325	-0,984
86,300	-6,319	-0,985
86,350	-6,315	-0,984
86,400	-6,314	-0,985
86,450	-6,313	-0,985
86,500	-6,311	-0,985
86,550	-6,303	-0,984
86,600	-6,299	-0,985
86,650	-6,296	-0,984
86,700	-6,295	-0,985
86,750	-6,294	-0,984
86,800	-6,294	-0,984
86,850	-6,292	-0,984
86,900	-6,285	-0,985
86,950	-6,280	-0,984
87,000	-6,278	-0,985
87,050	-6,277	-0,984
87,100	-6,271	-0,984
87,150	-6,263	-0,984
87,200	-6,252	-0,984
87,250	-6,245	-0,984
87,300	-6,235	-0,984
87,350	-6,228	-0,984
87,400	-6,219	-0,984
87,450	-6,211	-0,984
87,500	-6,200	-0,984
87,550	-6,189	-0,983
87,600	-6,176	-0,984
87,650	-6,162	-0,984
87,700	-6,148	-0,984
87,750	-6,138	-0,983
87,800	-6,128	-0,983
87,850	-6,120	-0,983
87,900	-6,114	-0,983
87,950	-6,105	-0,983
88,000	-6,095	-0,983
88,050	-6,084	-0,983
88,100	-6,072	-0,983
88,150	-6,061	-0,983
88,200	-6,052	-0,983
88,250	-6,046	-0,982
88,300	-6,045	-0,983
88,350	-6,039	-0,983
88,400	-6,032	-0,983
88,450	-6,023	-0,982
88,500	-6,013	-0,982
88,550	-5,999	-0,982
88,600	-5,984	-0,982
88,650	-5,967	-0,982
88,700	-5,952	-0,982
88,750	-5,942	-0,982
88,800	-5,933	-0,982
88,850	-5,924	-0,981
88,900	-5,916	-0,982
88,950	-5,907	-0,981
89,000	-5,903	-0,982
89,050	-5,900	-0,981
89,100	-5,898	-0,982
89,150	-5,889	-0,981
89,200	-5,875	-0,981
89,250	-5,856	-0,981
89,300	-5,839	-0,981
89,350	-5,823	-0,981
89,400	-5,810	-0,981
89,450	-5,798	-0,980
89,500	-5,783	-0,981
89,550	-5,766	-0,980
89,600	-5,750	-0,980
89,650	-5,735	-0,980
89,700	-5,724	-0,980
89,750	-5,708	-0,979
89,800	-5,692	-0,980
89,850	-5,671	-0,979
89,900	-5,650	-0,979
89,950	-5,627	-0,979
90,000	-5,604	-0,979
90,050	-5,578	-0,978
90,100	-5,551	-0,978
90,150	-5,527	-0,978
90,200	-5,508	-0,978
90,250	-5,489	-0,978
90,300	-5,475	-0,978
90,350	-5,462	-0,977
90,400	-5,453	-0,978
90,450	-5,441	-0,977
90,500	-5,430	-0,977
90,550	-5,419	-0,977
90,600	-5,407	-0,977
90,650	-5,400	-0,976
90,700	-5,397	-0,977
90,750	-5,394	-0,976
90,800	-5,394	-0,977
90,850	-5,393	-0,977
90,900	-5,394	-0,977
90,950	-5,393	-0,977
91,000	-5,393	-0,977
91,050	-5,393	-0,977
91,100	-5,393	-0,977
91,150	-5,392	-0,977
91,200	-5,392	-0,977
91,250	-5,392	-0,977
91,300	-5,393	-0,977
91,350	-5,392	-0,977
91,400	-5,393	-0,977
91,450	-5,392	-0,977
91,500	-5,392	-0,977
91,550	-5,392	-0,977
91,600	-5,392	-0,977
91,650	-5,392	-0,976
91,700	-5,392	-0,977
91,750	-5,392	-0,976
91,800	-5,392	-0,977
91,850	-5,392	-0,977
91,900	-5,392	-0,977
91,950	-5,392	-0,976
92,000	-5,392	-0,977
92,050	-5,392	-0,977
92,100	-5,392	-0,977
92,150	-5,392	-0,976
92,200	-5,392	-0,977
92,250	-5,392	-0,976
92,300	-5,393	-0,977
92,350	-5,393	-0,976
92,400	-5,393	-0,977
92,450	-5,386	-0,976
92,500	-5,373	-0,977
92,550	-5,358	-0,976
92,600	-5,348	-0,976
92,650	-5,338	-0,976
92,700	-5,330	-0,976
92,750	-5,319	-0,976
92,800	-5,305	-0,976
92,850	-5,289	-0,975
92,900	-5,273	-0,976
92,950	-5,254	-0,975
93,000	-5,236	-0,975
93,050	-5,221	-0,975
93,100	-5,205	-0,975
93,150	-5,189	-0,975
93,200	-5,175	-0,975
93,250	-5,162	-0,974
93,300	-5,144	-0,975
93,350	-5,124	-0,974
93,400	-5,106	-0,974
93,450	-5,087	-0,973
93,500	-5,070	-0,974
93,550	-5,053	-0,973
93,600	-5,037	-0,974
93,650	-5,020	-0,973
93,700	-5,004	-0,973
93,750	-4,986	-0,973
93,800	-4,969	-0,973
93,850	-4,952	-0,972
93,900	-4,932	-0,973
93,950	-4,908	-0,972
94,000	-4,886	-0,972
94,050	-4,865	-0,971
94,100	-4,851	-0,972
94,150	-4,843	-0,971
94,200	-4,835	-0,972
94,250	-4,826	-0,971
94,300	-4,822	-0,972
94,350	-4,818	-0,971
94,400	-4,810	-0,972
94,450	-4,804	-0,971
94,500	-4,796	-0,971
94,550	-4,789	-0,970
94,600	-4,783	-0,971
94,650	-4,773	-0,970
94,700	-4,761	-0,971
94,750	-4,751	-0,970
94,800	-4,740	-0,970
94,850	-4,730	-0,970
94,900	-4,720	-0,970
94,950	-4,714	-0,970
95,000	-4,704	-0,970
95,050	-4,698	-0,970
95,100	-4,690	-0,970
95,150	-4,680	-0,969
95,200	-4,667	-0,970
95,250	-4,645	-0,969
95,300	-4,621	-0,970
95,350	-4,602	-0,968
95,400	-4,588	-0,969
95,450	-4,570	-0,968
95,500	-4,551	-0,968
95,550	-4,533	-0,967
95,600	-4,524	-0,968
95,650	-4,512	-0,967
95,700	-4,505	-0,968
95,750	-4,500	-0,967
95,800	-4,498	-0,968
95,850	-4,497	-0,967
95,900	-4,497	-0,968
95,950	-4,490	-0,967
96,000	-4,481	-0,967
96,050	-4,467	-0,967
96,100	-4,454	-0,967
96,150	-4,440	-0,966
96,200	-4,429	-0,967
96,250	-4,418	-0,966
96,300	-4,406	-0,967
96,350	-4,393	-0,966
96,400	-4,375	-0,966
96,450	-4,357	-0,966
96,500	-4,341	-0,966
96,550	-4,326	-0,965
96,600	-4,313	-0,966
96,650	-4,306	-0,965
96,700	-4,299	-0,965
96,750	-4,290	-0,965
96,800	-4,279	-0,965
96,850	-4,262	-0,964
96,900	-4,241	-0,965
96,950	-4,222	-0,964
97,000	-4,205	-0,964
97,050	-4,188	-0,963
97,100	-4,169	-0,964
97,150	-4,145	-0,963
97,200	-4,122	-0,963
97,250	-4,102	-0,962
97,300	-4,085	-0,963
97,350	-4,069	-0,962
97,400	-4,056	-0,962
97,450	-4,044	-0,961
97,500	-4,037	-0,962
97,550	-4,033	-0,961
97,600	-4,032	-0,962
97,650	-4,032	-0,961
97,700	-4,031	-0,962
97,750	-4,031	-0,961
97,800	-4,031	-0,962
97,850	-4,031	-0,961
97,900	-4,031	-0,962
97,950	-4,031	-0,961
98,000	-4,030	-0,962
98,050	-4,030	-0,961
98,100	-4,031	-0,962
98,150	-4,030	-0,961
98,200	-4,030	-0,962
98,250	-4,030	-0,961
98,300	-4,030	-0,962
98,350	-4,030	-0,961
98,400	-4,030	-0,962
98,450	-4,030	-0,961
98,500	-4,030	-0,962
98,550	-4,030	-0,961
98,600	-4,030	-0,962
98,650	-4,030	-0,961
98,700	-4,030	-0,962
98,750	-4,029	-0,961
98,800	-4,015	-0,962
98,850	-3,990	-0,961
98,900	-3,965	-0,961
98,950	-3,944	-0,960
99,000	-3,930	-0,961
99,050	-3,918	-0,960
99,100	-3,911	-0,960
99,150	-3,906	-0,959
99,200	-3,895	-0,960
99,250	-3,876	-0,959
99,300	-3,856	-0,959
99,350	-3,837	-0,958
99,400	-3,815	-0,959
99,450	-3,788	-0,958
99,500	-3,757	-0,958
99,550	-3,720	-0,957
99,600	-3,681	-0,957
99,650	-3,648	-0,956
99,700	-3,618	-0,956
99,750	-3,592	-0,955
99,800	-3,570	-0,955
99,850	-3,553	-0,954
99,900	-3,541	-0,955
99,950	-3,534	-0,954
100,000	-3,524	-0,955
100,050	-3,511	-0,954
100,100	-3,493	-0,954
100,150	-3,474	-0,953
100,200	-3,458	-0,953
100,250	-3,446	-0,952
100,300	-3,433	-0,953
100,350	-3,419	-0,952
100,400	-3,402	-0,952
100,450	-3,386	-0,951
100,500	-3,371	-0,952
100,550	-3,356	-0,950
100,600	-3,342	-0,951
100,650	-3,324	-0,950
100,700	-3,311	-0,951
100,750	-3,303	-0,949
100,800	-3,294	-0,950
100,850	-3,287	-0,949
100,900	-3,279	-0,950
100,950	-3,265	-0,949
101,000	-3,249	-0,949
101,050	-3,238	-0,948
101,100	-3,232	-0,949
101,150	-3,229	-0,948
101,200	-3,228	-0,949
101,250	-3,225	-0,948
101,300	-3,217	-0,949
101,350	-3,207	-0,948
101,400	-3,199	-0,949
101,450	-3,195	-0,948
101,500	-3,187	-0,948
101,550	-3,169	-0,947
101,600	-3,153	-0,948
101,650	-3,145	-0,947
101,700	-3,141	-0,947
101,750	-3,140	-0,946
101,800	-3,139	-0,947
101,850	-3,134	-0,946
101,900	-3,127	-0,947
101,950	-3,123	-0,946
102,000	-3,121	-0,947
102,050	-3,120	-0,946
102,100	-3,120	-0,947
102,150	-3,120	-0,946
102,200	-3,120	-0,947
102,250	-3,120	-0,946
102,300	-3,120	-0,947
102,350	-3,120	-0,946
102,400	-3,120	-0,947
102,450	-3,119	-0,946
102,500	-3,120	-0,947
102,550	-3,120	-0,946
102,600	-3,120	-0,947
102,650	-3,119	-0,946
102,700	-3,120	-0,947
102,750	-3,119	-0,946
102,800	-3,119	-0,947
102,850	-3,120	-0,946
102,900	-3,120	-0,947
102,950	-3,117	-0,946
103,000	-3,105	-0,947
103,050	-3,094	-0,946
103,100	-3,086	-0,946
103,150	-3,076	-0,945
103,200	-3,070	-0,946
103,250	-3,058	-0,945
103,300	-3,042	-0,946
103,350	-3,025	-0,944
103,400	-3,005	-0,945
103,450	-2,983	-0,943
103,500	-2,968	-0,944
103,550	-2,954	-0,943
103,600	-2,946	-0,944
103,650	-2,936	-0,943
103,700	-2,924	-0,943
103,750	-2,914	-0,942
103,800	-2,904	-0,943
103,850	-2,894	-0,941
103,900	-2,883	-0,942
103,950	-2,875	-0,941
104,000	-2,867	-0,942
104,050	-2,855	-0,941
104,100	-2,843	-0,941
104,150	-2,833	-0,940
104,200	-2,818	-0,941
104,250	-2,797	-0,940
104,300	-2,773	-0,940
104,350	-2,750	-0,938
104,400	-2,729	-0,939
104,450	-2,717	-0,937
104,500	-2,712	-0,939
104,550	-2,702	-0,938
104,600	-2,684	-0,938
104,650	-2,664	-0,936
104,700	-2,649	-0,937
104,750	-2,641	-0,936
104,800	-2,626	-0,937
104,850	-2,602	-0,935
104,900	-2,577	-0,935
104,950	-2,547	-0,933
105,000	-2,520	-0,934
105,050	-2,505	-0,932
105,100	-2,494	-0,933
105,150	-2,482	-0,932
105,200	-2,468	-0,933
105,250	-2,452	-0,931
105,300	-2,436	-0,932
105,350	-2,421	-0,930
105,400	-2,412	-0,931
105,450	-2,408	-0,930
105,500	-2,407	-0,931
105,550	-2,407	-0,930
105,600	-2,406	-0,931
105,650	-2,407	-0,930
105,700	-2,407	-0,931
105,750	-2,407	-0,930
105,800	-2,407	-0,931
105,850	-2,406	-0,929
105,900	-2,406	-0,931
105,950	-2,406	-0,929
106,000	-2,406	-0,931
106,050	-2,406	-0,930
106,100	-2,406	-0,931
106,150	-2,406	-0,929
106,200	-2,406	-0,931
106,250	-2,406	-0,930
106,300	-2,406	-0,931
106,350	-2,406	-0,930
106,400	-2,406	-0,930
106,450	-2,406	-0,930
106,500	-2,406	-0,931
106,550	-2,406	-0,930
106,600	-2,406	-0,931
106,650	-2,402	-0,930
106,700	-2,388	-0,930
106,750	-2,372	-0,929
106,800	-2,361	-0,929
106,850	-2,356	-0,929
106,900	-2,354	-0,929
106,950	-2,353	-0,928
107,000	-2,353	-0,929
107,050	-2,353	-0,928
107,100	-2,353	-0,929
107,150	-2,353	-0,928
107,200	-2,353	-0,929
107,250	-2,353	-0,928
107,300	-2,350	-0,929
107,350	-2,334	-0,928
107,400	-2,310	-0,928
107,450	-2,281	-0,926
107,500	-2,252	-0,927
107,550	-2,227	-0,925
107,600	-2,205	-0,925
107,650	-2,184	-0,923
107,700	-2,163	-0,924
107,750	-2,140	-0,922
107,800	-2,115	-0,923
107,850	-2,085	-0,920
107,900	-2,049	-0,920
107,950	-2,006	-0,918
108,000	-1,961	-0,917
108,050	-1,916	-0,915
108,100	-1,875	-0,914
108,150	-1,844	-0,912
108,200	-1,816	-0,912
108,250	-1,784	-0,910
108,300	-1,748	-0,909
108,350	-1,717	-0,907
108,400	-1,693	-0,907
108,450	-1,673	-0,905
108,500	-1,655	-0,905
108,550	-1,634	-0,904
108,600	-1,612	-0,904
108,650	-1,591	-0,902
108,700	-1,575	-0,903
108,750	-1,563	-0,901
108,800	-1,552	-0,902
108,850	-1,543	-0,900
108,900	-1,534	-0,900
108,950	-1,521	-0,899
109,000	-1,510	-0,899
109,050	-1,504	-0,898
109,100	-1,496	-0,899
109,150	-1,489	-0,898
109,200	-1,484	-0,898
109,250	-1,475	-0,897
109,300	-1,464	-0,897
109,350	-1,450	-0,896
109,400	-1,434	-0,896
109,450	-1,420	-0,895
109,500	-1,407	-0,895
109,550	-1,398	-0,893
109,600	-1,387	-0,894
109,650	-1,375	-0,892
109,700	-1,363	-0,893
109,750	-1,352	-0,891
109,800	-1,345	-0,892
109,850	-1,339	-0,890
109,900	-1,327	-0,891
109,950	-1,313	-0,889
110,000	-1,297	-0,890
110,050	-1,280	-0,888
110,100	-1,265	-0,888
110,150	-1,254	-0,886
110,200	-1,244	-0,887
110,250	-1,237	-0,886
110,300	-1,228	-0,886
110,350	-1,220	-0,884
110,400	-1,208	-0,885
110,450	-1,196	-0,883
110,500	-1,185	-0,884
110,550	-1,176	-0,883
110,600	-1,171	-0,883
110,650	-1,168	-0,882
110,700	-1,168	-0,883
110,750	-1,168	-0,882
110,800	-1,168	-0,883
110,850	-1,168	-0,882
110,900	-1,168	-0,883
110,950	-1,168	-0,882
111,000	-1,168	-0,883
111,050	-1,168	-0,882
111,100	-1,168	-0,883
111,150	-1,169	-0,882
111,200	-1,169	-0,883
111,250	-1,169	-0,881
111,300	-1,169	-0,883
111,350	-1,169	-0,882
111,400	-1,169	-0,883
111,450	-1,168	-0,882
111,500	-1,168	-0,883
111,550	-1,168	-0,882
111,600	-1,169	-0,883
111,650	-1,168	-0,882
111,700	-1,168	-0,883
111,750	-1,168	-0,882
111,800	-1,168	-0,883
111,850	-1,168	-0,881
111,900	-1,168	-0,883
111,950	-1,168	-0,881
112,000	-1,168	-0,883
112,050	-1,168	-0,882
112,100	-1,168	-0,882
112,150	-1,168	-0,882
112,200	-1,168	-0,883
112,250	-1,168	-0,881
112,300	-1,168	-0,883
112,350	-1,168	-0,882
112,400	-1,168	-0,883
112,450	-1,168	-0,882
112,500	-1,166	-0,882
112,550	-1,160	-0,881
112,600	-1,154	-0,882
112,650	-1,149	-0,881
112,700	-1,145	-0,882
112,750	-1,141	-0,880
112,800	-1,138	-0,881
112,850	-1,136	-0,880
112,900	-1,135	-0,881
112,950	-1,134	-0,880
113,000	-1,133	-0,881
113,050	-1,133	-0,880
113,100	-1,132	-0,881
113,150	-1,132	-0,880
113,200	-1,124	-0,880
113,250	-1,107	-0,879
113,300	-1,083	-0,879
113,350	-1,053	-0,876
113,400	-1,024	-0,876
113,450	-0,994	-0,872
113,500	-0,964	-0,872
113,550	-0,933	-0,869
113,600	-0,902	-0,868
113,650	-0,875	-0,865
113,700	-0,851	-0,865
113,750	-0,834	-0,863
113,800	-0,822	-0,863
113,850	-0,816	-0,861
113,900	-0,809	-0,862
113,950	-0,803	-0,860
114,000	-0,800	-0,861
114,050	-0,799	-0,860
114,100	-0,798	-0,861
114,150	-0,799	-0,860
114,200	-0,798	-0,860
114,250	-0,788	-0,859
114,300	-0,776	-0,860
114,350	-0,763	-0,858
114,400	-0,748	-0,858
114,450	-0,732	-0,856
114,500	-0,711	-0,856
114,550	-0,688	-0,853
114,600	-0,666	-0,853
114,650	-0,646	-0,850
114,700	-0,627	-0,849
114,750	-0,613	-0,847
114,800	-0,604	-0,848
114,850	-0,595	-0,845
114,900	-0,586	-0,846
114,950	-0,575	-0,844
115,000	-0,562	-0,844
115,050	-0,547	-0,842
115,100	-0,529	-0,842
115,150	-0,508	-0,839
115,200	-0,486	-0,838
115,250	-0,467	-0,835
115,300	-0,453	-0,835
115,350	-0,445	-0,833
115,400	-0,439	-0,833
115,450	-0,428	-0,832
115,500	-0,412	-0,831
115,550	-0,396	-0,829
115,600	-0,383	-0,829
115,650	-0,375	-0,827
115,700	-0,365	-0,827
115,750	-0,355	-0,825
115,800	-0,346	-0,824
115,850	-0,342	-0,823
115,900	-0,335	-0,824
115,950	-0,323	-0,822
116,000	-0,305	-0,821
116,050	-0,287	-0,818
116,100	-0,266	-0,817
116,150	-0,243	-0,813
116,200	-0,219	-0,812
116,250	-0,196	-0,808
116,300	-0,178	-0,806
116,350	-0,164	-0,804
116,400	-0,152	-0,803
116,450	-0,141	-0,800
116,500	-0,130	-0,800
116,550	-0,117	-0,797
116,600	-0,103	-0,796
116,650	-0,087	-0,793
116,700	-0,069	-0,791
116,750	-0,053	-0,788
116,800	-0,038	-0,787
116,850	-0,021	-0,783
116,900	-0,004	-0,781
116,950	0,011	-0,778
117,000	0,028	-0,776
117,050	0,043	-0,772
117,100	0,058	-0,770
117,150	0,068	-0,766
117,200	0,075	-0,765
117,250	0,079	-0,763
117,300	0,081	-0,763
117,350	0,082	-0,761
117,400	0,081	-0,762
117,450	0,080	-0,761
117,500	0,079	-0,762
117,550	0,079	-0,761
117,600	0,079	-0,761
117,650	0,078	-0,760
117,700	0,079	-0,761
117,750	0,078	-0,760
117,800	0,079	-0,761
117,850	0,078	-0,760
117,900	0,078	-0,761
117,950	0,078	-0,760
118,000	0,078	-0,761
118,050	0,078	-0,760
118,100	0,078	-0,761
118,150	0,078	-0,760
118,200	0,078	-0,761
118,250	0,078	-0,760
118,300	0,078	-0,761
118,350	0,078	-0,760
118,400	0,079	-0,760
118,450	0,078	-0,760
118,500	0,078	-0,761
118,550	0,078	-0,760
118,600	0,078	-0,761
118,650	0,078	-0,760
118,700	0,078	-0,761
118,750	0,078	-0,760
118,800	0,078	-0,761
118,850	0,078	-0,760
118,900	0,078	-0,761
118,950	0,079	-0,759
119,000	0,078	-0,761
119,050	0,079	-0,760
119,100	0,079	-0,760
119,150	0,078	-0,760
119,200	0,079	-0,761
119,250	0,078	-0,760
119,300	0,079	-0,760
119,350	0,079	-0,760
119,400	0,079	-0,761
119,450	0,079	-0,760
119,500	0,079	-0,761
119,550	0,079	-0,759
119,600	0,079	-0,760
119,650	0,079	-0,760
119,700	0,079	-0,760
119,750	0,079	-0,760
119,800	0,079	-0,760
119,850	0,079	-0,759
119,900	0,079	-0,760
119,950	0,079	-0,759
120,000	0,079	-0,761
120,050	0,078	-0,760
120,100	0,079	-0,761
120,150	0,079	-0,759
120,200	0,079	-0,760
120,250	0,079	-0,759
120,300	0,078	-0,761
120,350	0,079	-0,759
120,400	0,079	-0,760
120,450	0,079	-0,760
120,500	0,079	-0,760
120,550	0,078	-0,760
120,600	0,079	-0,760
120,650	0,079	-0,760
120,700	0,079	-0,761
120,750	0,079	-0,759
120,800	0,079	-0,760
120,850	0,079	-0,759
120,900	0,079	-0,761
120,950	0,079	-0,759
121,000	0,079	-0,760
121,050	0,079	-0,759
121,100	0,079	-0,761
121,150	0,079	-0,760
121,200	0,079	-0,761
121,250	0,079	-0,760
121,300	0,078	-0,761
121,350	0,079	-0,760
121,400	0,079	-0,761
121,450	0,078	-0,760
121,500	0,079	-0,760
121,550	0,079	-0,760
121,600	0,079	-0,760
121,650	0,072	-0,760
121,700	-0,039	-0,764
121,750	-0,087	-0,765
121,800	-0,090	-0,766
121,850	-0,084	-0,766
121,900	-0,079	-0,766
121,950	-0,077	-0,765
122,000	-0,076	-0,766
122,050	-0,076	-0,765
122,100	-0,076	-0,766
122,150	-0,076	-0,765
122,200	-0,076	-0,766
122,250	-0,076	-0,765
122,300	-0,076	-0,766
122,350	-0,076	-0,765
122,400	-0,076	-0,766
122,450	-0,076	-0,766
122,500	-0,076	-0,766
122,550	-0,076	-0,765
122,600	-0,076	-0,766
122,650	-0,076	-0,765
122,700	-0,076	-0,766
122,750	-0,076	-0,765
122,800	-0,076	-0,766
122,850	-0,076	-0,766
122,900	-0,076	-0,766
122,950	-0,076	-0,765
123,000	-0,076	-0,766
123,050	-0,076	-0,765
123,100	-0,076	-0,766
123,150	-0,076	-0,765
123,200	-0,076	-0,766
123,250	-0,076	-0,765
123,300	-0,076	-0,766
123,350	-0,076	-0,766
123,400	-0,075	-0,766
123,450	-0,076	-0,766
123,500	-0,076	-0,766
123,550	-0,076	-0,766
123,600	-0,075	-0,766
123,650	-0,076	-0,765
123,700	-0,076	-0,766
123,750	-0,076	-0,765
123,800	-0,076	-0,766
123,850	-0,075	-0,765
123,900	-0,076	-0,767
123,950	-0,076	-0,765
124,000	-0,075	-0,766
124,050	-0,076	-0,765
124,100	-0,076	-0,766
124,150	-0,076	-0,765
124,200	-0,076	-0,766
124,250	-0,076	-0,765
124,300	-0,076	-0,766
124,350	-0,076	-0,766
124,400	-0,076	-0,767
124,450	-0,076	-0,765
124,500	-0,076	-0,766
124,550	-0,076	-0,766
124,600	-0,076	-0,766
124,650	-0,076	-0,766
124,700	-0,076	-0,766
124,750	-0,076	-0,765
124,800	-0,075	-0,766
124,850	-0,076	-0,766
124,900	-0,076	-0,766
124,950	-0,076	-0,766
125,000	-0,076	-0,766
125,050	-0,076	-0,766
125,100	-0,076	-0,766
125,150	-0,076	-0,766
125,200	-0,076	-0,766
125,250	-0,076	-0,766
125,300	-0,076	-0,766
125,350	-0,076	-0,765
125,400	-0,076	-0,766
125,450	-0,075	-0,765
125,500	-0,076	-0,766
125,550	-0,076	-0,766
125,600	-0,076	-0,766
125,650	-0,076	-0,766
125,700	-0,076	-0,766
125,750	-0,076	-0,766
125,800	-0,076	-0,766
125,850	-0,076	-0,766
125,900	-0,076	-0,766
125,950	-0,076	-0,766
126,000	-0,076	-0,766
126,050	-0,076	-0,765
126,100	-0,076	-0,766
126,150	-0,076	-0,766
126,200	-0,076	-0,766
126,250	-0,076	-0,765
126,300	-0,076	-0,767
126,350	-0,076	-0,765
126,400	-0,076	-0,766
126,450	-0,076	-0,765
126,500	-0,076	-0,766
126,550	-0,076	-0,766
126,600	-0,076	-0,766
126,650	-0,076	-0,765
126,700	-0,076	-0,766
126,750	-0,076	-0,766
126,800	-0,076	-0,766
126,850	-0,076	-0,766
126,900	-0,076	-0,766
126,950	-0,076	-0,766
127,000	-0,076	-0,766
127,050	-0,076	-0,766
127,100	-0,076	-0,766
127,150	-0,076	-0,766
127,200	-0,076	-0,766
127,250	-0,076	-0,766
127,300	-0,076	-0,766
127,350	-0,076	-0,766
127,400	-0,076	-0,766
127,450	-0,076	-0,766
127,500	-0,076	-0,766
127,550	-0,076	-0,766
127,600	-0,076	-0,766
127,650	-0,076	-0,766
127,700	-0,076	-0,766
127,750	-0,076	-0,766
127,800	-0,076	-0,766
127,850	-0,076	-0,766
127,900	-0,076	-0,766
127,950	-0,076	-0,766
128,000	-0,076	-0,766
128,050	-0,076	-0,766
128,100	-0,076	-0,766
128,150	-0,075	-0,766
128,200	-0,074	-0,766
128,250	-0,072	-0,766
128,300	-0,069	-0,766
128,350	-0,068	-0,766
128,400	-0,064	-0,766
128,450	-0,062	-0,765
128,500	-0,059	-0,766
128,550	-0,054	-0,765
128,600	-0,049	-0,765
128,650	-0,041	-0,765
128,700	-0,036	-0,765
128,750	-0,028	-0,764
128,800	-0,022	-0,764
128,850	-0,018	-0,764
128,900	-0,012	-0,764
128,950	-0,006	-0,764
129,000	0,002	-0,764
129,050	0,009	-0,764
129,100	0,014	-0,764
129,150	0,015	-0,763
129,200	0,017	-0,763
129,250	0,021	-0,763
129,300	0,028	-0,763
129,350	0,038	-0,762
129,400	0,045	-0,762
129,450	0,048	-0,762
129,500	0,050	-0,762
129,550	0,054	-0,762
129,600	0,061	-0,762
129,650	0,065	-0,761
129,700	0,070	-0,761
129,750	0,076	-0,761
129,800	0,081	-0,760
129,850	0,085	-0,760
129,900	0,091	-0,760
129,950	0,096	-0,759
130,000	0,103	-0,758
130,050	0,110	-0,757
130,100	0,118	-0,755
130,150	0,126	-0,753
130,200	0,132	-0,751
130,250	0,137	-0,750
130,300	0,143	-0,748
130,350	0,149	-0,747
130,400	0,156	-0,744
130,450	0,163	-0,742
130,500	0,169	-0,740
130,550	0,173	-0,738
130,600	0,175	-0,736
130,650	0,178	-0,735
130,700	0,182	-0,734
130,750	0,186	-0,732
130,800	0,188	-0,731
130,850	0,190	-0,730
130,900	0,191	-0,728
130,950	0,194	-0,728
131,000	0,197	-0,726
131,050	0,200	-0,725
131,100	0,203	-0,723
131,150	0,205	-0,722
131,200	0,208	-0,720
131,250	0,212	-0,719
131,300	0,215	-0,716
131,350	0,218	-0,714
131,400	0,220	-0,712
131,450	0,222	-0,710
131,500	0,223	-0,707
131,550	0,224	-0,705
131,600	0,224	-0,703
131,650	0,226	-0,701
131,700	0,228	-0,699
131,750	0,230	-0,696
131,800	0,232	-0,693
131,850	0,234	-0,690
131,900	0,237	-0,685
131,950	0,239	-0,681
132,000	0,243	-0,675
132,050	0,246	-0,669
132,100	0,249	-0,661
132,150	0,251	-0,653
132,200	0,254	-0,643
132,250	0,257	-0,632
132,300	0,260	-0,620
132,350	0,263	-0,608
132,400	0,266	-0,594
132,450	0,270	-0,579
132,500	0,274	-0,563
132,550	0,278	-0,548
132,600	0,283	-0,531
132,650	0,288	-0,515
132,700	0,293	-0,499
132,750	0,299	-0,484
132,800	0,305	-0,469
132,850	0,313	-0,455
132,900	0,321	-0,441
132,950	0,331	-0,429
133,000	0,341	-0,418
133,050	0,348	-0,410
133,100	0,354	-0,403
133,150	0,355	-0,399
133,200	0,353	-0,396
133,250	0,346	-0,396
133,300	0,334	-0,396
133,350	0,322	-0,397
133,400	0,315	-0,397
133,450	0,312	-0,397
133,500	0,311	-0,397
133,550	0,311	-0,397
133,600	0,312	-0,397
133,650	0,318	-0,397
133,700	0,324	-0,397
133,750	0,327	-0,397
133,800	0,328	-0,397
133,850	0,328	-0,397
133,900	0,329	-0,396
133,950	0,333	-0,397
134,000	0,339	-0,396
134,050	0,343	-0,396
134,100	0,345	-0,395
134,150	0,345	-0,396
134,200	0,346	-0,395
134,250	0,346	-0,395
134,300	0,347	-0,394
134,350	0,347	-0,395
134,400	0,350	-0,394
134,450	0,354	-0,394
134,500	0,356	-0,393
134,550	0,359	-0,392
134,600	0,360	-0,391
134,650	0,362	-0,391
134,700	0,364	-0,389
134,750	0,367	-0,388
134,800	0,370	-0,386
134,850	0,373	-0,385
134,900	0,377	-0,382
134,950	0,379	-0,381
135,000	0,383	-0,378
135,050	0,388	-0,376
135,100	0,392	-0,373
135,150	0,396	-0,371
135,200	0,399	-0,368
135,250	0,402	-0,367
135,300	0,404	-0,364
135,350	0,405	-0,364
135,400	0,405	-0,362
135,450	0,405	-0,362
135,500	0,404	-0,360
135,550	0,403	-0,361
135,600	0,402	-0,360
135,650	0,406	-0,361
135,700	0,409	-0,359
135,750	0,410	-0,359
135,800	0,413	-0,357
135,850	0,417	-0,357
135,900	0,421	-0,355
135,950	0,425	-0,353
136,000	0,431	-0,350
136,050	0,437	-0,348
136,100	0,443	-0,344
136,150	0,449	-0,341
136,200	0,454	-0,338
136,250	0,460	-0,336
136,300	0,466	-0,332
136,350	0,471	-0,330
136,400	0,475	-0,327
136,450	0,477	-0,326
136,500	0,479	-0,323
136,550	0,480	-0,323
136,600	0,482	-0,322
136,650	0,484	-0,322
136,700	0,486	-0,320
136,750	0,487	-0,320
136,800	0,488	-0,318
136,850	0,490	-0,319
136,900	0,493	-0,317
136,950	0,497	-0,316
137,000	0,500	-0,315
137,050	0,502	-0,315
137,100	0,504	-0,312
137,150	0,506	-0,312
137,200	0,509	-0,310
137,250	0,512	-0,310
137,300	0,516	-0,308
137,350	0,519	-0,308
137,400	0,521	-0,306
137,450	0,523	-0,305
137,500	0,524	-0,304
137,550	0,526	-0,304
137,600	0,530	-0,302
137,650	0,534	-0,302
137,700	0,540	-0,299
137,750	0,546	-0,298
137,800	0,552	-0,295
137,850	0,556	-0,294
137,900	0,560	-0,292
137,950	0,562	-0,291
138,000	0,565	-0,289
138,050	0,568	-0,289
138,100	0,571	-0,287
138,150	0,573	-0,287
138,200	0,575	-0,286
138,250	0,578	-0,286
138,300	0,582	-0,284
138,350	0,586	-0,284
138,400	0,591	-0,281
138,450	0,597	-0,280
138,500	0,602	-0,278
138,550	0,607	-0,278
138,600	0,614	-0,275
138,650	0,620	-0,274
138,700	0,628	-0,271
138,750	0,635	-0,270
138,800	0,642	-0,267
138,850	0,650	-0,266
138,900	0,658	-0,263
138,950	0,664	-0,262
139,000	0,671	-0,259
139,050	0,677	-0,259
139,100	0,683	-0,256
139,150	0,689	-0,256
139,200	0,696	-0,253
139,250	0,703	-0,252
139,300	0,711	-0,249
139,350	0,718	-0,249
139,400	0,726	-0,246
139,450	0,734	-0,245
139,500	0,744	-0,242
139,550	0,754	-0,241
139,600	0,763	-0,238
139,650	0,770	-0,238
139,700	0,778	-0,235
139,750	0,784	-0,235
139,800	0,792	-0,232
139,850	0,799	-0,232
139,900	0,807	-0,230
139,950	0,815	-0,230
140,000	0,820	-0,227
140,050	0,825	-0,227
140,100	0,831	-0,225
140,150	0,838	-0,225
140,200	0,847	-0,223
140,250	0,860	-0,222
140,300	0,875	-0,219
140,350	0,890	-0,217
140,400	0,903	-0,214
140,450	0,912	-0,214
140,500	0,917	-0,211
140,550	0,923	-0,212
140,600	0,926	-0,210
140,650	0,928	-0,211
140,700	0,933	-0,209
140,750	0,938	-0,209
140,800	0,941	-0,208
140,850	0,943	-0,209
140,900	0,944	-0,207
140,950	0,945	-0,207
141,000	0,947	-0,206
141,050	0,951	-0,207
141,100	0,956	-0,206
141,150	0,963	-0,206
141,200	0,970	-0,204
141,250	0,975	-0,204
141,300	0,979	-0,202
141,350	0,980	-0,203
141,400	0,982	-0,202
141,450	0,986	-0,203
141,500	0,991	-0,201
141,550	0,999	-0,201
141,600	1,006	-0,199
141,650	1,011	-0,199
141,700	1,014	-0,198
141,750	1,015	-0,199
141,800	1,015	-0,197
141,850	1,014	-0,199
141,900	1,015	-0,197
141,950	1,020	-0,198
142,000	1,025	-0,196
142,050	1,034	-0,197
142,100	1,041	-0,195
142,150	1,050	-0,195
142,200	1,058	-0,192
142,250	1,067	-0,193
142,300	1,076	-0,190
142,350	1,082	-0,191
142,400	1,089	-0,189
142,450	1,095	-0,189
142,500	1,100	-0,188
142,550	1,108	-0,188
142,600	1,117	-0,186
142,650	1,127	-0,185
142,700	1,134	-0,184
142,750	1,139	-0,184
142,800	1,145	-0,182
142,850	1,152	-0,183
142,900	1,160	-0,181
142,950	1,167	-0,181
143,000	1,177	-0,179
143,050	1,188	-0,179
143,100	1,203	-0,177
143,150	1,216	-0,176
143,200	1,223	-0,174
143,250	1,227	-0,175
143,300	1,227	-0,173
143,350	1,226	-0,174
143,400	1,224	-0,174
143,450	1,223	-0,174
143,500	1,223	-0,173
143,550	1,222	-0,175
143,600	1,222	-0,173
143,650	1,222	-0,174
143,700	1,222	-0,173
143,750	1,222	-0,175
143,800	1,222	-0,173
143,850	1,222	-0,175
143,900	1,223	-0,173
143,950	1,223	-0,174
144,000	1,223	-0,174
144,050	1,223	-0,174
144,100	1,223	-0,173
144,150	1,223	-0,174
144,200	1,223	-0,173
144,250	1,223	-0,174
144,300	1,223	-0,174
144,350	1,223	-0,174
144,400	1,223	-0,173
144,450	1,223	-0,174
144,500	1,223	-0,174
144,550	1,223	-0,174
144,600	1,223	-0,174
144,650	1,223	-0,174
144,700	1,223	-0,173
144,750	1,223	-0,175
144,800	1,223	-0,173
144,850	1,223	-0,174
144,900	1,223	-0,173
144,950	1,223	-0,174
145,000	1,223	-0,173
145,050	1,222	-0,175
145,100	1,223	-0,173
145,150	1,223	-0,175
145,200	1,228	-0,173
145,250	1,234	-0,174
145,300	1,240	-0,173
145,350	1,252	-0,172
145,400	1,268	-0,170
145,450	1,290	-0,169
145,500	1,314	-0,166
145,550	1,335	-0,165
145,600	1,352	-0,163
145,650	1,368	-0,162
145,700	1,389	-0,159
145,750	1,412	-0,158
145,800	1,434	-0,155
145,850	1,448	-0,155
145,900	1,456	-0,153
145,950	1,457	-0,154
146,000	1,456	-0,153
146,050	1,455	-0,154
146,100	1,460	-0,153
146,150	1,464	-0,153
146,200	1,467	-0,152
146,250	1,474	-0,153
146,300	1,480	-0,151
146,350	1,486	-0,152
146,400	1,494	-0,150
146,450	1,500	-0,150
146,500	1,505	-0,149
146,550	1,511	-0,150
146,600	1,517	-0,148
146,650	1,521	-0,149
146,700	1,523	-0,148
146,750	1,528	-0,148
146,800	1,534	-0,147
146,850	1,541	-0,147
146,900	1,554	-0,146
146,950	1,572	-0,145
147,000	1,585	-0,143
147,050	1,593	-0,144
147,100	1,596	-0,142
147,150	1,595	-0,143
147,200	1,597	-0,142
147,250	1,603	-0,143
147,300	1,610	-0,141
147,350	1,619	-0,142
147,400	1,627	-0,140
147,450	1,637	-0,140
147,500	1,646	-0,139
147,550	1,655	-0,139
147,600	1,664	-0,138
147,650	1,673	-0,138
147,700	1,684	-0,136
147,750	1,692	-0,137
147,800	1,699	-0,135
147,850	1,707	-0,136
147,900	1,716	-0,134
147,950	1,725	-0,134
148,000	1,732	-0,133
148,050	1,740	-0,133
148,100	1,746	-0,132
148,150	1,752	-0,132
148,200	1,760	-0,131
148,250	1,771	-0,131
148,300	1,782	-0,130
148,350	1,795	-0,130
148,400	1,808	-0,128
148,450	1,823	-0,128
148,500	1,834	-0,126
148,550	1,840	-0,127
148,600	1,842	-0,126
148,650	1,843	-0,127
148,700	1,848	-0,126
148,750	1,853	-0,126
148,800	1,857	-0,125
148,850	1,865	-0,125
148,900	1,874	-0,124
148,950	1,884	-0,124
149,000	1,891	-0,123
149,050	1,899	-0,124
149,100	1,909	-0,122
149,150	1,919	-0,122
149,200	1,930	-0,121
149,250	1,941	-0,121
149,300	1,953	-0,119
149,350	1,960	-0,120
149,400	1,965	-0,119
149,450	1,972	-0,119
149,500	1,978	-0,118
149,550	1,985	-0,118
149,600	1,992	-0,117
149,650	1,997	-0,117
149,700	2,003	-0,116
149,750	2,011	-0,117
149,800	2,021	-0,116
149,850	2,028	-0,116
149,900	2,033	-0,115
149,950	2,035	-0,115
150,000	2,039	-0,115
150,050	2,046	-0,114
150,100	2,056	-0,114
150,150	2,067	-0,114
150,200	2,078	-0,113
150,250	2,084	-0,113
150,300	2,088	-0,112
150,350	2,093	-0,112
150,400	2,099	-0,111
150,450	2,104	-0,112
150,500	2,113	-0,111
150,550	2,124	-0,111
150,600	2,134	-0,110
150,650	2,143	-0,110
150,700	2,155	-0,109
150,750	2,167	-0,108
150,800	2,173	-0,107
150,850	2,178	-0,108
150,900	2,185	-0,107
150,950	2,192	-0,107
151,000	2,203	-0,106
151,050	2,216	-0,106
151,100	2,225	-0,105
151,150	2,230	-0,105
151,200	2,237	-0,104
151,250	2,243	-0,104
151,300	2,250	-0,104
151,350	2,258	-0,103
151,400	2,265	-0,103
151,450	2,277	-0,103
151,500	2,290	-0,102
151,550	2,297	-0,102
151,600	2,301	-0,101
151,650	2,306	-0,101
151,700	2,312	-0,101
151,750	2,319	-0,100
151,800	2,328	-0,100
151,850	2,334	-0,100
151,900	2,341	-0,099
151,950	2,348	-0,099
152,000	2,357	-0,098
152,050	2,367	-0,098
152,100	2,379	-0,097
152,150	2,387	-0,097
152,200	2,397	-0,097
152,250	2,407	-0,097
152,300	2,417	-0,096
152,350	2,430	-0,095
152,400	2,442	-0,095
152,450	2,453	-0,094
152,500	2,464	-0,093
152,550	2,473	-0,094
152,600	2,485	-0,093
152,650	2,502	-0,092
152,700	2,526	-0,091
152,750	2,551	-0,090
152,800	2,573	-0,089
152,850	2,591	-0,088
152,900	2,610	-0,088
152,950	2,631	-0,087
153,000	2,656	-0,086
153,050	2,682	-0,085
153,100	2,705	-0,084
153,150	2,721	-0,083
153,200	2,735	-0,082
153,250	2,748	-0,082
153,300	2,762	-0,081
153,350	2,776	-0,081
153,400	2,794	-0,080
153,450	2,815	-0,079
153,500	2,834	-0,079
153,550	2,854	-0,078
153,600	2,875	-0,077
153,650	2,905	-0,076
153,700	2,935	-0,075
153,750	2,958	-0,074
153,800	2,970	-0,074
153,850	2,977	-0,073
153,900	2,985	-0,073
153,950	2,995	-0,073
154,000	3,003	-0,072
154,050	3,008	-0,072
154,100	3,010	-0,073
154,150	3,011	-0,072
154,200	3,011	-0,072
154,250	3,011	-0,072
154,300	3,011	-0,072
154,350	3,011	-0,072
154,400	3,010	-0,073
154,450	3,011	-0,072
154,500	3,011	-0,072
154,550	3,011	-0,072
154,600	3,011	-0,072
154,650	3,011	-0,072
154,700	3,011	-0,072
154,750	3,011	-0,072
154,800	3,011	-0,072
154,850	3,011	-0,072
154,900	3,011	-0,073
154,950	3,011	-0,072
155,000	3,011	-0,073
155,050	3,012	-0,072
155,100	3,020	-0,072
155,150	3,041	-0,071
155,200	3,070	-0,071
155,250	3,103	-0,069
155,300	3,129	-0,069
155,350	3,150	-0,068
155,400	3,168	-0,067
155,450	3,194	-0,066
155,500	3,238	-0,065
155,550	3,284	-0,064
155,600	3,314	-0,063
155,650	3,326	-0,062
155,700	3,331	-0,062
155,750	3,337	-0,061
155,800	3,344	-0,062
155,850	3,349	-0,062
155,900	3,358	-0,062
155,950	3,367	-0,061
156,000	3,377	-0,061
156,050	3,385	-0,060
156,100	3,395	-0,061
156,150	3,401	-0,060
156,200	3,404	-0,060
156,250	3,406	-0,059
156,300	3,409	-0,060
156,350	3,417	-0,059
156,400	3,430	-0,060
156,450	3,446	-0,059
156,500	3,461	-0,059
156,550	3,470	-0,058
156,600	3,480	-0,058
156,650	3,490	-0,057
156,700	3,499	-0,058
156,750	3,508	-0,057
156,800	3,524	-0,057
156,850	3,543	-0,056
156,900	3,556	-0,056
156,950	3,562	-0,055
157,000	3,565	-0,056
157,050	3,575	-0,055
157,100	3,590	-0,055
157,150	3,606	-0,054
157,200	3,621	-0,054
157,250	3,634	-0,053
157,300	3,645	-0,054
157,350	3,654	-0,053
157,400	3,665	-0,053
157,450	3,677	-0,052
157,500	3,686	-0,052
157,550	3,696	-0,052
157,600	3,703	-0,052
157,650	3,710	-0,051
157,700	3,720	-0,052
157,750	3,732	-0,051
157,800	3,739	-0,051
157,850	3,742	-0,050
157,900	3,747	-0,051
157,950	3,754	-0,050
158,000	3,762	-0,051
158,050	3,772	-0,050
158,100	3,783	-0,051
158,150	3,791	-0,049
158,200	3,795	-0,050
158,250	3,800	-0,049
158,300	3,808	-0,050
158,350	3,818	-0,049
158,400	3,840	-0,049
158,450	3,868	-0,047
158,500	3,888	-0,048
158,550	3,898	-0,047
158,600	3,902	-0,048
158,650	3,908	-0,046
158,700	3,915	-0,047
158,750	3,924	-0,046
158,800	3,936	-0,047
158,850	3,952	-0,046
158,900	3,971	-0,046
158,950	3,984	-0,045
159,000	3,992	-0,045
159,050	4,002	-0,044
159,100	4,009	-0,045
159,150	4,019	-0,044
159,200	4,025	-0,045
159,250	4,035	-0,044
159,300	4,046	-0,044
159,350	4,062	-0,043
159,400	4,073	-0,044
159,450	4,085	-0,043
159,500	4,094	-0,044
159,550	4,105	-0,042
159,600	4,116	-0,043
159,650	4,127	-0,042
159,700	4,139	-0,042
159,750	4,148	-0,041
159,800	4,156	-0,042
159,850	4,164	-0,041
159,900	4,169	-0,042
159,950	4,179	-0,041
160,000	4,185	-0,042
160,050	4,188	-0,040
160,100	4,192	-0,041
160,150	4,200	-0,040
160,200	4,205	-0,041
160,250	4,211	-0,040
160,300	4,219	-0,041
160,350	4,229	-0,039
160,400	4,241	-0,040
160,450	4,254	-0,039
160,500	4,267	-0,040
160,550	4,275	-0,038
160,600	4,278	-0,039
160,650	4,279	-0,038
160,700	4,280	-0,039
160,750	4,280	-0,038
160,800	4,282	-0,039
160,850	4,288	-0,038
160,900	4,294	-0,039
160,950	4,302	-0,038
161,000	4,313	-0,039
161,050	4,327	-0,037
161,100	4,339	-0,038
161,150	4,352	-0,037
161,200	4,362	-0,038
161,250	4,370	-0,036
161,300	4,381	-0,037
161,350	4,394	-0,036
161,400	4,411	-0,037
161,450	4,427	-0,035
161,500	4,436	-0,036
161,550	4,445	-0,035
161,600	4,452	-0,036
161,650	4,456	-0,035
161,700	4,458	-0,036
161,750	4,459	-0,035
161,800	4,459	-0,036
161,850	4,459	-0,035
161,900	4,459	-0,036
161,950	4,459	-0,035
162,000	4,458	-0,036
162,050	4,459	-0,035
162,100	4,458	-0,036
162,150	4,458	-0,035
162,200	4,458	-0,036
162,250	4,458	-0,035
162,300	4,459	-0,036
162,350	4,480	-0,034
162,400	4,514	-0,035
162,450	4,549	-0,033
162,500	4,579	-0,034
162,550	4,605	-0,032
162,600	4,624	-0,033
162,650	4,640	-0,031
162,700	4,653	-0,032
162,750	4,670	-0,031
162,800	4,684	-0,032
162,850	4,697	-0,030
162,900	4,708	-0,031
162,950	4,721	-0,030
163,000	4,737	-0,031
163,050	4,759	-0,029
163,100	4,779	-0,030
163,150	4,800	-0,029
163,200	4,819	-0,030
163,250	4,840	-0,028
163,300	4,861	-0,029
163,350	4,882	-0,027
163,400	4,898	-0,028
163,450	4,913	-0,027
163,500	4,930	-0,028
163,550	4,950	-0,026
163,600	4,976	-0,027
163,650	5,008	-0,025
163,700	5,030	-0,026
163,750	5,040	-0,025
163,800	5,044	-0,026
163,850	5,050	-0,025
163,900	5,059	-0,025
163,950	5,073	-0,024
164,000	5,089	-0,025
164,050	5,105	-0,024
164,100	5,114	-0,025
164,150	5,123	-0,024
164,200	5,130	-0,025
164,250	5,136	-0,023
164,300	5,144	-0,024
164,350	5,156	-0,023
164,400	5,180	-0,024
164,450	5,205	-0,022
164,500	5,218	-0,023
164,550	5,224	-0,022
164,600	5,226	-0,023
164,650	5,228	-0,022
164,700	5,228	-0,023
164,750	5,228	-0,022
164,800	5,234	-0,023
164,850	5,242	-0,022
164,900	5,255	-0,022
164,950	5,274	-0,022
165,000	5,295	-0,022
165,050	5,308	-0,021
165,100	5,314	-0,022
165,150	5,320	-0,020
165,200	5,328	-0,021
165,250	5,337	-0,020
165,300	5,349	-0,021
165,350	5,367	-0,020
165,400	5,389	-0,021
165,450	5,414	-0,019
165,500	5,431	-0,020
165,550	5,447	-0,019
165,600	5,457	-0,020
165,650	5,470	-0,018
165,700	5,481	-0,019
165,750	5,498	-0,018
165,800	5,508	-0,019
165,850	5,510	-0,018
165,900	5,505	-0,019
165,950	5,503	-0,018
166,000	5,501	-0,019
166,050	5,501	-0,018
166,100	5,501	-0,019
166,150	5,501	-0,018
166,200	5,500	-0,019
166,250	5,501	-0,018
166,300	5,502	-0,019
166,350	5,513	-0,018
166,400	5,549	-0,019
166,450	5,620	-0,017
166,500	5,693	-0,017
166,550	5,737	-0,015
166,600	5,764	-0,015
166,650	5,786	-0,014
166,700	5,806	-0,015
166,750	5,830	-0,014
166,800	5,852	-0,014
166,850	5,866	-0,013
166,900	5,879	-0,014
166,950	5,888	-0,013
167,000	5,892	-0,014
167,050	5,896	-0,013
167,100	5,904	-0,013
167,150	5,910	-0,012
167,200	5,912	-0,013
167,250	5,920	-0,013
167,300	5,926	-0,013
167,350	5,934	-0,012
167,400	5,942	-0,013
167,450	5,946	-0,012
167,500	5,949	-0,013
167,550	5,954	-0,012
167,600	5,961	-0,013
167,650	5,969	-0,012
167,700	5,978	-0,013
167,750	5,988	-0,012
167,800	5,996	-0,012
167,850	6,000	-0,012
167,900	6,006	-0,012
167,950	6,016	-0,011
168,000	6,028	-0,012
168,050	6,043	-0,011
168,100	6,051	-0,011
168,150	6,055	-0,011
168,200	6,061	-0,012
168,250	6,073	-0,011
168,300	6,087	-0,011
168,350	6,100	-0,010
168,400	6,108	-0,011
168,450	6,118	-0,010
168,500	6,124	-0,011
168,550	6,133	-0,010
168,600	6,144	-0,011
168,650	6,158	-0,010
168,700	6,172	-0,010
168,750	6,183	-0,009
168,800	6,193	-0,010
168,850	6,200	-0,009
168,900	6,210	-0,010
168,950	6,222	-0,009
169,000	6,233	-0,010
169,050	6,245	-0,009
169,100	6,253	-0,009
169,150	6,263	-0,009
169,200	6,269	-0,009
169,250	6,276	-0,008
169,300	6,284	-0,009
169,350	6,295	-0,008
169,400	6,309	-0,009
169,450	6,332	-0,008
169,500	6,356	-0,008
169,550	6,370	-0,008
169,600	6,377	-0,008
169,650	6,380	-0,007
169,700	6,382	-0,008
169,750	6,390	-0,007
169,800	6,395	-0,008
169,850	6,398	-0,007
169,900	6,399	-0,008
169,950	6,400	-0,007
170,000	6,400	-0,008
170,050	6,395	-0,007
170,100	6,389	-0,008
170,150	6,387	-0,007
170,200	6,385	-0,008
170,250	6,385	-0,007
170,300	6,384	-0,008
170,350	6,384	-0,007
170,400	6,383	-0,008
170,450	6,384	-0,007
170,500	6,384	-0,008
170,550	6,384	-0,007
170,600	6,390	-0,008
170,650	6,396	-0,007
170,700	6,399	-0,008
170,750	6,407	-0,007
170,800	6,423	-0,007
170,850	6,444	-0,007
170,900	6,460	-0,007
170,950	6,468	-0,007
171,000	6,471	-0,007
171,050	6,473	-0,007
171,100	6,474	-0,007
171,150	6,479	-0,007
171,200	6,491	-0,007
171,250	6,508	-0,006
171,300	6,525	-0,006
171,350	6,543	-0,006
171,400	6,556	-0,006
171,450	6,570	-0,005
171,500	6,583	-0,005
171,550	6,598	-0,005
171,600	6,614	-0,005
171,650	6,632	-0,005
171,700	6,644	-0,005
171,750	6,649	-0,005
171,800	6,651	-0,005
171,850	6,655	-0,005
171,900	6,663	-0,005
171,950	6,668	-0,005
172,000	6,673	-0,005
172,050	6,681	-0,004
172,100	6,686	-0,004
172,150	6,688	-0,005
172,200	6,690	-0,004
172,250	6,690	-0,004
172,300	6,691	-0,004
172,350	6,692	-0,004
172,400	6,692	-0,004
172,450	6,692	-0,005
172,500	6,694	-0,004
172,550	6,701	-0,004
172,600	6,705	-0,004
172,650	6,707	-0,004
172,700	6,708	-0,004
172,750	6,709	-0,004
172,800	6,709	-0,004
172,850	6,709	-0,004
172,900	6,708	-0,004
172,950	6,706	-0,004
173,000	6,700	-0,004
173,050	6,696	-0,005
173,100	6,694	-0,004
173,150	6,693	-0,005
173,200	6,692	-0,004
173,250	6,692	-0,005
173,300	6,691	-0,004
173,350	6,691	-0,005
173,400	6,691	-0,004
173,450	6,691	-0,004
173,500	6,692	-0,004
173,550	6,691	-0,005
173,600	6,692	-0,004
173,650	6,691	-0,005
173,700	6,691	-0,004
173,750	6,691	-0,005
173,800	6,691	-0,004
173,850	6,691	-0,005
173,900	6,691	-0,004
173,950	6,691	-0,005
174,000	6,691	-0,004
174,050	6,691	-0,005
174,100	6,692	-0,004
174,150	6,692	-0,005
174,200	6,692	-0,004
174,250	6,691	-0,005
174,300	6,692	-0,004
174,350	6,692	-0,005
174,400	6,692	-0,004
174,450	6,692	-0,005
174,500	6,692	-0,004
174,550	6,691	-0,005
174,600	6,692	-0,004
174,650	6,692	-0,004
174,700	6,692	-0,004
174,750	6,692	-0,005
174,800	6,692	-0,004
174,850	6,692	-0,004
174,900	6,692	-0,004
174,950	6,692	-0,005
175,000	6,692	-0,004
