Zeit (s) Messreihe #5	Spannung, Ch A (V) Messreihe #5	Spannung, Ch B (V) Messreihe #5
0,000	-0,463	-0,002
0,050	-0,463	-0,001
0,100	-0,463	-0,002
0,150	-0,463	-0,001
0,200	-0,463	-0,002
0,250	-0,463	-0,001
0,300	-0,463	-0,002
0,350	-0,463	-0,001
0,400	-0,463	-0,002
0,450	-0,463	-0,001
0,500	-0,463	-0,002
0,550	-0,462	-0,001
0,600	-0,460	-0,002
0,650	-0,459	-0,001
0,700	-0,458	-0,002
0,750	-0,458	-0,001
0,800	-0,457	-0,002
0,850	-0,455	-0,001
0,900	-0,455	-0,002
0,950	-0,454	-0,001
1,000	-0,453	-0,002
1,050	-0,452	-0,001
1,100	-0,450	-0,002
1,150	-0,450	-0,001
1,200	-0,449	-0,002
1,250	-0,448	-7,791E-4
1,300	-0,447	-0,002
1,350	-0,446	-0,001
1,400	-0,445	-0,002
1,450	-0,443	-7,168E-4
1,500	-0,442	-0,002
1,550	-0,441	-0,001
1,600	-0,440	-0,002
1,650	-0,439	-6,692E-4
1,700	-0,439	-0,002
1,750	-0,438	-8,315E-4
1,800	-0,438	-0,002
1,850	-0,437	-9,573E-4
1,900	-0,436	-0,002
1,950	-0,435	-6,240E-4
2,000	-0,435	-0,002
2,050	-0,435	-0,001
2,100	-0,434	-0,002
2,150	-0,433	-0,001
2,200	-0,432	-0,002
2,250	-0,431	-7,839E-4
2,300	-0,430	-0,002
2,350	-0,430	-8,279E-4
2,400	-0,429	-0,002
2,450	-0,428	-7,485E-4
2,500	-0,427	-0,002
2,550	-0,427	-7,314E-4
2,600	-0,426	-0,002
2,650	-0,425	-6,545E-4
2,700	-0,425	-0,002
2,750	-0,424	-4,482E-4
2,800	-0,423	-0,002
2,850	-0,421	-4,324E-4
2,900	-0,420	-0,001
2,950	-0,420	-5,593E-4
3,000	-0,419	-0,001
3,050	-0,419	-5,044E-4
3,100	-0,418	-0,001
3,150	-0,417	-6,851E-4
3,200	-0,416	-0,001
3,250	-0,415	-4,885E-4
3,300	-0,413	-0,001
3,350	-0,413	-5,264E-4
3,400	-0,411	-0,001
3,450	-0,411	-5,581E-4
3,500	-0,409	-0,001
3,550	-0,408	-2,686E-6
3,600	-0,406	-0,001
3,650	-0,404	-3,127E-4
3,700	-0,403	-0,001
3,750	-0,402	-1,235E-4
3,800	-0,401	-0,001
3,850	-0,400	-1,248E-4
3,900	-0,399	-9,902E-4
3,950	-0,398	-1,040E-4
4,000	-0,397	-0,001
4,050	-0,397	-9,668E-5
4,100	-0,395	-9,390E-4
4,150	-0,394	-4,800E-4
4,200	-0,393	-0,001
4,250	-0,393	-1,980E-4
4,300	-0,392	-0,001
4,350	-0,391	2,390E-4
4,400	-0,390	-7,913E-4
4,450	-0,389	-1,614E-4
4,500	-0,388	-9,402E-4
4,550	-0,388	-1,919E-4
4,600	-0,387	-8,706E-4
4,650	-0,386	-1,855E-5
4,700	-0,385	-7,241E-4
4,750	-0,385	-6,982E-5
4,800	-0,383	-5,593E-4
4,850	-0,382	4,233E-4
4,900	-0,381	-8,535E-4
4,950	-0,379	3,501E-4
5,000	-0,378	-6,912E-4
5,050	-0,377	3,232E-4
5,100	-0,376	-6,936E-4
5,150	-0,375	3,574E-4
5,200	-0,374	-5,813E-4
5,250	-0,373	4,539E-4
5,300	-0,373	-3,335E-4
5,350	-0,372	3,074E-4
5,400	-0,372	-9,097E-4
5,450	-0,371	3,538E-4
5,500	-0,369	-4,299E-4
5,550	-0,369	4,612E-4
5,600	-0,368	-4,971E-4
5,650	-0,367	4,441E-4
5,700	-0,367	-5,117E-4
5,750	-0,367	2,720E-4
5,800	-0,367	-6,997E-4
5,850	-0,366	2,976E-4
5,900	-0,366	-6,289E-4
5,950	-0,365	4,941E-4
6,000	-0,365	-4,702E-4
6,050	-0,365	4,539E-4
6,100	-0,364	-4,690E-4
6,150	-0,363	8,359E-4
6,200	-0,362	-3,860E-4
6,250	-0,361	6,479E-4
6,300	-0,360	-4,324E-4
6,350	-0,360	6,492E-4
6,400	-0,359	-3,396E-4
6,450	-0,358	4,478E-4
6,500	-0,357	-7,351E-4
6,550	-0,356	7,419E-4
6,600	-0,356	-3,604E-4
6,650	-0,355	4,807E-4
6,700	-0,355	-5,715E-4
6,750	-0,354	7,004E-4
6,800	-0,353	-1,895E-4
6,850	-0,353	5,015E-4
6,900	-0,352	1,318E-5
6,950	-0,352	5,466E-4
7,000	-0,351	-1,443E-4
7,050	-0,350	0,001
7,100	-0,350	-3,164E-4
7,150	-0,349	8,884E-4
7,200	-0,348	-2,908E-4
7,250	-0,348	9,556E-4
7,300	-0,347	-5,762E-5
7,350	-0,346	0,001
7,400	-0,345	1,023E-4
7,450	-0,345	8,225E-4
7,500	-0,344	-9,546E-5
7,550	-0,343	9,788E-4
7,600	-0,343	3,418E-6
7,650	-0,342	0,001
7,700	-0,341	4,614E-5
7,750	-0,340	0,001
7,800	-0,340	1,841E-4
7,850	-0,339	0,001
7,900	-0,340	-2,908E-4
7,950	-0,340	8,591E-4
8,000	-0,339	1,072E-4
8,050	-0,340	6,663E-4
8,100	-0,339	-1,260E-4
8,150	-0,339	9,629E-4
8,200	-0,339	-2,725E-4
8,250	-0,340	8,018E-4
8,300	-0,339	-3,442E-5
8,350	-0,339	0,001
8,400	-0,339	8,398E-5
8,450	-0,339	0,001
8,500	-0,339	3,271E-5
8,550	-0,339	0,001
8,600	-0,339	-5,884E-5
8,650	-0,339	0,001
8,700	-0,339	2,539E-5
8,750	-0,339	0,001
8,800	-0,339	3,025E-4
8,850	-0,339	9,873E-4
8,900	-0,339	5,835E-5
8,950	-0,339	0,001
9,000	-0,339	1,218E-4
9,050	-0,339	0,001
9,100	-0,339	-6,738E-5
9,150	-0,339	0,001
9,200	-0,339	-1,821E-4
9,250	-0,339	0,001
9,300	-0,339	-1,345E-4
9,350	-0,340	8,750E-4
9,400	-0,339	-6,128E-5
9,450	-0,340	8,665E-4
9,500	-0,339	-3,076E-5
9,550	-0,340	8,909E-4
9,600	-0,339	-2,100E-5
9,650	-0,339	9,678E-4
9,700	-0,340	-2,407E-4
9,750	-0,339	0,001
9,800	-0,340	-4,727E-4
9,850	-0,339	0,001
9,900	-0,339	-6,128E-5
9,950	-0,339	0,001
10,000	-0,338	1,133E-4
10,050	-0,337	7,859E-4
10,100	-0,336	-2,029E-4
10,150	-0,336	9,177E-4
10,200	-0,333	2,244E-4
10,250	-0,332	0,001
10,300	-0,331	1,902E-4
10,350	-0,331	0,001
10,400	-0,330	3,135E-4
10,450	-0,329	0,002
10,500	-0,329	1,975E-4
10,550	-0,328	0,001
10,600	-0,328	-1,418E-4
10,650	-0,327	0,001
10,700	-0,327	3,293E-4
10,750	-0,326	0,002
10,800	-0,325	2,659E-4
10,850	-0,324	0,002
10,900	-0,323	5,613E-4
10,950	-0,323	0,001
11,000	-0,322	3,672E-4
11,050	-0,322	0,002
11,100	-0,322	5,161E-4
11,150	-0,322	0,001
11,200	-0,320	2,842E-4
11,250	-0,320	0,002
11,300	-0,320	3,367E-4
11,350	-0,320	0,002
11,400	-0,319	2,634E-4
11,450	-0,318	0,001
11,500	-0,317	3,843E-4
11,550	-0,316	0,002
11,600	-0,315	4,478E-4
11,650	-0,313	0,001
11,700	-0,311	8,115E-4
11,750	-0,310	0,002
11,800	-0,309	9,202E-4
11,850	-0,308	0,002
11,900	-0,308	7,529E-4
11,950	-0,307	0,002
12,000	-0,306	7,529E-4
12,050	-0,305	0,002
12,100	-0,304	0,001
12,150	-0,304	0,002
12,200	-0,302	0,001
12,250	-0,300	0,002
12,300	-0,298	0,001
12,350	-0,295	0,003
12,400	-0,293	0,002
12,450	-0,291	0,003
12,500	-0,289	0,002
12,550	-0,287	0,003
12,600	-0,286	0,002
12,650	-0,284	0,003
12,700	-0,284	0,002
12,750	-0,282	0,003
12,800	-0,281	0,002
12,850	-0,280	0,003
12,900	-0,280	0,002
12,950	-0,279	0,003
13,000	-0,279	0,002
13,050	-0,278	0,003
13,100	-0,278	0,002
13,150	-0,277	0,003
13,200	-0,277	0,002
13,250	-0,276	0,003
13,300	-0,275	0,002
13,350	-0,274	0,004
13,400	-0,274	0,003
13,450	-0,274	0,004
13,500	-0,274	0,002
13,550	-0,274	0,004
13,600	-0,274	0,002
13,650	-0,274	0,003
13,700	-0,274	0,002
13,750	-0,274	0,003
13,800	-0,273	0,002
13,850	-0,272	0,003
13,900	-0,272	0,003
13,950	-0,271	0,004
14,000	-0,270	0,003
14,050	-0,269	0,004
14,100	-0,269	0,003
14,150	-0,268	0,004
14,200	-0,269	0,003
14,250	-0,268	0,004
14,300	-0,268	0,003
14,350	-0,267	0,004
14,400	-0,266	0,003
14,450	-0,265	0,004
14,500	-0,264	0,003
14,550	-0,264	0,004
14,600	-0,263	0,003
14,650	-0,263	0,004
14,700	-0,262	0,003
14,750	-0,262	0,004
14,800	-0,261	0,003
14,850	-0,261	0,004
14,900	-0,260	0,003
14,950	-0,260	0,004
15,000	-0,260	0,003
15,050	-0,260	0,005
15,100	-0,260	0,003
15,150	-0,260	0,004
15,200	-0,260	0,003
15,250	-0,260	0,004
15,300	-0,260	0,003
15,350	-0,260	0,004
15,400	-0,260	0,003
15,450	-0,260	0,004
15,500	-0,260	0,003
15,550	-0,260	0,004
15,600	-0,260	0,003
15,650	-0,260	0,004
15,700	-0,260	0,003
15,750	-0,260	0,004
15,800	-0,260	0,003
15,850	-0,260	0,004
15,900	-0,260	0,003
15,950	-0,260	0,004
16,000	-0,260	0,003
16,050	-0,260	0,004
16,100	-0,259	0,003
16,150	-0,257	0,004
16,200	-0,256	0,004
16,250	-0,255	0,005
16,300	-0,254	0,004
16,350	-0,252	0,005
16,400	-0,251	0,004
16,450	-0,250	0,005
16,500	-0,248	0,005
16,550	-0,247	0,005
16,600	-0,246	0,005
16,650	-0,244	0,006
16,700	-0,243	0,005
16,750	-0,243	0,006
16,800	-0,241	0,005
16,850	-0,241	0,006
16,900	-0,239	0,005
16,950	-0,238	0,006
17,000	-0,237	0,005
17,050	-0,237	0,006
17,100	-0,236	0,006
17,150	-0,235	0,007
17,200	-0,235	0,006
17,250	-0,234	0,007
17,300	-0,233	0,006
17,350	-0,232	0,007
17,400	-0,231	0,006
17,450	-0,230	0,007
17,500	-0,229	0,006
17,550	-0,228	0,007
17,600	-0,227	0,007
17,650	-0,227	0,007
17,700	-0,225	0,007
17,750	-0,224	0,008
17,800	-0,224	0,007
17,850	-0,223	0,008
17,900	-0,222	0,007
17,950	-0,221	0,008
18,000	-0,221	0,007
18,050	-0,219	0,009
18,100	-0,218	0,008
18,150	-0,217	0,009
18,200	-0,216	0,008
18,250	-0,216	0,009
18,300	-0,215	0,008
18,350	-0,214	0,009
18,400	-0,214	0,008
18,450	-0,213	0,010
18,500	-0,212	0,008
18,550	-0,211	0,010
18,600	-0,210	0,009
18,650	-0,209	0,010
18,700	-0,208	0,009
18,750	-0,207	0,010
18,800	-0,205	0,010
18,850	-0,205	0,011
18,900	-0,205	0,010
18,950	-0,204	0,011
19,000	-0,203	0,010
19,050	-0,202	0,011
19,100	-0,201	0,010
19,150	-0,201	0,011
19,200	-0,200	0,011
19,250	-0,199	0,011
19,300	-0,199	0,011
19,350	-0,199	0,011
19,400	-0,199	0,011
19,450	-0,199	0,012
19,500	-0,199	0,011
19,550	-0,198	0,012
19,600	-0,199	0,011
19,650	-0,198	0,012
19,700	-0,198	0,011
19,750	-0,199	0,011
19,800	-0,199	0,011
19,850	-0,198	0,012
19,900	-0,199	0,011
19,950	-0,199	0,012
20,000	-0,198	0,011
20,050	-0,199	0,011
20,100	-0,199	0,011
20,150	-0,199	0,011
20,200	-0,199	0,011
20,250	-0,198	0,012
20,300	-0,198	0,011
20,350	-0,197	0,012
20,400	-0,197	0,011
20,450	-0,197	0,012
20,500	-0,196	0,011
20,550	-0,195	0,012
20,600	-0,194	0,012
20,650	-0,194	0,012
20,700	-0,193	0,012
20,750	-0,192	0,013
20,800	-0,192	0,012
20,850	-0,191	0,013
20,900	-0,190	0,013
20,950	-0,190	0,013
21,000	-0,189	0,013
21,050	-0,188	0,013
21,100	-0,187	0,013
21,150	-0,186	0,014
21,200	-0,186	0,013
21,250	-0,184	0,014
21,300	-0,183	0,014
21,350	-0,183	0,015
21,400	-0,182	0,014
21,450	-0,181	0,015
21,500	-0,180	0,015
21,550	-0,180	0,015
21,600	-0,179	0,015
21,650	-0,177	0,016
21,700	-0,176	0,015
21,750	-0,175	0,016
21,800	-0,175	0,016
21,850	-0,174	0,016
21,900	-0,173	0,016
21,950	-0,172	0,016
22,000	-0,171	0,016
22,050	-0,171	0,017
22,100	-0,170	0,017
22,150	-0,168	0,018
22,200	-0,167	0,018
22,250	-0,166	0,018
22,300	-0,165	0,018
22,350	-0,165	0,018
22,400	-0,164	0,018
22,450	-0,163	0,019
22,500	-0,162	0,019
22,550	-0,162	0,019
22,600	-0,162	0,019
22,650	-0,162	0,019
22,700	-0,162	0,019
22,750	-0,162	0,019
22,800	-0,162	0,019
22,850	-0,162	0,019
22,900	-0,162	0,019
22,950	-0,162	0,019
23,000	-0,162	0,019
23,050	-0,162	0,019
23,100	-0,162	0,019
23,150	-0,162	0,019
23,200	-0,162	0,019
23,250	-0,162	0,019
23,300	-0,162	0,019
23,350	-0,162	0,019
23,400	-0,162	0,019
23,450	-0,162	0,019
23,500	-0,160	0,019
23,550	-0,159	0,020
23,600	-0,159	0,020
23,650	-0,159	0,020
23,700	-0,158	0,020
23,750	-0,156	0,021
23,800	-0,156	0,021
23,850	-0,156	0,020
23,900	-0,155	0,021
23,950	-0,153	0,021
24,000	-0,153	0,021
24,050	-0,152	0,022
24,100	-0,152	0,022
24,150	-0,150	0,022
24,200	-0,150	0,022
24,250	-0,149	0,023
24,300	-0,148	0,023
24,350	-0,147	0,023
24,400	-0,146	0,023
24,450	-0,146	0,023
24,500	-0,145	0,024
24,550	-0,144	0,024
24,600	-0,143	0,024
24,650	-0,143	0,025
24,700	-0,142	0,025
24,750	-0,142	0,025
24,800	-0,140	0,025
24,850	-0,140	0,025
24,900	-0,139	0,026
24,950	-0,138	0,026
25,000	-0,137	0,027
25,050	-0,135	0,027
25,100	-0,134	0,027
25,150	-0,133	0,028
25,200	-0,133	0,028
25,250	-0,132	0,028
25,300	-0,130	0,029
25,350	-0,128	0,029
25,400	-0,127	0,030
25,450	-0,127	0,029
25,500	-0,126	0,030
25,550	-0,125	0,030
25,600	-0,123	0,032
25,650	-0,121	0,032
25,700	-0,120	0,033
25,750	-0,120	0,032
25,800	-0,119	0,033
25,850	-0,119	0,033
25,900	-0,118	0,033
25,950	-0,117	0,033
26,000	-0,116	0,034
26,050	-0,116	0,034
26,100	-0,117	0,034
26,150	-0,116	0,034
26,200	-0,117	0,034
26,250	-0,116	0,034
26,300	-0,116	0,034
26,350	-0,116	0,034
26,400	-0,116	0,034
26,450	-0,116	0,034
26,500	-0,116	0,034
26,550	-0,116	0,034
26,600	-0,116	0,034
26,650	-0,117	0,033
26,700	-0,116	0,034
26,750	-0,117	0,033
26,800	-0,117	0,034
26,850	-0,117	0,033
26,900	-0,116	0,034
26,950	-0,117	0,033
27,000	-0,117	0,034
27,050	-0,117	0,033
27,100	-0,116	0,034
27,150	-0,117	0,033
27,200	-0,116	0,034
27,250	-0,115	0,034
27,300	-0,115	0,035
27,350	-0,114	0,034
27,400	-0,113	0,035
27,450	-0,112	0,035
27,500	-0,110	0,036
27,550	-0,109	0,037
27,600	-0,107	0,038
27,650	-0,107	0,037
27,700	-0,106	0,038
27,750	-0,105	0,038
27,800	-0,104	0,039
27,850	-0,103	0,039
27,900	-0,102	0,040
27,950	-0,101	0,040
28,000	-0,099	0,041
28,050	-0,098	0,041
28,100	-0,097	0,043
28,150	-0,096	0,042
28,200	-0,096	0,043
28,250	-0,095	0,043
28,300	-0,094	0,044
28,350	-0,093	0,044
28,400	-0,092	0,045
28,450	-0,091	0,045
28,500	-0,090	0,046
28,550	-0,088	0,047
28,600	-0,087	0,048
28,650	-0,086	0,048
28,700	-0,086	0,048
28,750	-0,086	0,048
28,800	-0,086	0,048
28,850	-0,086	0,048
28,900	-0,086	0,048
28,950	-0,086	0,048
29,000	-0,086	0,049
29,050	-0,086	0,048
29,100	-0,086	0,049
29,150	-0,087	0,047
29,200	-0,086	0,049
29,250	-0,087	0,047
29,300	-0,087	0,048
29,350	-0,087	0,048
29,400	-0,086	0,048
29,450	-0,086	0,048
29,500	-0,087	0,048
29,550	-0,087	0,047
29,600	-0,086	0,049
29,650	-0,086	0,047
29,700	-0,086	0,048
29,750	-0,086	0,048
29,800	-0,086	0,048
29,850	-0,086	0,047
29,900	-0,086	0,049
29,950	-0,087	0,047
30,000	-0,086	0,048
30,050	-0,086	0,048
30,100	-0,086	0,049
30,150	-0,086	0,048
30,200	-0,086	0,048
30,250	-0,086	0,048
30,300	-0,086	0,049
30,350	-0,086	0,048
30,400	-0,086	0,049
30,450	-0,086	0,048
30,500	-0,086	0,048
30,550	-0,086	0,048
30,600	-0,086	0,049
30,650	-0,086	0,047
30,700	-0,086	0,049
30,750	-0,086	0,048
30,800	-0,086	0,049
30,850	-0,086	0,048
30,900	-0,086	0,049
30,950	-0,087	0,047
31,000	-0,086	0,048
31,050	-0,086	0,048
31,100	-0,087	0,048
31,150	-0,086	0,047
31,200	-0,086	0,048
31,250	-0,086	0,048
31,300	-0,086	0,048
31,350	-0,086	0,048
31,400	-0,086	0,048
31,450	-0,087	0,047
31,500	-0,086	0,048
31,550	-0,086	0,047
31,600	-0,086	0,049
31,650	-0,086	0,047
31,700	-0,086	0,048
31,750	-0,086	0,048
31,800	-0,084	0,050
31,850	-0,083	0,050
31,900	-0,083	0,051
31,950	-0,081	0,051
32,000	-0,079	0,053
32,050	-0,077	0,053
32,100	-0,075	0,055
32,150	-0,072	0,056
32,200	-0,071	0,058
32,250	-0,070	0,058
32,300	-0,069	0,059
32,350	-0,067	0,060
32,400	-0,065	0,063
32,450	-0,064	0,062
32,500	-0,063	0,064
32,550	-0,062	0,064
32,600	-0,060	0,066
32,650	-0,059	0,067
32,700	-0,057	0,069
32,750	-0,056	0,069
32,800	-0,055	0,071
32,850	-0,054	0,071
32,900	-0,054	0,072
32,950	-0,052	0,073
33,000	-0,052	0,074
33,050	-0,051	0,074
33,100	-0,051	0,075
33,150	-0,050	0,074
33,200	-0,049	0,076
33,250	-0,049	0,076
33,300	-0,047	0,079
33,350	-0,046	0,079
33,400	-0,045	0,081
33,450	-0,044	0,081
33,500	-0,044	0,082
33,550	-0,043	0,083
33,600	-0,043	0,083
33,650	-0,043	0,082
33,700	-0,044	0,083
33,750	-0,043	0,082
33,800	-0,040	0,087
33,850	-0,040	0,086
33,900	-0,040	0,087
33,950	-0,040	0,086
34,000	-0,040	0,087
34,050	-0,040	0,086
34,100	-0,040	0,087
34,150	-0,040	0,086
34,200	-0,040	0,087
34,250	-0,039	0,087
34,300	-0,039	0,089
34,350	-0,040	0,087
34,400	-0,039	0,089
34,450	-0,039	0,088
34,500	-0,039	0,089
34,550	-0,037	0,090
34,600	-0,036	0,093
34,650	-0,036	0,092
34,700	-0,035	0,094
34,750	-0,034	0,094
34,800	-0,033	0,096
34,850	-0,033	0,096
34,900	-0,032	0,098
34,950	-0,031	0,099
35,000	-0,030	0,101
35,050	-0,029	0,103
35,100	-0,029	0,104
35,150	-0,028	0,104
35,200	-0,028	0,105
35,250	-0,028	0,105
35,300	-0,026	0,109
35,350	-0,025	0,110
35,400	-0,024	0,113
35,450	-0,024	0,113
35,500	-0,023	0,115
35,550	-0,023	0,115
35,600	-0,023	0,116
35,650	-0,022	0,117
35,700	-0,021	0,119
35,750	-0,022	0,117
35,800	-0,022	0,118
35,850	-0,022	0,118
35,900	-0,021	0,120
35,950	-0,021	0,120
36,000	-0,020	0,122
36,050	-0,020	0,121
36,100	-0,020	0,122
36,150	-0,020	0,121
36,200	-0,019	0,124
36,250	-0,019	0,124
36,300	-0,019	0,125
36,350	-0,018	0,127
36,400	-0,017	0,131
36,450	-0,017	0,130
36,500	-0,018	0,130
36,550	-0,018	0,129
36,600	-0,017	0,131
36,650	-0,017	0,129
36,700	-0,018	0,130
36,750	-0,017	0,129
36,800	-0,017	0,130
36,850	-0,017	0,129
36,900	-0,018	0,130
36,950	-0,017	0,129
37,000	-0,018	0,130
37,050	-0,018	0,129
37,100	-0,017	0,130
37,150	-0,018	0,129
37,200	-0,018	0,130
37,250	-0,017	0,129
37,300	-0,018	0,130
37,350	-0,018	0,129
37,400	-0,018	0,130
37,450	-0,018	0,129
37,500	-0,018	0,130
37,550	-0,017	0,129
37,600	-0,016	0,134
37,650	-0,013	0,142
37,700	-0,011	0,150
37,750	-0,013	0,146
37,800	-0,014	0,144
37,850	-0,012	0,147
37,900	-0,010	0,157
37,950	-0,009	0,161
38,000	-0,010	0,160
38,050	-0,011	0,155
38,100	-0,011	0,157
38,150	-0,010	0,158
38,200	-0,010	0,159
38,250	-0,011	0,157
38,300	-0,010	0,159
38,350	-0,009	0,161
38,400	-0,009	0,163
38,450	-0,009	0,162
38,500	-0,009	0,164
38,550	-0,009	0,163
38,600	-0,008	0,165
38,650	-0,008	0,167
38,700	-0,008	0,172
38,750	-0,007	0,174
38,800	-0,007	0,177
38,850	-0,007	0,177
38,900	-0,006	0,181
38,950	-0,006	0,185
39,000	-0,005	0,195
39,050	-0,004	0,203
39,100	-0,004	0,209
39,150	-0,004	0,207
39,200	-0,005	0,205
39,250	-0,005	0,204
39,300	-0,004	0,209
39,350	-0,004	0,210
39,400	-0,004	0,212
39,450	-0,004	0,209
39,500	-0,004	0,209
39,550	-0,004	0,209
39,600	-0,003	0,215
39,650	-0,003	0,220
39,700	-0,002	0,228
39,750	-0,002	0,232
39,800	-0,002	0,236
39,850	-0,002	0,233
39,900	-0,002	0,234
39,950	-0,002	0,235
40,000	-0,002	0,241
40,050	-0,001	0,247
40,100	-9,698E-4	0,258
40,150	-3,448E-4	0,268
40,200	-6,287E-5	0,281
40,250	3,192E-4	0,292
40,300	4,645E-4	0,303
40,350	8,624E-4	0,306
40,400	8,282E-4	0,309
40,450	8,905E-4	0,308
40,500	8,649E-4	0,310
40,550	0,001	0,312
40,600	0,001	0,318
40,650	0,001	0,324
40,700	0,001	0,332
40,750	0,002	0,338
40,800	0,002	0,347
40,850	0,002	0,352
40,900	0,002	0,359
40,950	0,002	0,361
41,000	0,002	0,365
41,050	0,002	0,364
41,100	0,002	0,365
41,150	0,002	0,362
41,200	0,002	0,363
41,250	0,002	0,361
41,300	0,002	0,362
41,350	0,001	0,361
41,400	0,002	0,363
41,450	0,002	0,362
41,500	0,002	0,363
41,550	0,002	0,362
41,600	0,002	0,363
41,650	0,002	0,361
41,700	0,001	0,363
41,750	0,001	0,362
41,800	0,002	0,363
41,850	0,001	0,362
41,900	0,001	0,363
41,950	0,002	0,361
42,000	0,002	0,363
42,050	0,002	0,362
42,100	0,002	0,363
42,150	0,002	0,361
42,200	0,002	0,363
42,250	0,002	0,362
42,300	0,001	0,360
42,350	7,233E-4	0,346
42,400	-4,376E-4	0,325
42,450	-0,001	0,302
42,500	-0,002	0,289
42,550	-0,002	0,287
42,600	-3,766E-4	0,300
42,650	7,343E-4	0,317
42,700	0,001	0,333
42,750	0,001	0,340
42,800	7,745E-4	0,337
42,850	5,798E-5	0,321
42,900	-8,417E-4	0,302
42,950	-0,002	0,287
43,000	-0,002	0,283
43,050	-0,001	0,289
43,100	-1,788E-4	0,303
43,150	4,010E-4	0,315
43,200	4,950E-4	0,319
43,250	1,825E-4	0,314
43,300	-5,243E-4	0,308
43,350	-8,710E-4	0,301
43,400	-6,696E-4	0,302
43,450	-8,356E-4	0,301
43,500	-8,344E-4	0,303
43,550	-6,537E-4	0,302
43,600	-9,760E-4	0,301
43,650	-7,159E-4	0,302
43,700	-5,432E-5	0,307
43,750	-1,874E-4	0,309
43,800	7,935E-6	0,311
43,850	-3,082E-4	0,305
43,900	-0,001	0,298
43,950	-0,002	0,288
44,000	-0,002	0,282
44,050	-0,002	0,281
44,100	-0,001	0,290
44,150	-5,377E-4	0,299
44,200	2,948E-4	0,308
44,250	4,327E-4	0,310
44,300	-2,802E-4	0,307
44,350	-5,267E-4	0,302
44,400	-9,149E-4	0,299
44,450	-9,918E-4	0,297
44,500	-9,015E-4	0,299
44,550	-4,181E-4	0,303
44,600	-2,362E-4	0,309
44,650	5,048E-4	0,312
44,700	5,634E-4	0,314
44,750	2,460E-4	0,311
44,800	-1,263E-4	0,310
44,850	-4,828E-4	0,305
44,900	-3,412E-4	0,305
44,950	-3,204E-4	0,304
45,000	3,094E-4	0,310
45,050	4,303E-4	0,313
45,100	5,463E-4	0,317
45,150	6,635E-4	0,316
45,200	3,180E-4	0,315
45,250	-1,910E-4	0,311
45,300	-4,364E-4	0,308
45,350	-6,390E-4	0,305
45,400	-1,471E-4	0,306
45,450	3,235E-5	0,309
45,500	4,926E-4	0,315
45,550	6,024E-4	0,317
45,600	6,073E-4	0,317
45,650	7,220E-4	0,325
45,700	0,002	0,351
45,750	0,002	0,354
45,800	0,002	0,358
45,850	0,002	0,358
45,900	0,002	0,358
45,950	0,001	0,356
46,000	0,001	0,356
46,050	0,002	0,354
46,100	0,002	0,355
46,150	0,001	0,354
46,200	0,002	0,356
46,250	0,001	0,355
46,300	0,002	0,356
46,350	0,001	0,355
46,400	0,001	0,355
46,450	0,002	0,355
46,500	0,002	0,356
46,550	0,001	0,355
46,600	0,001	0,356
46,650	0,001	0,355
46,700	0,001	0,356
46,750	0,002	0,355
46,800	0,002	0,356
46,850	0,001	0,355
46,900	0,001	0,356
46,950	0,002	0,355
47,000	0,002	0,356
47,050	0,001	0,355
47,100	0,001	0,356
47,150	0,002	0,355
47,200	0,002	0,356
47,250	0,002	0,355
47,300	0,002	0,356
47,350	0,002	0,355
47,400	0,002	0,356
47,450	0,001	0,355
47,500	0,001	0,356
47,550	0,001	0,355
47,600	0,002	0,356
47,650	0,002	0,355
47,700	0,002	0,356
47,750	0,001	0,355
47,800	0,002	0,356
47,850	0,001	0,354
47,900	0,001	0,356
47,950	0,002	0,355
48,000	0,001	0,356
48,050	0,001	0,355
48,100	0,002	0,356
48,150	0,002	0,355
48,200	0,002	0,356
48,250	0,002	0,355
48,300	0,002	0,356
48,350	0,002	0,355
48,400	0,002	0,356
48,450	0,001	0,355
48,500	0,001	0,356
48,550	0,002	0,355
48,600	0,002	0,356
48,650	0,001	0,355
48,700	0,001	0,356
48,750	0,001	0,355
48,800	0,001	0,356
48,850	0,002	0,355
48,900	0,001	0,355
48,950	0,002	0,355
49,000	0,002	0,356
49,050	0,002	0,355
49,100	0,001	0,356
49,150	0,002	0,355
49,200	0,002	0,356
49,250	0,002	0,356
49,300	0,001	0,359
49,350	0,002	0,363
49,400	0,002	0,370
49,450	0,002	0,377
49,500	0,003	0,386
49,550	0,002	0,391
49,600	0,002	0,396
49,650	0,002	0,396
49,700	0,002	0,397
49,750	0,002	0,394
49,800	0,002	0,392
49,850	0,002	0,389
49,900	0,002	0,388
49,950	0,001	0,386
50,000	0,002	0,388
50,050	0,002	0,388
50,100	0,002	0,389
50,150	0,002	0,388
50,200	0,002	0,389
50,250	0,002	0,394
50,300	0,002	0,401
50,350	0,002	0,401
50,400	0,002	0,399
50,450	0,002	0,393
50,500	0,001	0,389
50,550	0,001	0,385
50,600	0,001	0,385
50,650	0,001	0,384
50,700	0,001	0,387
50,750	0,001	0,388
50,800	0,002	0,390
50,850	0,001	0,389
50,900	0,001	0,389
50,950	0,001	0,388
51,000	0,001	0,388
51,050	0,001	0,387
51,100	0,001	0,388
51,150	0,001	0,388
51,200	0,002	0,389
51,250	0,001	0,388
51,300	0,001	0,388
51,350	0,001	0,388
51,400	0,002	0,388
51,450	0,001	0,387
51,500	0,001	0,388
51,550	0,002	0,389
51,600	0,002	0,394
51,650	0,002	0,402
51,700	0,002	0,418
51,750	0,002	0,439
51,800	0,002	0,471
51,850	0,002	0,511
51,900	0,003	0,564
51,950	0,002	0,628
52,000	0,003	0,711
52,050	0,003	0,812
52,100	0,005	0,929
52,150	0,011	1,047
52,200	0,022	1,126
52,250	0,016	1,109
52,300	0,008	1,062
52,350	0,005	1,023
52,400	0,004	0,998
52,450	0,004	0,990
52,500	0,005	1,000
52,550	0,007	1,019
52,600	0,008	1,036
52,650	0,008	1,042
52,700	0,007	1,036
52,750	0,006	1,024
52,800	0,005	1,016
52,850	0,005	1,016
52,900	0,006	1,022
52,950	0,007	1,031
53,000	0,008	1,039
53,050	0,008	1,039
53,100	0,008	1,037
53,150	0,008	1,035
53,200	0,008	1,036
53,250	0,008	1,038
53,300	0,008	1,042
53,350	0,009	1,047
53,400	0,010	1,054
53,450	0,010	1,058
53,500	0,010	1,057
53,550	0,009	1,053
53,600	0,009	1,051
53,650	0,009	1,053
53,700	0,010	1,059
53,750	0,011	1,064
53,800	0,011	1,067
53,850	0,011	1,067
53,900	0,011	1,069
53,950	0,011	1,071
54,000	0,012	1,072
54,050	0,012	1,075
54,100	0,012	1,078
54,150	0,013	1,082
54,200	0,014	1,087
54,250	0,015	1,091
54,300	0,015	1,096
54,350	0,016	1,098
54,400	0,016	1,101
54,450	0,016	1,100
54,500	0,016	1,101
54,550	0,017	1,103
54,600	0,018	1,107
54,650	0,018	1,110
54,700	0,019	1,113
54,750	0,019	1,115
54,800	0,020	1,117
54,850	0,021	1,119
54,900	0,021	1,122
54,950	0,023	1,126
55,000	0,023	1,129
55,050	0,024	1,131
55,100	0,025	1,132
55,150	0,026	1,134
55,200	0,026	1,136
55,250	0,027	1,138
55,300	0,027	1,139
55,350	0,027	1,138
55,400	0,027	1,138
55,450	0,028	1,141
55,500	0,029	1,144
55,550	0,030	1,145
55,600	0,030	1,147
55,650	0,031	1,147
55,700	0,031	1,148
55,750	0,032	1,149
55,800	0,031	1,148
55,850	0,032	1,150
55,900	0,032	1,151
55,950	0,032	1,150
56,000	0,034	1,153
56,050	0,034	1,154
56,100	0,034	1,154
56,150	0,034	1,155
56,200	0,035	1,155
56,250	0,035	1,156
56,300	0,036	1,157
56,350	0,037	1,159
56,400	0,038	1,160
56,450	0,038	1,161
56,500	0,040	1,163
56,550	0,040	1,165
56,600	0,041	1,165
56,650	0,042	1,167
56,700	0,043	1,169
56,750	0,043	1,169
56,800	0,044	1,170
56,850	0,045	1,172
56,900	0,046	1,172
56,950	0,047	1,174
57,000	0,048	1,175
57,050	0,048	1,176
57,100	0,048	1,176
57,150	0,049	1,177
57,200	0,050	1,177
57,250	0,050	1,178
57,300	0,051	1,179
57,350	0,052	1,179
57,400	0,053	1,180
57,450	0,053	1,181
57,500	0,052	1,180
57,550	0,053	1,181
57,600	0,056	1,184
57,650	0,058	1,186
57,700	0,058	1,186
57,750	0,060	1,188
57,800	0,061	1,189
57,850	0,061	1,189
57,900	0,061	1,189
57,950	0,062	1,190
58,000	0,063	1,190
58,050	0,064	1,192
58,100	0,065	1,192
58,150	0,065	1,193
58,200	0,066	1,194
58,250	0,067	1,194
58,300	0,068	1,195
58,350	0,069	1,196
58,400	0,070	1,196
58,450	0,070	1,197
58,500	0,071	1,197
58,550	0,071	1,198
58,600	0,072	1,198
58,650	0,073	1,199
58,700	0,073	1,198
58,750	0,073	1,199
58,800	0,073	1,199
58,850	0,073	1,199
58,900	0,073	1,199
58,950	0,073	1,199
59,000	0,073	1,199
59,050	0,073	1,199
59,100	0,073	1,198
59,150	0,073	1,199
59,200	0,073	1,199
59,250	0,073	1,199
59,300	0,073	1,198
59,350	0,072	1,199
59,400	0,073	1,198
59,450	0,073	1,199
59,500	0,073	1,198
59,550	0,073	1,199
59,600	0,073	1,199
59,650	0,073	1,199
59,700	0,073	1,198
59,750	0,073	1,199
59,800	0,073	1,198
59,850	0,073	1,199
59,900	0,073	1,198
59,950	0,073	1,199
60,000	0,073	1,198
60,050	0,073	1,199
60,100	0,073	1,198
60,150	0,073	1,199
60,200	0,073	1,198
60,250	0,073	1,199
60,300	0,074	1,199
60,350	0,076	1,201
60,400	0,075	1,200
60,450	0,077	1,202
60,500	0,079	1,203
60,550	0,080	1,204
60,600	0,083	1,205
60,650	0,084	1,206
60,700	0,084	1,206
60,750	0,084	1,207
60,800	0,085	1,206
60,850	0,086	1,208
60,900	0,087	1,208
60,950	0,089	1,210
61,000	0,090	1,210
61,050	0,091	1,211
61,100	0,092	1,211
61,150	0,094	1,212
61,200	0,095	1,212
61,250	0,096	1,214
61,300	0,098	1,214
61,350	0,100	1,216
61,400	0,102	1,216
61,450	0,103	1,217
61,500	0,105	1,217
61,550	0,107	1,219
61,600	0,108	1,219
61,650	0,110	1,221
61,700	0,114	1,222
61,750	0,117	1,224
61,800	0,120	1,224
61,850	0,120	1,225
61,900	0,121	1,224
61,950	0,121	1,225
62,000	0,121	1,225
62,050	0,124	1,227
62,100	0,125	1,226
62,150	0,126	1,227
62,200	0,126	1,227
62,250	0,126	1,227
62,300	0,126	1,227
62,350	0,126	1,227
62,400	0,127	1,227
62,450	0,131	1,229
62,500	0,134	1,229
62,550	0,135	1,231
62,600	0,135	1,230
62,650	0,135	1,231
62,700	0,135	1,230
62,750	0,135	1,231
62,800	0,137	1,231
62,850	0,137	1,232
62,900	0,138	1,231
62,950	0,139	1,232
63,000	0,140	1,231
63,050	0,142	1,233
63,100	0,144	1,233
63,150	0,145	1,234
63,200	0,146	1,233
63,250	0,147	1,235
63,300	0,147	1,234
63,350	0,147	1,235
63,400	0,149	1,234
63,450	0,150	1,236
63,500	0,151	1,235
63,550	0,153	1,237
63,600	0,155	1,236
63,650	0,156	1,238
63,700	0,159	1,237
63,750	0,160	1,238
63,800	0,162	1,238
63,850	0,164	1,239
63,900	0,166	1,239
63,950	0,168	1,241
64,000	0,169	1,240
64,050	0,170	1,241
64,100	0,171	1,240
64,150	0,172	1,242
64,200	0,173	1,241
64,250	0,175	1,242
64,300	0,178	1,242
64,350	0,179	1,243
64,400	0,182	1,243
64,450	0,183	1,244
64,500	0,185	1,244
64,550	0,186	1,245
64,600	0,187	1,244
64,650	0,188	1,245
64,700	0,189	1,244
64,750	0,191	1,246
64,800	0,193	1,245
64,850	0,195	1,246
64,900	0,197	1,246
64,950	0,199	1,247
65,000	0,201	1,247
65,050	0,203	1,248
65,100	0,205	1,247
65,150	0,207	1,249
65,200	0,208	1,248
65,250	0,209	1,249
65,300	0,211	1,248
65,350	0,212	1,250
65,400	0,214	1,249
65,450	0,216	1,250
65,500	0,218	1,249
65,550	0,219	1,250
65,600	0,222	1,250
65,650	0,224	1,251
65,700	0,227	1,251
65,750	0,229	1,252
65,800	0,230	1,251
65,850	0,232	1,252
65,900	0,234	1,252
65,950	0,235	1,253
66,000	0,236	1,252
66,050	0,236	1,253
66,100	0,236	1,252
66,150	0,236	1,253
66,200	0,236	1,252
66,250	0,236	1,253
66,300	0,236	1,252
66,350	0,236	1,253
66,400	0,236	1,252
66,450	0,236	1,253
66,500	0,236	1,251
66,550	0,236	1,253
66,600	0,236	1,252
66,650	0,236	1,253
66,700	0,236	1,252
66,750	0,236	1,253
66,800	0,236	1,252
66,850	0,236	1,253
66,900	0,236	1,252
66,950	0,236	1,252
67,000	0,236	1,252
67,050	0,236	1,253
67,100	0,236	1,252
67,150	0,236	1,253
67,200	0,236	1,251
67,250	0,237	1,253
67,300	0,237	1,252
67,350	0,239	1,253
67,400	0,239	1,251
67,450	0,240	1,253
67,500	0,241	1,252
67,550	0,242	1,253
67,600	0,244	1,252
67,650	0,245	1,254
67,700	0,246	1,252
67,750	0,246	1,254
67,800	0,247	1,253
67,850	0,248	1,254
67,900	0,250	1,253
67,950	0,250	1,254
68,000	0,251	1,253
68,050	0,252	1,254
68,100	0,253	1,253
68,150	0,255	1,255
68,200	0,255	1,253
68,250	0,256	1,255
68,300	0,258	1,254
68,350	0,259	1,255
68,400	0,259	1,253
68,450	0,261	1,255
68,500	0,261	1,254
68,550	0,263	1,255
68,600	0,265	1,254
68,650	0,268	1,256
68,700	0,270	1,255
68,750	0,270	1,256
68,800	0,270	1,255
68,850	0,270	1,256
68,900	0,270	1,254
68,950	0,270	1,256
69,000	0,273	1,255
69,050	0,275	1,256
69,100	0,276	1,255
69,150	0,276	1,256
69,200	0,276	1,255
69,250	0,277	1,256
69,300	0,279	1,255
69,350	0,279	1,256
69,400	0,280	1,255
69,450	0,280	1,256
69,500	0,280	1,255
69,550	0,281	1,257
69,600	0,282	1,255
69,650	0,283	1,256
69,700	0,283	1,255
69,750	0,284	1,256
69,800	0,284	1,255
69,850	0,286	1,257
69,900	0,287	1,255
69,950	0,288	1,257
70,000	0,289	1,255
70,050	0,290	1,257
70,100	0,292	1,256
70,150	0,293	1,257
70,200	0,294	1,256
70,250	0,295	1,257
70,300	0,296	1,256
70,350	0,297	1,257
70,400	0,299	1,256
70,450	0,299	1,257
70,500	0,301	1,257
70,550	0,301	1,257
70,600	0,303	1,256
70,650	0,304	1,258
70,700	0,305	1,257
70,750	0,307	1,258
70,800	0,307	1,257
70,850	0,308	1,258
70,900	0,309	1,256
70,950	0,310	1,258
71,000	0,311	1,257
71,050	0,312	1,258
71,100	0,313	1,257
71,150	0,314	1,258
71,200	0,315	1,257
71,250	0,316	1,258
71,300	0,317	1,257
71,350	0,318	1,258
71,400	0,319	1,257
71,450	0,320	1,258
71,500	0,321	1,257
71,550	0,322	1,258
71,600	0,323	1,257
71,650	0,324	1,258
71,700	0,324	1,257
71,750	0,325	1,258
71,800	0,327	1,257
71,850	0,327	1,258
71,900	0,328	1,257
71,950	0,330	1,258
72,000	0,330	1,257
72,050	0,330	1,258
72,100	0,329	1,257
72,150	0,330	1,258
72,200	0,329	1,257
72,250	0,329	1,258
72,300	0,330	1,257
72,350	0,330	1,258
72,400	0,330	1,257
72,450	0,330	1,258
72,500	0,330	1,257
72,550	0,330	1,258
72,600	0,330	1,257
72,650	0,330	1,258
72,700	0,330	1,257
72,750	0,331	1,258
72,800	0,331	1,258
72,850	0,331	1,258
72,900	0,330	1,257
72,950	0,330	1,258
73,000	0,330	1,257
73,050	0,330	1,258
73,100	0,331	1,257
73,150	0,332	1,258
73,200	0,332	1,257
73,250	0,333	1,259
73,300	0,334	1,257
73,350	0,335	1,259
73,400	0,337	1,258
73,450	0,338	1,258
73,500	0,339	1,258
73,550	0,341	1,259
73,600	0,342	1,258
73,650	0,343	1,258
73,700	0,345	1,258
73,750	0,347	1,259
73,800	0,349	1,258
73,850	0,351	1,259
73,900	0,352	1,258
73,950	0,353	1,259
74,000	0,354	1,258
74,050	0,356	1,259
74,100	0,358	1,258
74,150	0,360	1,259
74,200	0,361	1,258
74,250	0,362	1,259
74,300	0,364	1,258
74,350	0,366	1,259
74,400	0,369	1,258
74,450	0,371	1,259
74,500	0,373	1,258
74,550	0,374	1,259
74,600	0,374	1,258
74,650	0,375	1,259
74,700	0,377	1,258
74,750	0,379	1,259
74,800	0,380	1,258
74,850	0,381	1,259
74,900	0,382	1,258
74,950	0,383	1,259
75,000	0,383	1,258
75,050	0,384	1,259
75,100	0,386	1,259
75,150	0,387	1,259
75,200	0,389	1,259
75,250	0,391	1,259
75,300	0,393	1,259
75,350	0,395	1,259
75,400	0,396	1,259
75,450	0,397	1,259
75,500	0,398	1,259
75,550	0,398	1,260
75,600	0,399	1,259
75,650	0,399	1,260
75,700	0,399	1,259
75,750	0,399	1,259
75,800	0,399	1,259
75,850	0,399	1,259
75,900	0,399	1,259
75,950	0,400	1,260
76,000	0,399	1,259
76,050	0,400	1,260
76,100	0,399	1,259
76,150	0,399	1,259
76,200	0,399	1,259
76,250	0,399	1,259
76,300	0,400	1,259
76,350	0,399	1,259
76,400	0,399	1,259
76,450	0,399	1,259
76,500	0,400	1,259
76,550	0,404	1,259
76,600	0,408	1,259
76,650	0,410	1,260
76,700	0,410	1,259
76,750	0,411	1,259
76,800	0,413	1,259
76,850	0,414	1,260
76,900	0,416	1,259
76,950	0,417	1,260
77,000	0,419	1,259
77,050	0,420	1,260
77,100	0,422	1,259
77,150	0,423	1,260
77,200	0,423	1,259
77,250	0,423	1,260
77,300	0,423	1,259
77,350	0,423	1,259
77,400	0,424	1,259
77,450	0,424	1,260
77,500	0,424	1,259
77,550	0,426	1,260
77,600	0,427	1,259
77,650	0,427	1,259
77,700	0,429	1,259
77,750	0,430	1,260
77,800	0,431	1,259
77,850	0,433	1,259
77,900	0,435	1,259
77,950	0,436	1,260
78,000	0,437	1,259
78,050	0,438	1,259
78,100	0,439	1,259
78,150	0,440	1,260
78,200	0,441	1,259
78,250	0,441	1,260
78,300	0,441	1,259
78,350	0,442	1,260
78,400	0,443	1,259
78,450	0,444	1,260
78,500	0,444	1,259
78,550	0,445	1,260
78,600	0,445	1,259
78,650	0,446	1,260
78,700	0,447	1,259
78,750	0,448	1,260
78,800	0,449	1,259
78,850	0,450	1,260
78,900	0,451	1,260
78,950	0,452	1,260
79,000	0,452	1,259
79,050	0,453	1,260
79,100	0,453	1,260
79,150	0,453	1,260
79,200	0,453	1,259
79,250	0,453	1,260
79,300	0,453	1,259
79,350	0,453	1,260
79,400	0,453	1,260
79,450	0,453	1,260
79,500	0,453	1,259
79,550	0,453	1,260
79,600	0,453	1,259
79,650	0,453	1,260
79,700	0,454	1,260
79,750	0,454	1,260
79,800	0,453	1,259
79,850	0,454	1,260
79,900	0,453	1,259
79,950	0,454	1,260
80,000	0,454	1,260
80,050	0,453	1,260
80,100	0,453	1,259
80,150	0,454	1,260
80,200	0,454	1,260
80,250	0,454	1,260
80,300	0,454	1,259
80,350	0,455	1,260
80,400	0,456	1,260
80,450	0,456	1,260
80,500	0,456	1,260
80,550	0,456	1,260
80,600	0,457	1,259
80,650	0,459	1,260
80,700	0,460	1,260
80,750	0,460	1,260
80,800	0,460	1,260
80,850	0,460	1,260
80,900	0,460	1,260
80,950	0,461	1,260
81,000	0,461	1,260
81,050	0,461	1,260
81,100	0,461	1,260
81,150	0,461	1,259
81,200	0,462	1,260
81,250	0,463	1,260
81,300	0,463	1,260
81,350	0,463	1,259
81,400	0,464	1,260
81,450	0,464	1,260
81,500	0,464	1,260
81,550	0,464	1,260
81,600	0,465	1,260
81,650	0,465	1,260
81,700	0,465	1,260
81,750	0,465	1,259
81,800	0,465	1,260
81,850	0,465	1,260
81,900	0,465	1,260
81,950	0,465	1,260
82,000	0,465	1,260
82,050	0,465	1,260
82,100	0,465	1,260
82,150	0,465	1,260
82,200	0,465	1,260
82,250	0,465	1,260
82,300	0,465	1,260
82,350	0,465	1,260
82,400	0,465	1,260
82,450	0,465	1,259
82,500	0,464	1,260
82,550	0,465	1,260
82,600	0,465	1,260
82,650	0,464	1,259
82,700	0,465	1,260
82,750	0,465	1,260
82,800	0,465	1,260
82,850	0,465	1,259
82,900	0,465	1,260
82,950	0,465	1,259
83,000	0,465	1,260
83,050	0,465	1,259
83,100	0,465	1,260
83,150	0,465	1,260
83,200	0,465	1,260
83,250	0,465	1,259
83,300	0,465	1,260
83,350	0,465	1,259
83,400	0,465	1,260
83,450	0,465	1,260
83,500	0,465	1,260
83,550	0,465	1,259
83,600	0,465	1,260
83,650	0,465	1,259
83,700	0,465	1,260
83,750	0,465	1,260
83,800	0,465	1,260
83,850	0,465	1,259
83,900	0,465	1,260
83,950	0,465	1,259
84,000	0,464	1,260
84,050	0,465	1,259
84,100	0,465	1,260
84,150	0,465	1,259
84,200	0,465	1,260
84,250	0,465	1,259
84,300	0,465	1,260
84,350	0,465	1,260
84,400	0,465	1,260
84,450	0,465	1,259
84,500	0,465	1,260
84,550	0,465	1,259
84,600	0,465	1,260
84,650	0,465	1,259
84,700	0,465	1,260
84,750	0,465	1,259
84,800	0,465	1,260
84,850	0,465	1,259
84,900	0,465	1,260
84,950	0,465	1,259
85,000	0,465	1,260
85,050	0,465	1,260
85,100	0,465	1,260
85,150	0,465	1,260
85,200	0,465	1,260
85,250	0,465	1,260
85,300	0,465	1,260
85,350	0,465	1,259
85,400	0,465	1,260
85,450	0,465	1,259
85,500	0,465	1,260
85,550	0,465	1,259
85,600	0,465	1,260
85,650	0,465	1,259
85,700	0,465	1,260
85,750	0,465	1,259
85,800	0,465	1,260
85,850	0,465	1,259
85,900	0,465	1,260
85,950	0,465	1,259
86,000	0,465	1,260
86,050	0,465	1,259
86,100	0,465	1,260
86,150	0,465	1,259
86,200	0,465	1,260
86,250	0,465	1,259
86,300	0,465	1,260
86,350	0,465	1,259
86,400	0,465	1,260
86,450	0,465	1,259
86,500	0,465	1,260
86,550	0,465	1,259
86,600	0,465	1,260
86,650	0,465	1,259
86,700	0,465	1,260
86,750	0,465	1,259
86,800	0,465	1,260
86,850	0,465	1,259
86,900	0,465	1,260
86,950	0,464	1,259
87,000	0,465	1,260
87,050	0,465	1,259
87,100	0,465	1,260
87,150	0,465	1,259
87,200	0,465	1,260
87,250	0,465	1,259
87,300	0,465	1,260
87,350	0,465	1,259
87,400	0,465	1,260
87,450	0,465	1,259
87,500	0,465	1,260
87,550	0,465	1,259
87,600	0,465	1,260
87,650	0,465	1,259
87,700	0,465	1,260
87,750	0,465	1,259
87,800	0,465	1,260
87,850	0,465	1,259
87,900	0,465	1,260
87,950	0,465	1,259
88,000	0,465	1,260
88,050	0,465	1,259
88,100	0,465	1,260
88,150	0,463	1,259
88,200	0,462	1,260
88,250	0,461	1,259
88,300	0,461	1,260
88,350	0,461	1,259
88,400	0,460	1,260
88,450	0,459	1,259
88,500	0,458	1,260
88,550	0,457	1,259
88,600	0,457	1,260
88,650	0,456	1,259
88,700	0,455	1,260
88,750	0,454	1,259
88,800	0,453	1,260
88,850	0,452	1,259
88,900	0,450	1,260
88,950	0,449	1,259
89,000	0,447	1,259
89,050	0,446	1,259
89,100	0,446	1,260
89,150	0,445	1,259
89,200	0,444	1,260
89,250	0,442	1,259
89,300	0,440	1,259
89,350	0,439	1,258
89,400	0,438	1,259
89,450	0,436	1,258
89,500	0,435	1,259
89,550	0,433	1,258
89,600	0,431	1,259
89,650	0,429	1,258
89,700	0,427	1,259
89,750	0,426	1,258
89,800	0,426	1,259
89,850	0,425	1,258
89,900	0,424	1,259
89,950	0,424	1,258
90,000	0,423	1,259
90,050	0,423	1,258
90,100	0,423	1,259
90,150	0,422	1,258
90,200	0,423	1,259
90,250	0,423	1,258
90,300	0,422	1,259
90,350	0,422	1,258
90,400	0,421	1,259
90,450	0,421	1,258
90,500	0,421	1,259
90,550	0,420	1,258
90,600	0,420	1,259
90,650	0,419	1,258
90,700	0,419	1,259
90,750	0,418	1,258
90,800	0,418	1,259
90,850	0,417	1,258
90,900	0,416	1,259
90,950	0,415	1,258
91,000	0,415	1,259
91,050	0,415	1,258
91,100	0,414	1,259
91,150	0,413	1,258
91,200	0,413	1,259
91,250	0,412	1,258
91,300	0,412	1,259
91,350	0,411	1,258
91,400	0,410	1,259
91,450	0,409	1,258
91,500	0,409	1,259
91,550	0,409	1,258
91,600	0,408	1,259
91,650	0,407	1,258
91,700	0,407	1,259
91,750	0,406	1,258
91,800	0,405	1,259
91,850	0,404	1,258
91,900	0,404	1,259
91,950	0,403	1,258
92,000	0,402	1,259
92,050	0,401	1,258
92,100	0,399	1,259
92,150	0,398	1,257
92,200	0,398	1,259
92,250	0,397	1,258
92,300	0,396	1,259
92,350	0,395	1,257
92,400	0,395	1,259
92,450	0,394	1,257
92,500	0,394	1,259
92,550	0,392	1,257
92,600	0,392	1,258
92,650	0,391	1,257
92,700	0,390	1,258
92,750	0,390	1,257
92,800	0,390	1,258
92,850	0,390	1,257
92,900	0,390	1,258
92,950	0,390	1,257
93,000	0,390	1,259
93,050	0,390	1,257
93,100	0,390	1,259
93,150	0,390	1,257
93,200	0,390	1,258
93,250	0,390	1,257
93,300	0,390	1,259
93,350	0,390	1,257
93,400	0,390	1,259
93,450	0,390	1,257
93,500	0,390	1,258
93,550	0,390	1,257
93,600	0,389	1,258
93,650	0,384	1,257
93,700	0,382	1,258
93,750	0,382	1,257
93,800	0,382	1,258
93,850	0,382	1,257
93,900	0,382	1,258
93,950	0,380	1,257
94,000	0,380	1,258
94,050	0,380	1,257
94,100	0,380	1,258
94,150	0,380	1,257
94,200	0,378	1,258
94,250	0,378	1,257
94,300	0,378	1,258
94,350	0,378	1,257
94,400	0,378	1,258
94,450	0,378	1,257
94,500	0,378	1,258
94,550	0,377	1,257
94,600	0,377	1,258
94,650	0,377	1,257
94,700	0,377	1,258
94,750	0,377	1,257
94,800	0,376	1,258
94,850	0,376	1,257
94,900	0,375	1,258
94,950	0,375	1,257
95,000	0,376	1,258
95,050	0,375	1,257
95,100	0,375	1,258
95,150	0,374	1,257
95,200	0,374	1,258
95,250	0,373	1,257
95,300	0,373	1,258
95,350	0,372	1,257
95,400	0,371	1,258
95,450	0,370	1,257
95,500	0,369	1,258
95,550	0,369	1,257
95,600	0,368	1,258
95,650	0,368	1,257
95,700	0,367	1,258
95,750	0,367	1,257
95,800	0,366	1,258
95,850	0,365	1,256
95,900	0,364	1,258
95,950	0,364	1,257
96,000	0,363	1,258
96,050	0,363	1,256
96,100	0,363	1,258
96,150	0,362	1,257
96,200	0,361	1,257
96,250	0,360	1,257
96,300	0,360	1,258
96,350	0,359	1,257
96,400	0,358	1,258
96,450	0,357	1,256
96,500	0,358	1,258
96,550	0,357	1,256
96,600	0,357	1,258
96,650	0,357	1,256
96,700	0,356	1,258
96,750	0,356	1,257
96,800	0,356	1,258
96,850	0,356	1,256
96,900	0,355	1,258
96,950	0,355	1,256
97,000	0,354	1,258
97,050	0,354	1,256
97,100	0,354	1,258
97,150	0,354	1,256
97,200	0,353	1,257
97,250	0,352	1,256
97,300	0,352	1,257
97,350	0,352	1,256
97,400	0,352	1,257
97,450	0,351	1,256
97,500	0,351	1,257
97,550	0,349	1,256
97,600	0,349	1,257
97,650	0,348	1,256
97,700	0,347	1,257
97,750	0,347	1,256
97,800	0,348	1,258
97,850	0,347	1,256
97,900	0,347	1,257
97,950	0,347	1,256
98,000	0,347	1,257
98,050	0,348	1,256
98,100	0,347	1,257
98,150	0,347	1,256
98,200	0,347	1,257
98,250	0,347	1,256
98,300	0,348	1,257
98,350	0,347	1,256
98,400	0,347	1,257
98,450	0,347	1,256
98,500	0,347	1,257
98,550	0,347	1,256
98,600	0,347	1,257
98,650	0,347	1,256
98,700	0,347	1,257
98,750	0,347	1,256
98,800	0,347	1,257
98,850	0,347	1,256
98,900	0,347	1,257
98,950	0,347	1,256
99,000	0,347	1,257
99,050	0,347	1,256
99,100	0,346	1,257
99,150	0,346	1,256
99,200	0,345	1,257
99,250	0,345	1,256
99,300	0,345	1,257
99,350	0,345	1,256
99,400	0,344	1,257
99,450	0,343	1,256
99,500	0,343	1,257
99,550	0,343	1,256
99,600	0,343	1,257
99,650	0,343	1,256
99,700	0,343	1,257
99,750	0,341	1,256
99,800	0,340	1,257
99,850	0,340	1,256
99,900	0,340	1,257
99,950	0,340	1,256
100,000	0,340	1,257
100,050	0,340	1,256
100,100	0,340	1,257
100,150	0,340	1,256
100,200	0,340	1,257
100,250	0,340	1,256
100,300	0,340	1,257
100,350	0,340	1,256
100,400	0,340	1,257
100,450	0,340	1,256
100,500	0,340	1,257
100,550	0,340	1,256
100,600	0,340	1,257
100,650	0,340	1,256
100,700	0,340	1,257
100,750	0,341	1,256
100,800	0,340	1,257
100,850	0,340	1,256
100,900	0,340	1,257
100,950	0,340	1,256
101,000	0,341	1,257
101,050	0,340	1,256
101,100	0,340	1,257
101,150	0,340	1,256
101,200	0,341	1,257
101,250	0,339	1,256
101,300	0,332	1,256
101,350	0,330	1,255
101,400	0,330	1,256
101,450	0,330	1,255
101,500	0,328	1,256
101,550	0,327	1,256
101,600	0,326	1,256
101,650	0,325	1,255
101,700	0,324	1,256
101,750	0,323	1,255
101,800	0,322	1,256
101,850	0,321	1,255
101,900	0,319	1,256
101,950	0,318	1,255
102,000	0,317	1,256
102,050	0,315	1,255
102,100	0,315	1,256
102,150	0,315	1,255
102,200	0,314	1,256
102,250	0,313	1,255
102,300	0,311	1,256
102,350	0,310	1,255
102,400	0,309	1,256
102,450	0,307	1,255
102,500	0,306	1,256
102,550	0,304	1,255
102,600	0,303	1,256
102,650	0,302	1,255
102,700	0,301	1,255
102,750	0,300	1,254
102,800	0,299	1,255
102,850	0,298	1,254
102,900	0,297	1,255
102,950	0,296	1,254
103,000	0,295	1,255
103,050	0,294	1,254
103,100	0,294	1,255
103,150	0,293	1,254
103,200	0,292	1,255
103,250	0,291	1,254
103,300	0,291	1,255
103,350	0,290	1,254
103,400	0,288	1,255
103,450	0,287	1,254
103,500	0,287	1,255
103,550	0,287	1,254
103,600	0,286	1,255
103,650	0,285	1,254
103,700	0,285	1,255
103,750	0,284	1,254
103,800	0,284	1,254
103,850	0,283	1,254
103,900	0,282	1,254
103,950	0,282	1,254
104,000	0,282	1,254
104,050	0,282	1,254
104,100	0,281	1,254
104,150	0,281	1,253
104,200	0,281	1,254
104,250	0,279	1,254
104,300	0,276	1,254
104,350	0,274	1,253
104,400	0,274	1,254
104,450	0,274	1,253
104,500	0,274	1,254
104,550	0,274	1,253
104,600	0,273	1,254
104,650	0,272	1,253
104,700	0,271	1,253
104,750	0,271	1,253
104,800	0,270	1,254
104,850	0,269	1,253
104,900	0,269	1,253
104,950	0,267	1,252
105,000	0,266	1,253
105,050	0,265	1,252
105,100	0,264	1,253
105,150	0,264	1,252
105,200	0,264	1,253
105,250	0,262	1,252
105,300	0,260	1,253
105,350	0,260	1,252
105,400	0,260	1,253
105,450	0,259	1,252
105,500	0,259	1,253
105,550	0,259	1,252
105,600	0,260	1,253
105,650	0,260	1,252
105,700	0,259	1,253
105,750	0,259	1,252
105,800	0,260	1,253
105,850	0,260	1,252
105,900	0,259	1,253
105,950	0,260	1,252
106,000	0,259	1,252
106,050	0,259	1,252
106,100	0,259	1,252
106,150	0,259	1,252
106,200	0,259	1,253
106,250	0,259	1,252
106,300	0,259	1,252
106,350	0,260	1,252
106,400	0,259	1,253
106,450	0,253	1,251
106,500	0,249	1,252
106,550	0,247	1,251
106,600	0,247	1,251
106,650	0,247	1,251
106,700	0,246	1,251
106,750	0,244	1,250
106,800	0,243	1,251
106,850	0,242	1,250
106,900	0,241	1,251
106,950	0,240	1,250
107,000	0,240	1,251
107,050	0,240	1,250
107,100	0,239	1,251
107,150	0,238	1,250
107,200	0,236	1,250
107,250	0,235	1,250
107,300	0,233	1,250
107,350	0,232	1,249
107,400	0,232	1,250
107,450	0,231	1,249
107,500	0,230	1,249
107,550	0,230	1,249
107,600	0,228	1,249
107,650	0,227	1,249
107,700	0,226	1,249
107,750	0,225	1,248
107,800	0,224	1,249
107,850	0,223	1,248
107,900	0,222	1,248
107,950	0,221	1,248
108,000	0,220	1,248
108,050	0,219	1,247
108,100	0,218	1,248
108,150	0,217	1,247
108,200	0,216	1,248
108,250	0,215	1,247
108,300	0,214	1,247
108,350	0,212	1,247
108,400	0,211	1,247
108,450	0,211	1,246
108,500	0,210	1,247
108,550	0,209	1,246
108,600	0,208	1,247
108,650	0,207	1,246
108,700	0,205	1,246
108,750	0,205	1,245
108,800	0,204	1,245
108,850	0,203	1,245
108,900	0,202	1,245
108,950	0,201	1,245
109,000	0,200	1,245
109,050	0,198	1,244
109,100	0,197	1,245
109,150	0,196	1,244
109,200	0,195	1,244
109,250	0,195	1,243
109,300	0,195	1,244
109,350	0,194	1,243
109,400	0,194	1,244
109,450	0,193	1,243
109,500	0,192	1,243
109,550	0,190	1,242
109,600	0,190	1,243
109,650	0,188	1,242
109,700	0,186	1,242
109,750	0,185	1,241
109,800	0,185	1,242
109,850	0,185	1,241
109,900	0,185	1,242
109,950	0,184	1,241
110,000	0,184	1,242
110,050	0,182	1,241
110,100	0,181	1,241
110,150	0,181	1,241
110,200	0,181	1,241
110,250	0,181	1,240
110,300	0,181	1,241
110,350	0,181	1,241
110,400	0,181	1,241
110,450	0,181	1,240
110,500	0,181	1,241
110,550	0,181	1,241
110,600	0,181	1,241
110,650	0,180	1,240
110,700	0,178	1,240
110,750	0,175	1,239
110,800	0,174	1,239
110,850	0,173	1,239
110,900	0,171	1,239
110,950	0,169	1,238
111,000	0,168	1,238
111,050	0,167	1,237
111,100	0,166	1,237
111,150	0,165	1,237
111,200	0,163	1,237
111,250	0,162	1,236
111,300	0,161	1,236
111,350	0,160	1,235
111,400	0,159	1,236
111,450	0,158	1,235
111,500	0,158	1,235
111,550	0,156	1,234
111,600	0,155	1,234
111,650	0,155	1,234
111,700	0,155	1,234
111,750	0,154	1,234
111,800	0,154	1,234
111,850	0,153	1,234
111,900	0,153	1,234
111,950	0,152	1,233
112,000	0,151	1,233
112,050	0,149	1,232
112,100	0,149	1,232
112,150	0,149	1,232
112,200	0,147	1,232
112,250	0,147	1,232
112,300	0,146	1,232
112,350	0,145	1,231
112,400	0,144	1,231
112,450	0,143	1,230
112,500	0,143	1,231
112,550	0,141	1,230
112,600	0,140	1,230
112,650	0,140	1,229
112,700	0,139	1,229
112,750	0,137	1,228
112,800	0,136	1,229
112,850	0,134	1,227
112,900	0,133	1,227
112,950	0,133	1,227
113,000	0,132	1,227
113,050	0,133	1,227
113,100	0,132	1,227
113,150	0,132	1,227
113,200	0,132	1,227
113,250	0,132	1,227
113,300	0,132	1,227
113,350	0,132	1,226
113,400	0,132	1,227
113,450	0,132	1,226
113,500	0,132	1,227
113,550	0,132	1,227
113,600	0,132	1,227
113,650	0,132	1,227
113,700	0,132	1,227
113,750	0,132	1,226
113,800	0,132	1,227
113,850	0,132	1,226
113,900	0,132	1,227
113,950	0,132	1,226
114,000	0,132	1,227
114,050	0,132	1,227
114,100	0,132	1,227
114,150	0,131	1,226
114,200	0,129	1,226
114,250	0,127	1,225
114,300	0,126	1,225
114,350	0,126	1,224
114,400	0,126	1,225
114,450	0,124	1,223
114,500	0,122	1,223
114,550	0,122	1,223
114,600	0,122	1,223
114,650	0,122	1,222
114,700	0,122	1,223
114,750	0,121	1,222
114,800	0,119	1,222
114,850	0,118	1,221
114,900	0,118	1,222
114,950	0,118	1,221
115,000	0,117	1,221
115,050	0,117	1,221
115,100	0,117	1,221
115,150	0,116	1,220
115,200	0,115	1,220
115,250	0,114	1,219
115,300	0,114	1,220
115,350	0,113	1,219
115,400	0,112	1,219
115,450	0,110	1,218
115,500	0,110	1,218
115,550	0,108	1,217
115,600	0,107	1,217
115,650	0,106	1,216
115,700	0,105	1,216
115,750	0,105	1,215
115,800	0,104	1,215
115,850	0,102	1,214
115,900	0,100	1,213
115,950	0,098	1,212
116,000	0,097	1,212
116,050	0,097	1,211
116,100	0,097	1,212
116,150	0,097	1,211
116,200	0,097	1,212
116,250	0,097	1,212
116,300	0,097	1,212
116,350	0,097	1,211
116,400	0,097	1,212
116,450	0,097	1,211
116,500	0,097	1,212
116,550	0,097	1,211
116,600	0,097	1,212
116,650	0,097	1,211
116,700	0,097	1,212
116,750	0,097	1,211
116,800	0,097	1,212
116,850	0,097	1,211
116,900	0,097	1,212
116,950	0,097	1,211
117,000	0,097	1,212
117,050	0,097	1,211
117,100	0,095	1,211
117,150	0,096	1,211
117,200	0,096	1,211
117,250	0,095	1,210
117,300	0,091	1,208
117,350	0,087	1,205
117,400	0,085	1,205
117,450	0,085	1,205
117,500	0,085	1,205
117,550	0,085	1,204
117,600	0,085	1,205
117,650	0,080	1,202
117,700	0,079	1,201
117,750	0,076	1,199
117,800	0,075	1,199
117,850	0,075	1,198
117,900	0,075	1,198
117,950	0,073	1,197
118,000	0,071	1,196
118,050	0,071	1,195
118,100	0,071	1,196
118,150	0,070	1,195
118,200	0,071	1,195
118,250	0,070	1,195
118,300	0,068	1,194
118,350	0,068	1,193
118,400	0,067	1,193
118,450	0,066	1,191
118,500	0,066	1,192
118,550	0,066	1,191
118,600	0,065	1,191
118,650	0,063	1,189
118,700	0,063	1,189
118,750	0,063	1,188
118,800	0,062	1,188
118,850	0,060	1,186
118,900	0,058	1,185
118,950	0,056	1,182
119,000	0,054	1,181
119,050	0,053	1,180
119,100	0,052	1,180
119,150	0,052	1,178
119,200	0,050	1,177
119,250	0,048	1,174
119,300	0,048	1,174
119,350	0,047	1,173
119,400	0,047	1,173
119,450	0,046	1,172
119,500	0,045	1,170
119,550	0,044	1,169
119,600	0,043	1,169
119,650	0,043	1,168
119,700	0,043	1,168
119,750	0,043	1,168
119,800	0,043	1,168
119,850	0,043	1,168
119,900	0,043	1,168
119,950	0,043	1,168
120,000	0,043	1,168
120,050	0,043	1,168
120,100	0,043	1,168
120,150	0,043	1,168
120,200	0,043	1,168
120,250	0,043	1,167
120,300	0,043	1,168
120,350	0,043	1,168
120,400	0,043	1,168
120,450	0,043	1,168
120,500	0,043	1,168
120,550	0,043	1,168
120,600	0,043	1,168
120,650	0,042	1,166
120,700	0,038	1,162
120,750	0,035	1,157
120,800	0,035	1,157
120,850	0,034	1,155
120,900	0,034	1,156
120,950	0,034	1,155
121,000	0,033	1,154
121,050	0,030	1,149
121,100	0,029	1,147
121,150	0,031	1,149
121,200	0,030	1,148
121,250	0,030	1,148
121,300	0,030	1,149
121,350	0,030	1,147
121,400	0,028	1,144
121,450	0,027	1,141
121,500	0,027	1,141
121,550	0,027	1,142
121,600	0,026	1,141
121,650	0,026	1,139
121,700	0,026	1,140
121,750	0,026	1,140
121,800	0,026	1,139
121,850	0,025	1,136
121,900	0,025	1,137
121,950	0,024	1,135
122,000	0,024	1,135
122,050	0,024	1,134
122,100	0,023	1,133
122,150	0,022	1,130
122,200	0,023	1,132
122,250	0,023	1,131
122,300	0,021	1,129
122,350	0,021	1,126
122,400	0,020	1,125
122,450	0,019	1,122
122,500	0,019	1,120
122,550	0,018	1,118
122,600	0,018	1,117
122,650	0,017	1,113
122,700	0,017	1,113
122,750	0,017	1,112
122,800	0,016	1,111
122,850	0,015	1,106
122,900	0,014	1,103
122,950	0,013	1,100
123,000	0,014	1,101
123,050	0,015	1,102
123,100	0,014	1,102
123,150	0,014	1,101
123,200	0,014	1,102
123,250	0,015	1,102
123,300	0,014	1,102
123,350	0,014	1,101
123,400	0,014	1,102
123,450	0,014	1,101
123,500	0,014	1,102
123,550	0,014	1,101
123,600	0,014	1,102
123,650	0,014	1,101
123,700	0,014	1,102
123,750	0,014	1,101
123,800	0,014	1,102
123,850	0,014	1,101
123,900	0,014	1,102
123,950	0,014	1,101
124,000	0,014	1,102
124,050	0,014	1,101
124,100	0,014	1,102
124,150	0,014	1,101
124,200	0,014	1,101
124,250	0,014	1,101
124,300	0,014	1,102
124,350	0,014	1,101
124,400	0,014	1,101
124,450	0,013	1,098
124,500	0,011	1,087
124,550	0,010	1,074
124,600	0,009	1,070
124,650	0,010	1,073
124,700	0,011	1,079
124,750	0,010	1,072
124,800	0,008	1,055
124,850	0,006	1,034
124,900	0,006	1,024
124,950	0,006	1,024
125,000	0,007	1,033
125,050	0,008	1,040
125,100	0,007	1,034
125,150	0,005	1,015
125,200	0,004	0,991
125,250	0,003	0,967
125,300	0,002	0,951
125,350	0,002	0,944
125,400	0,003	0,947
125,450	0,004	0,956
125,500	0,004	0,966
125,550	0,004	0,967
125,600	0,003	0,958
125,650	0,002	0,940
125,700	0,001	0,922
125,750	0,001	0,905
125,800	0,001	0,892
125,850	0,001	0,881
125,900	7,648E-4	0,874
125,950	0,001	0,870
126,000	7,465E-4	0,869
126,050	0,001	0,871
126,100	0,002	0,874
126,150	0,001	0,876
126,200	0,002	0,878
126,250	0,002	0,878
126,300	0,002	0,877
126,350	0,001	0,876
126,400	0,001	0,875
126,450	0,001	0,875
126,500	0,001	0,876
126,550	0,002	0,876
126,600	0,002	0,877
126,650	0,001	0,876
126,700	0,001	0,876
126,750	0,001	0,875
126,800	0,002	0,876
126,850	0,002	0,876
126,900	0,002	0,877
126,950	0,002	0,876
127,000	0,002	0,877
127,050	0,001	0,876
127,100	0,002	0,876
127,150	0,002	0,879
127,200	0,002	0,888
127,250	0,002	0,891
127,300	0,002	0,890
127,350	0,001	0,885
127,400	0,001	0,880
127,450	0,001	0,875
127,500	0,001	0,873
127,550	0,001	0,873
127,600	0,001	0,876
127,650	0,002	0,877
127,700	0,002	0,879
127,750	0,001	0,879
127,800	0,002	0,879
127,850	0,001	0,877
127,900	0,001	0,877
127,950	0,002	0,876
128,000	0,001	0,877
128,050	0,002	0,877
128,100	0,001	0,878
128,150	0,002	0,878
128,200	0,002	0,878
128,250	0,002	0,877
128,300	0,001	0,877
128,350	0,001	0,877
128,400	0,001	0,877
128,450	0,002	0,877
128,500	0,001	0,878
128,550	0,001	0,877
128,600	0,002	0,878
128,650	0,002	0,877
128,700	0,001	0,877
128,750	0,002	0,877
128,800	0,001	0,878
128,850	0,002	0,877
128,900	0,002	0,878
128,950	0,001	0,877
129,000	0,001	0,877
129,050	0,002	0,877
129,100	0,001	0,878
129,150	0,001	0,877
129,200	0,002	0,878
129,250	0,001	0,877
129,300	0,001	0,877
129,350	0,001	0,877
129,400	0,002	0,878
129,450	0,001	0,877
129,500	0,002	0,878
129,550	0,002	0,877
129,600	0,001	0,878
129,650	0,002	0,877
129,700	0,002	0,878
129,750	0,002	0,877
129,800	0,001	0,878
129,850	0,002	0,877
129,900	0,002	0,878
129,950	0,002	0,877
130,000	0,002	0,878
130,050	0,001	0,877
130,100	0,002	0,878
130,150	0,002	0,877
130,200	0,002	0,878
130,250	0,001	0,877
130,300	0,002	0,878
130,350	0,002	0,877
130,400	0,001	0,877
130,450	0,002	0,877
130,500	0,001	0,877
130,550	0,001	0,877
130,600	0,001	0,877
130,650	0,002	0,878
130,700	0,001	0,877
130,750	0,002	0,877
130,800	0,002	0,878
130,850	0,001	0,877
130,900	0,001	0,877
130,950	0,002	0,877
131,000	0,001	0,877
131,050	0,002	0,877
131,100	0,001	0,878
131,150	0,001	0,877
131,200	0,002	0,878
131,250	0,002	0,877
131,300	0,002	0,877
131,350	0,002	0,877
131,400	0,002	0,878
131,450	0,001	0,877
131,500	0,002	0,878
131,550	0,002	0,877
131,600	0,001	0,877
131,650	0,001	0,877
131,700	0,002	0,878
131,750	0,001	0,877
131,800	0,001	0,877
131,850	0,002	0,877
131,900	0,002	0,878
131,950	0,002	0,877
132,000	0,001	0,877
132,050	0,002	0,877
132,100	0,001	0,877
132,150	0,001	0,877
132,200	0,002	0,878
132,250	0,001	0,877
132,300	0,001	0,877
132,350	0,001	0,877
132,400	0,002	0,878
132,450	0,001	0,877
132,500	0,002	0,877
132,550	0,001	0,877
132,600	0,001	0,877
132,650	0,002	0,877
132,700	0,001	0,877
132,750	0,001	0,877
132,800	0,002	0,878
132,850	0,002	0,878
132,900	0,002	0,878
132,950	0,001	0,877
133,000	0,002	0,877
133,050	0,001	0,877
133,100	0,001	0,877
133,150	0,002	0,877
133,200	0,001	0,877
133,250	0,002	0,877
133,300	0,001	0,877
133,350	0,002	0,878
133,400	0,002	0,878
133,450	0,001	0,877
133,500	0,002	0,877
133,550	0,002	0,878
133,600	0,001	0,877
133,650	0,002	0,878
133,700	0,001	0,877
133,750	0,002	0,877
133,800	0,002	0,877
133,850	0,001	0,877
133,900	0,002	0,877
133,950	0,002	0,878
134,000	0,002	0,878
134,050	0,001	0,878
134,100	0,002	0,878
134,150	0,002	0,879
134,200	0,002	0,879
134,250	0,002	0,879
134,300	0,002	0,878
134,350	0,002	0,879
134,400	0,002	0,879
134,450	0,002	0,879
134,500	0,001	0,878
134,550	0,002	0,879
134,600	0,002	0,878
134,650	0,001	0,878
134,700	0,002	0,879
134,750	0,001	0,878
134,800	0,002	0,878
134,850	0,002	0,879
134,900	0,002	0,878
134,950	0,002	0,879
135,000	0,002	0,878
135,050	0,002	0,879
135,100	0,001	0,878
135,150	0,002	0,879
135,200	0,002	0,878
135,250	0,002	0,879
135,300	0,002	0,878
135,350	0,002	0,879
135,400	0,002	0,878
135,450	0,002	0,879
135,500	0,001	0,878
135,550	0,002	0,879
135,600	0,002	0,878
135,650	0,002	0,879
135,700	0,002	0,879
135,750	0,002	0,879
135,800	0,002	0,878
135,850	0,002	0,879
135,900	0,001	0,878
135,950	0,002	0,879
136,000	0,002	0,878
136,050	0,002	0,879
136,100	0,001	0,878
136,150	0,002	0,879
136,200	0,002	0,878
136,250	0,002	0,879
136,300	0,002	0,878
136,350	0,001	0,879
136,400	0,002	0,878
136,450	0,002	0,879
136,500	0,002	0,878
136,550	0,002	0,879
136,600	0,002	0,878
136,650	0,002	0,879
136,700	0,002	0,878
136,750	0,002	0,879
136,800	0,002	0,878
136,850	0,001	0,879
136,900	0,001	0,878
136,950	0,002	0,879
137,000	0,001	0,878
137,050	0,002	0,879
137,100	0,002	0,878
137,150	0,002	0,879
137,200	0,002	0,878
137,250	0,002	0,879
137,300	0,002	0,878
137,350	0,002	0,879
137,400	0,002	0,878
137,450	0,002	0,879
137,500	0,001	0,878
137,550	0,002	0,879
137,600	0,002	0,878
137,650	0,002	0,879
137,700	0,002	0,878
137,750	0,002	0,879
137,800	0,002	0,878
137,850	0,001	0,871
137,900	7,941E-4	0,855
137,950	8,673E-4	0,847
138,000	9,296E-4	0,843
138,050	9,979E-4	0,844
138,100	0,001	0,848
138,150	0,002	0,854
138,200	0,002	0,857
138,250	0,002	0,861
138,300	0,002	0,862
138,350	0,002	0,862
138,400	0,002	0,859
138,450	0,002	0,858
138,500	0,002	0,856
138,550	0,001	0,857
138,600	0,002	0,857
138,650	0,002	0,859
138,700	0,002	0,857
138,750	0,001	0,854
138,800	0,001	0,851
138,850	0,001	0,850
138,900	0,001	0,845
138,950	8,820E-4	0,840
139,000	0,001	0,831
139,050	0,001	0,819
139,100	8,868E-4	0,800
139,150	6,232E-4	0,777
139,200	4,681E-4	0,745
139,250	7,233E-4	0,706
139,300	5,243E-4	0,656
139,350	5,255E-4	0,599
139,400	2,814E-4	0,528
139,450	-3,558E-4	0,447
139,500	-0,001	0,358
139,550	-0,003	0,271
139,600	-0,008	0,201
139,650	-0,010	0,176
139,700	-0,005	0,199
139,750	-0,002	0,241
139,800	-4,156E-4	0,275
139,850	6,000E-4	0,301
139,900	5,377E-4	0,310
139,950	-2,362E-4	0,304
140,000	-0,001	0,282
140,050	-0,003	0,259
140,100	-0,004	0,241
140,150	-0,004	0,237
140,200	-0,003	0,244
140,250	-0,002	0,259
140,300	-8,698E-4	0,269
140,350	-9,845E-4	0,273
140,400	-0,001	0,268
140,450	-0,002	0,261
140,500	-0,003	0,253
140,550	-0,003	0,252
140,600	-0,003	0,254
140,650	-0,002	0,257
140,700	-0,002	0,255
140,750	-0,003	0,253
140,800	-0,003	0,251
140,850	-0,003	0,252
140,900	-0,003	0,253
140,950	-0,003	0,255
141,000	-0,002	0,254
141,050	-0,003	0,254
141,100	-0,003	0,252
141,150	-0,003	0,249
141,200	-0,004	0,244
141,250	-0,004	0,242
141,300	-0,004	0,241
141,350	-0,003	0,245
141,400	-0,003	0,246
141,450	-0,003	0,247
141,500	-0,003	0,245
141,550	-0,004	0,244
141,600	-0,004	0,240
141,650	-0,004	0,237
141,700	-0,005	0,233
141,750	-0,004	0,234
141,800	-0,004	0,235
141,850	-0,004	0,237
141,900	-0,005	0,233
141,950	-0,005	0,226
142,000	-0,006	0,216
142,050	-0,006	0,210
142,100	-0,006	0,209
142,150	-0,006	0,214
142,200	-0,005	0,217
142,250	-0,005	0,218
142,300	-0,006	0,213
142,350	-0,006	0,208
142,400	-0,007	0,203
142,450	-0,007	0,205
142,500	-0,006	0,208
142,550	-0,006	0,211
142,600	-0,006	0,208
142,650	-0,007	0,203
142,700	-0,007	0,198
142,750	-0,008	0,197
142,800	-0,008	0,195
142,850	-0,008	0,196
142,900	-0,008	0,196
142,950	-0,007	0,197
143,000	-0,008	0,192
143,050	-0,009	0,189
143,100	-0,009	0,185
143,150	-0,009	0,186
143,200	-0,009	0,184
143,250	-0,009	0,185
143,300	-0,009	0,183
143,350	-0,009	0,184
143,400	-0,010	0,182
143,450	-0,010	0,180
143,500	-0,010	0,175
143,550	-0,011	0,173
143,600	-0,011	0,170
143,650	-0,011	0,170
143,700	-0,011	0,167
143,750	-0,011	0,167
143,800	-0,012	0,162
143,850	-0,013	0,158
143,900	-0,013	0,154
143,950	-0,013	0,155
144,000	-0,013	0,154
144,050	-0,013	0,155
144,100	-0,014	0,151
144,150	-0,015	0,149
144,200	-0,015	0,145
144,250	-0,015	0,145
144,300	-0,014	0,146
144,350	-0,015	0,147
144,400	-0,015	0,142
144,450	-0,016	0,142
144,500	-0,015	0,143
144,550	-0,015	0,143
144,600	-0,017	0,139
144,650	-0,017	0,139
144,700	-0,016	0,140
144,750	-0,016	0,141
144,800	-0,017	0,136
144,850	-0,017	0,136
144,900	-0,017	0,137
144,950	-0,017	0,137
145,000	-0,018	0,133
145,050	-0,018	0,134
145,100	-0,018	0,132
145,150	-0,018	0,133
145,200	-0,018	0,132
145,250	-0,019	0,132
145,300	-0,019	0,128
145,350	-0,020	0,129
145,400	-0,019	0,130
145,450	-0,019	0,130
145,500	-0,020	0,126
145,550	-0,020	0,127
145,600	-0,020	0,125
145,650	-0,020	0,126
145,700	-0,021	0,122
145,750	-0,022	0,122
145,800	-0,022	0,120
145,850	-0,022	0,122
145,900	-0,022	0,121
145,950	-0,022	0,121
146,000	-0,022	0,120
146,050	-0,022	0,122
146,100	-0,022	0,119
146,150	-0,023	0,119
146,200	-0,023	0,118
146,250	-0,022	0,120
146,300	-0,023	0,118
146,350	-0,023	0,119
146,400	-0,024	0,116
146,450	-0,023	0,118
146,500	-0,023	0,116
146,550	-0,025	0,114
146,600	-0,026	0,111
146,650	-0,026	0,111
146,700	-0,027	0,108
146,750	-0,028	0,107
146,800	-0,028	0,105
146,850	-0,029	0,105
146,900	-0,029	0,102
146,950	-0,030	0,103
147,000	-0,031	0,100
147,050	-0,031	0,100
147,100	-0,031	0,099
147,150	-0,031	0,100
147,200	-0,031	0,099
147,250	-0,031	0,100
147,300	-0,032	0,097
147,350	-0,032	0,097
147,400	-0,032	0,096
147,450	-0,033	0,097
147,500	-0,034	0,094
147,550	-0,036	0,092
147,600	-0,038	0,088
147,650	-0,038	0,088
147,700	-0,039	0,086
147,750	-0,040	0,085
147,800	-0,041	0,083
147,850	-0,042	0,083
147,900	-0,043	0,081
147,950	-0,042	0,082
148,000	-0,042	0,081
148,050	-0,043	0,082
148,100	-0,043	0,081
148,150	-0,044	0,081
148,200	-0,044	0,080
148,250	-0,043	0,081
148,300	-0,044	0,080
148,350	-0,044	0,080
148,400	-0,044	0,079
148,450	-0,045	0,080
148,500	-0,046	0,077
148,550	-0,046	0,078
148,600	-0,046	0,076
148,650	-0,047	0,077
148,700	-0,047	0,075
148,750	-0,048	0,076
148,800	-0,048	0,074
148,850	-0,048	0,075
148,900	-0,049	0,073
148,950	-0,050	0,073
149,000	-0,051	0,072
149,050	-0,052	0,071
149,100	-0,053	0,069
149,150	-0,053	0,070
149,200	-0,053	0,069
149,250	-0,053	0,070
149,300	-0,054	0,068
149,350	-0,055	0,068
149,400	-0,056	0,066
149,450	-0,057	0,066
149,500	-0,057	0,065
149,550	-0,058	0,065
149,600	-0,058	0,064
149,650	-0,058	0,065
149,700	-0,058	0,064
149,750	-0,059	0,065
149,800	-0,059	0,063
149,850	-0,059	0,065
149,900	-0,060	0,063
149,950	-0,059	0,064
150,000	-0,060	0,063
150,050	-0,061	0,063
150,100	-0,060	0,062
150,150	-0,060	0,063
150,200	-0,061	0,062
150,250	-0,061	0,062
150,300	-0,061	0,061
150,350	-0,062	0,061
150,400	-0,061	0,061
150,450	-0,062	0,062
150,500	-0,062	0,061
150,550	-0,063	0,061
150,600	-0,063	0,060
150,650	-0,063	0,060
150,700	-0,063	0,060
150,750	-0,064	0,060
150,800	-0,064	0,059
150,850	-0,064	0,060
150,900	-0,064	0,059
150,950	-0,065	0,059
151,000	-0,064	0,059
151,050	-0,065	0,059
151,100	-0,065	0,058
151,150	-0,065	0,059
151,200	-0,066	0,058
151,250	-0,066	0,058
151,300	-0,066	0,057
151,350	-0,066	0,058
151,400	-0,066	0,057
151,450	-0,067	0,057
151,500	-0,067	0,057
151,550	-0,067	0,057
151,600	-0,068	0,056
151,650	-0,068	0,057
151,700	-0,069	0,055
151,750	-0,069	0,056
151,800	-0,070	0,055
151,850	-0,070	0,055
151,900	-0,071	0,054
151,950	-0,071	0,054
152,000	-0,071	0,054
152,050	-0,071	0,054
152,100	-0,072	0,053
152,150	-0,072	0,054
152,200	-0,072	0,053
152,250	-0,073	0,053
152,300	-0,072	0,053
152,350	-0,073	0,053
152,400	-0,073	0,053
152,450	-0,073	0,053
152,500	-0,074	0,051
152,550	-0,074	0,052
152,600	-0,074	0,052
152,650	-0,074	0,052
152,700	-0,075	0,051
152,750	-0,075	0,051
152,800	-0,076	0,051
152,850	-0,076	0,051
152,900	-0,077	0,050
152,950	-0,077	0,050
153,000	-0,077	0,050
153,050	-0,077	0,050
153,100	-0,077	0,050
153,150	-0,077	0,050
153,200	-0,077	0,050
153,250	-0,078	0,049
153,300	-0,079	0,048
153,350	-0,079	0,049
153,400	-0,079	0,048
153,450	-0,079	0,049
153,500	-0,080	0,048
153,550	-0,080	0,048
153,600	-0,081	0,047
153,650	-0,081	0,048
153,700	-0,081	0,047
153,750	-0,082	0,047
153,800	-0,082	0,047
153,850	-0,083	0,046
153,900	-0,083	0,046
153,950	-0,083	0,046
154,000	-0,083	0,046
154,050	-0,083	0,046
154,100	-0,083	0,046
154,150	-0,084	0,046
154,200	-0,084	0,045
154,250	-0,084	0,045
154,300	-0,085	0,045
154,350	-0,085	0,045
154,400	-0,086	0,044
154,450	-0,086	0,045
154,500	-0,086	0,044
154,550	-0,085	0,045
154,600	-0,086	0,044
154,650	-0,086	0,045
154,700	-0,086	0,044
154,750	-0,086	0,045
154,800	-0,086	0,044
154,850	-0,086	0,044
154,900	-0,086	0,044
154,950	-0,086	0,045
155,000	-0,086	0,044
155,050	-0,086	0,045
155,100	-0,085	0,045
155,150	-0,086	0,044
155,200	-0,086	0,044
155,250	-0,086	0,045
155,300	-0,086	0,044
155,350	-0,085	0,045
155,400	-0,085	0,045
155,450	-0,086	0,044
155,500	-0,085	0,045
155,550	-0,086	0,045
155,600	-0,085	0,045
155,650	-0,086	0,044
155,700	-0,086	0,045
155,750	-0,086	0,044
155,800	-0,085	0,045
155,850	-0,087	0,044
155,900	-0,088	0,043
155,950	-0,088	0,043
156,000	-0,089	0,042
156,050	-0,091	0,042
156,100	-0,092	0,041
156,150	-0,093	0,040
156,200	-0,094	0,040
156,250	-0,095	0,040
156,300	-0,095	0,039
156,350	-0,096	0,039
156,400	-0,096	0,039
156,450	-0,096	0,039
156,500	-0,097	0,038
156,550	-0,098	0,038
156,600	-0,099	0,037
156,650	-0,099	0,037
156,700	-0,101	0,036
156,750	-0,101	0,036
156,800	-0,102	0,036
156,850	-0,102	0,036
156,900	-0,103	0,035
156,950	-0,104	0,035
157,000	-0,104	0,035
157,050	-0,104	0,034
157,100	-0,104	0,035
157,150	-0,105	0,034
157,200	-0,106	0,034
157,250	-0,106	0,034
157,300	-0,106	0,034
157,350	-0,107	0,033
157,400	-0,107	0,033
157,450	-0,108	0,033
157,500	-0,108	0,033
157,550	-0,109	0,032
157,600	-0,109	0,032
157,650	-0,109	0,032
157,700	-0,110	0,032
157,750	-0,111	0,031
157,800	-0,111	0,032
157,850	-0,112	0,031
157,900	-0,112	0,031
157,950	-0,112	0,031
158,000	-0,113	0,031
158,050	-0,113	0,030
158,100	-0,114	0,031
158,150	-0,115	0,030
158,200	-0,116	0,030
158,250	-0,117	0,029
158,300	-0,118	0,029
158,350	-0,118	0,028
158,400	-0,119	0,028
158,450	-0,120	0,028
158,500	-0,120	0,028
158,550	-0,120	0,028
158,600	-0,122	0,027
158,650	-0,122	0,027
158,700	-0,123	0,027
158,750	-0,123	0,026
158,800	-0,124	0,027
158,850	-0,124	0,026
158,900	-0,125	0,026
158,950	-0,125	0,025
159,000	-0,126	0,026
159,050	-0,126	0,025
159,100	-0,127	0,026
159,150	-0,128	0,025
159,200	-0,129	0,025
159,250	-0,129	0,024
159,300	-0,130	0,024
159,350	-0,130	0,024
159,400	-0,131	0,024
159,450	-0,132	0,023
159,500	-0,133	0,023
159,550	-0,133	0,022
159,600	-0,134	0,023
159,650	-0,134	0,022
159,700	-0,134	0,023
159,750	-0,135	0,022
159,800	-0,136	0,022
159,850	-0,136	0,021
159,900	-0,137	0,022
159,950	-0,137	0,021
160,000	-0,138	0,022
160,050	-0,138	0,021
160,100	-0,138	0,022
160,150	-0,139	0,020
160,200	-0,139	0,021
160,250	-0,139	0,021
160,300	-0,140	0,021
160,350	-0,141	0,020
160,400	-0,140	0,021
160,450	-0,140	0,020
160,500	-0,140	0,021
160,550	-0,140	0,020
160,600	-0,140	0,021
160,650	-0,141	0,020
160,700	-0,140	0,021
160,750	-0,140	0,020
160,800	-0,140	0,021
160,850	-0,140	0,020
160,900	-0,141	0,021
160,950	-0,140	0,020
161,000	-0,142	0,020
161,050	-0,147	0,018
161,100	-0,149	0,018
161,150	-0,150	0,017
161,200	-0,150	0,018
161,250	-0,151	0,017
161,300	-0,152	0,017
161,350	-0,152	0,016
161,400	-0,153	0,017
161,450	-0,154	0,016
161,500	-0,155	0,016
161,550	-0,156	0,016
161,600	-0,157	0,016
161,650	-0,156	0,015
161,700	-0,157	0,016
161,750	-0,157	0,015
161,800	-0,158	0,015
161,850	-0,158	0,014
161,900	-0,159	0,015
161,950	-0,160	0,014
162,000	-0,160	0,015
162,050	-0,161	0,014
162,100	-0,162	0,014
162,150	-0,162	0,014
162,200	-0,163	0,014
162,250	-0,163	0,013
162,300	-0,164	0,014
162,350	-0,164	0,013
162,400	-0,165	0,014
162,450	-0,165	0,013
162,500	-0,166	0,014
162,550	-0,166	0,012
162,600	-0,167	0,013
162,650	-0,167	0,013
162,700	-0,168	0,013
162,750	-0,168	0,012
162,800	-0,169	0,013
162,850	-0,170	0,012
162,900	-0,170	0,013
162,950	-0,170	0,012
163,000	-0,171	0,013
163,050	-0,172	0,011
163,100	-0,172	0,012
163,150	-0,172	0,011
163,200	-0,173	0,012
163,250	-0,173	0,011
163,300	-0,173	0,012
163,350	-0,174	0,011
163,400	-0,175	0,012
163,450	-0,175	0,011
163,500	-0,176	0,011
163,550	-0,176	0,010
163,600	-0,176	0,011
163,650	-0,176	0,010
163,700	-0,177	0,011
163,750	-0,177	0,010
163,800	-0,178	0,011
163,850	-0,179	0,010
163,900	-0,179	0,011
163,950	-0,180	0,009
164,000	-0,180	0,010
164,050	-0,181	0,009
164,100	-0,181	0,010
164,150	-0,182	0,009
164,200	-0,181	0,010
164,250	-0,182	0,009
164,300	-0,182	0,010
164,350	-0,182	0,009
164,400	-0,182	0,010
164,450	-0,182	0,009
164,500	-0,182	0,010
164,550	-0,181	0,009
164,600	-0,181	0,010
164,650	-0,182	0,009
164,700	-0,181	0,010
164,750	-0,182	0,009
164,800	-0,181	0,010
164,850	-0,182	0,009
164,900	-0,182	0,010
164,950	-0,181	0,009
165,000	-0,181	0,010
165,050	-0,182	0,009
165,100	-0,183	0,010
165,150	-0,184	0,009
165,200	-0,185	0,009
165,250	-0,185	0,008
165,300	-0,186	0,009
165,350	-0,186	0,008
165,400	-0,187	0,009
165,450	-0,188	0,008
165,500	-0,188	0,009
165,550	-0,189	0,007
165,600	-0,190	0,008
165,650	-0,192	0,007
165,700	-0,193	0,008
165,750	-0,195	0,007
165,800	-0,196	0,007
165,850	-0,198	0,006
165,900	-0,199	0,007
165,950	-0,201	0,005
166,000	-0,201	0,006
166,050	-0,202	0,005
166,100	-0,204	0,006
166,150	-0,205	0,004
166,200	-0,206	0,006
166,250	-0,207	0,004
166,300	-0,208	0,005
166,350	-0,209	0,004
166,400	-0,210	0,005
166,450	-0,211	0,003
166,500	-0,212	0,005
166,550	-0,213	0,003
166,600	-0,214	0,005
166,650	-0,215	0,003
166,700	-0,216	0,004
166,750	-0,217	0,003
166,800	-0,218	0,004
166,850	-0,219	0,003
166,900	-0,220	0,004
166,950	-0,221	0,002
167,000	-0,222	0,003
167,050	-0,222	0,002
167,100	-0,223	0,003
167,150	-0,224	0,002
167,200	-0,224	0,003
167,250	-0,225	0,002
167,300	-0,226	0,003
167,350	-0,226	0,002
167,400	-0,227	0,003
167,450	-0,228	0,001
167,500	-0,228	0,002
167,550	-0,229	8,396E-4
167,600	-0,229	0,002
167,650	-0,228	0,001
167,700	-0,228	0,002
167,750	-0,229	9,446E-4
167,800	-0,228	0,002
167,850	-0,228	0,001
167,900	-0,229	0,002
167,950	-0,228	0,001
168,000	-0,229	0,002
168,050	-0,228	0,001
168,100	-0,229	0,002
168,150	-0,228	0,002
168,200	-0,228	0,003
168,250	-0,229	0,001
168,300	-0,228	0,003
168,350	-0,228	0,001
168,400	-0,229	0,002
168,450	-0,230	0,001
168,500	-0,231	0,002
168,550	-0,232	5,808E-4
168,600	-0,233	0,002
168,650	-0,234	5,710E-4
168,700	-0,235	0,002
168,750	-0,236	1,633E-4
168,800	-0,238	0,001
168,850	-0,239	-1,919E-4
168,900	-0,239	0,001
168,950	-0,240	1,194E-4
169,000	-0,242	8,896E-4
169,050	-0,243	-3,335E-4
169,100	-0,244	6,992E-4
169,150	-0,245	-7,375E-4
169,200	-0,246	5,723E-4
169,250	-0,246	-7,400E-4
169,300	-0,247	4,307E-4
169,350	-0,248	-9,207E-4
169,400	-0,249	3,257E-4
169,450	-0,250	-0,001
169,500	-0,251	-1,577E-4
169,550	-0,252	-0,001
169,600	-0,253	-4,519E-4
169,650	-0,254	-0,001
169,700	-0,256	-6,790E-4
169,750	-0,257	-0,002
169,800	-0,258	-8,145E-4
169,850	-0,259	-0,002
169,900	-0,259	-8,853E-4
169,950	-0,260	-0,002
170,000	-0,261	-0,001
170,050	-0,261	-0,002
170,100	-0,262	-9,402E-4
170,150	-0,263	-0,002
170,200	-0,264	-0,001
170,250	-0,265	-0,002
170,300	-0,266	-0,001
170,350	-0,267	-0,003
170,400	-0,268	-0,001
170,450	-0,269	-0,002
170,500	-0,270	-0,001
170,550	-0,271	-0,003
170,600	-0,270	-0,001
170,650	-0,270	-0,003
170,700	-0,271	-0,001
170,750	-0,271	-0,003
170,800	-0,271	-0,001
170,850	-0,271	-0,003
170,900	-0,271	-0,002
170,950	-0,270	-0,003
171,000	-0,271	-0,002
171,050	-0,271	-0,003
171,100	-0,271	-0,002
171,150	-0,271	-0,003
171,200	-0,271	-0,002
171,250	-0,271	-0,003
171,300	-0,271	-0,001
171,350	-0,271	-0,003
171,400	-0,270	-0,001
171,450	-0,271	-0,003
171,500	-0,271	-0,001
171,550	-0,272	-0,003
171,600	-0,272	-0,002
171,650	-0,273	-0,003
171,700	-0,273	-0,002
171,750	-0,274	-0,003
171,800	-0,275	-0,002
171,850	-0,275	-0,003
171,900	-0,277	-0,002
171,950	-0,278	-0,003
172,000	-0,279	-0,002
172,050	-0,280	-0,003
172,100	-0,282	-0,002
172,150	-0,283	-0,003
172,200	-0,284	-0,002
172,250	-0,285	-0,003
172,300	-0,286	-0,002
172,350	-0,287	-0,003
172,400	-0,289	-0,003
172,450	-0,289	-0,004
172,500	-0,290	-0,003
172,550	-0,291	-0,004
172,600	-0,292	-0,003
172,650	-0,293	-0,004
172,700	-0,293	-0,003
172,750	-0,294	-0,004
172,800	-0,295	-0,003
172,850	-0,296	-0,004
172,900	-0,297	-0,003
172,950	-0,298	-0,004
173,000	-0,299	-0,003
173,050	-0,299	-0,004
173,100	-0,300	-0,003
173,150	-0,301	-0,004
173,200	-0,301	-0,003
173,250	-0,302	-0,004
173,300	-0,303	-0,003
173,350	-0,303	-0,004
173,400	-0,303	-0,003
173,450	-0,304	-0,004
173,500	-0,304	-0,003
173,550	-0,304	-0,004
173,600	-0,305	-0,003
173,650	-0,306	-0,005
173,700	-0,306	-0,004
173,750	-0,307	-0,004
173,800	-0,308	-0,004
173,850	-0,310	-0,005
173,900	-0,310	-0,003
173,950	-0,311	-0,004
174,000	-0,311	-0,003
174,050	-0,312	-0,004
174,100	-0,314	-0,004
174,150	-0,315	-0,005
174,200	-0,317	-0,004
174,250	-0,317	-0,005
174,300	-0,318	-0,004
174,350	-0,319	-0,005
174,400	-0,320	-0,004
174,450	-0,321	-0,005
174,500	-0,321	-0,004
174,550	-0,321	-0,005
174,600	-0,321	-0,004
174,650	-0,322	-0,005
174,700	-0,323	-0,004
174,750	-0,324	-0,005
174,800	-0,324	-0,004
174,850	-0,325	-0,005
174,900	-0,325	-0,004
174,950	-0,326	-0,005
175,000	-0,328	-0,004
175,050	-0,329	-0,005
175,100	-0,331	-0,004
175,150	-0,332	-0,005
175,200	-0,332	-0,004
175,250	-0,333	-0,005
175,300	-0,335	-0,005
175,350	-0,336	-0,005
175,400	-0,337	-0,004
175,450	-0,337	-0,005
175,500	-0,338	-0,004
175,550	-0,340	-0,006
175,600	-0,341	-0,005
175,650	-0,342	-0,005
175,700	-0,343	-0,005
175,750	-0,344	-0,005
175,800	-0,344	-0,005
175,850	-0,345	-0,005
175,900	-0,346	-0,005
175,950	-0,346	-0,005
176,000	-0,347	-0,005
176,050	-0,347	-0,005
176,100	-0,346	-0,005
176,150	-0,346	-0,005
176,200	-0,347	-0,005
176,250	-0,346	-0,005
176,300	-0,346	-0,005
176,350	-0,346	-0,005
176,400	-0,347	-0,005
176,450	-0,346	-0,005
176,500	-0,346	-0,005
176,550	-0,346	-0,005
176,600	-0,347	-0,005
176,650	-0,346	-0,005
176,700	-0,346	-0,005
176,750	-0,346	-0,005
176,800	-0,346	-0,005
176,850	-0,346	-0,005
176,900	-0,347	-0,005
176,950	-0,346	-0,005
177,000	-0,349	-0,005
177,050	-0,352	-0,005
177,100	-0,352	-0,005
177,150	-0,352	-0,005
177,200	-0,352	-0,005
177,250	-0,352	-0,005
177,300	-0,352	-0,005
177,350	-0,354	-0,005
177,400	-0,355	-0,005
177,450	-0,356	-0,006
177,500	-0,356	-0,005
177,550	-0,356	-0,005
177,600	-0,357	-0,005
177,650	-0,358	-0,005
177,700	-0,359	-0,005
177,750	-0,360	-0,006
177,800	-0,361	-0,005
177,850	-0,362	-0,006
177,900	-0,363	-0,005
177,950	-0,364	-0,006
178,000	-0,365	-0,005
178,050	-0,366	-0,006
178,100	-0,368	-0,005
178,150	-0,370	-0,006
178,200	-0,372	-0,005
178,250	-0,373	-0,006
178,300	-0,375	-0,006
178,350	-0,376	-0,006
178,400	-0,377	-0,005
178,450	-0,379	-0,006
178,500	-0,380	-0,006
178,550	-0,381	-0,006
178,600	-0,383	-0,006
178,650	-0,385	-0,006
178,700	-0,386	-0,006
178,750	-0,387	-0,006
178,800	-0,388	-0,006
178,850	-0,388	-0,006
178,900	-0,389	-0,006
178,950	-0,391	-0,006
179,000	-0,393	-0,006
179,050	-0,394	-0,006
179,100	-0,394	-0,006
179,150	-0,395	-0,006
179,200	-0,396	-0,006
179,250	-0,396	-0,006
179,300	-0,396	-0,006
179,350	-0,397	-0,006
179,400	-0,398	-0,006
179,450	-0,399	-0,006
179,500	-0,400	-0,006
179,550	-0,401	-0,006
179,600	-0,402	-0,006
179,650	-0,404	-0,006
179,700	-0,406	-0,006
179,750	-0,407	-0,006
179,800	-0,408	-0,006
179,850	-0,410	-0,006
179,900	-0,411	-0,006
179,950	-0,413	-0,006
180,000	-0,414	-0,006
180,050	-0,416	-0,006
180,100	-0,418	-0,006
180,150	-0,421	-0,006
180,200	-0,423	-0,007
180,250	-0,425	-0,007
180,300	-0,427	-0,007
180,350	-0,428	-0,006
180,400	-0,429	-0,007
180,450	-0,429	-0,006
180,500	-0,429	-0,007
180,550	-0,429	-0,007
180,600	-0,429	-0,006
180,650	-0,429	-0,007
180,700	-0,429	-0,007
180,750	-0,431	-0,007
180,800	-0,433	-0,007
180,850	-0,434	-0,007
180,900	-0,435	-0,007
180,950	-0,436	-0,006
181,000	-0,437	-0,007
181,050	-0,438	-0,007
181,100	-0,438	-0,007
181,150	-0,439	-0,007
181,200	-0,440	-0,007
181,250	-0,441	-0,007
181,300	-0,443	-0,007
181,350	-0,445	-0,007
181,400	-0,447	-0,007
181,450	-0,449	-0,007
181,500	-0,451	-0,007
181,550	-0,452	-0,007
181,600	-0,452	-0,007
181,650	-0,454	-0,007
181,700	-0,456	-0,007
181,750	-0,459	-0,007
181,800	-0,463	-0,007
181,850	-0,466	-0,007
181,900	-0,468	-0,007
181,950	-0,470	-0,007
182,000	-0,472	-0,007
182,050	-0,474	-0,007
182,100	-0,476	-0,008
182,150	-0,477	-0,007
182,200	-0,476	-0,007
182,250	-0,476	-0,007
182,300	-0,477	-0,007
182,350	-0,477	-0,007
182,400	-0,477	-0,007
182,450	-0,476	-0,007
182,500	-0,477	-0,008
182,550	-0,477	-0,007
182,600	-0,477	-0,008
182,650	-0,476	-0,007
182,700	-0,477	-0,007
182,750	-0,476	-0,007
182,800	-0,477	-0,007
182,850	-0,477	-0,007
182,900	-0,477	-0,007
182,950	-0,477	-0,007
183,000	-0,476	-0,007
183,050	-0,477	-0,007
183,100	-0,476	-0,007
183,150	-0,477	-0,007
183,200	-0,477	-0,007
183,250	-0,477	-0,007
183,300	-0,476	-0,007
183,350	-0,477	-0,007
183,400	-0,477	-0,007
183,450	-0,476	-0,007
183,500	-0,476	-0,007
183,550	-0,477	-0,007
183,600	-0,476	-0,007
183,650	-0,477	-0,007
183,700	-0,476	-0,007
183,750	-0,476	-0,007
183,800	-0,477	-0,008
183,850	-0,476	-0,007
183,900	-0,477	-0,008
183,950	-0,477	-0,007
184,000	-0,476	-0,007
184,050	-0,477	-0,007
184,100	-0,477	-0,008
184,150	-0,476	-0,007
184,200	-0,476	-0,007
184,250	-0,476	-0,007
184,300	-0,477	-0,008
184,350	-0,477	-0,007
184,400	-0,477	-0,008
184,450	-0,476	-0,007
184,500	-0,476	-0,007
184,550	-0,477	-0,007
184,600	-0,476	-0,007
