Zeit (s) Messreihe #6	Spannung, Ch A (V) Messreihe #6	Spannung, Ch B (V) Messreihe #6
0,000	-0,460	-0,002
0,050	-0,460	-9,292E-4
0,100	-0,460	-0,002
0,150	-0,460	-9,597E-4
0,200	-0,460	-0,002
0,250	-0,460	-9,048E-4
0,300	-0,460	-0,002
0,350	-0,460	-9,438E-4
0,400	-0,460	-0,002
0,450	-0,460	-6,802E-4
0,500	-0,460	-0,002
0,550	-0,460	-0,001
0,600	-0,460	-0,002
0,650	-0,460	-8,059E-4
0,700	-0,460	-0,002
0,750	-0,460	-8,059E-4
0,800	-0,460	-0,002
0,850	-0,460	-0,001
0,900	-0,460	-0,002
0,950	-0,459	-0,001
1,000	-0,458	-0,002
1,050	-0,457	-9,280E-4
1,100	-0,457	-0,002
1,150	-0,456	-8,682E-4
1,200	-0,457	-0,002
1,250	-0,457	-0,001
1,300	-0,456	-0,002
1,350	-0,456	-0,001
1,400	-0,456	-0,002
1,450	-0,455	-8,279E-4
1,500	-0,455	-0,002
1,550	-0,455	-8,975E-4
1,600	-0,455	-0,002
1,650	-0,454	-0,001
1,700	-0,454	-0,002
1,750	-0,454	-9,524E-4
1,800	-0,453	-0,002
1,850	-0,453	-9,268E-4
1,900	-0,452	-0,002
1,950	-0,452	-0,001
2,000	-0,451	-0,002
2,050	-0,451	-9,487E-4
2,100	-0,450	-0,002
2,150	-0,451	-0,001
2,200	-0,450	-0,002
2,250	-0,449	-9,963E-4
2,300	-0,449	-0,002
2,350	-0,449	-0,001
2,400	-0,448	-0,002
2,450	-0,447	-8,682E-4
2,500	-0,447	-0,002
2,550	-0,447	-8,804E-4
2,600	-0,447	-0,002
2,650	-0,446	-8,730E-4
2,700	-0,445	-0,002
2,750	-0,445	-7,559E-4
2,800	-0,445	-0,002
2,850	-0,444	-7,607E-4
2,900	-0,444	-0,002
2,950	-0,443	-7,363E-4
3,000	-0,443	-0,002
3,050	-0,442	-9,438E-4
3,100	-0,442	-0,002
3,150	-0,442	-9,243E-4
3,200	-0,442	-0,002
3,250	-0,441	-0,001
3,300	-0,441	-0,002
3,350	-0,440	-7,266E-4
3,400	-0,440	-0,002
3,450	-0,440	-9,487E-4
3,500	-0,439	-0,002
3,550	-0,439	-0,001
3,600	-0,438	-0,002
3,650	-0,437	-5,850E-4
3,700	-0,437	-0,002
3,750	-0,436	-6,582E-4
3,800	-0,435	-0,002
3,850	-0,435	-7,620E-4
3,900	-0,435	-0,002
3,950	-0,434	-4,836E-4
4,000	-0,434	-0,002
4,050	-0,433	-7,241E-4
4,100	-0,432	-0,002
4,150	-0,431	-9,719E-4
4,200	-0,430	-0,002
4,250	-0,429	-4,739E-4
4,300	-0,429	-0,002
4,350	-0,428	-7,302E-4
4,400	-0,428	-0,002
4,450	-0,427	-8,987E-4
4,500	-0,427	-0,002
4,550	-0,426	-6,313E-4
4,600	-0,426	-0,002
4,650	-0,425	-8,169E-4
4,700	-0,424	-0,002
4,750	-0,423	-6,948E-4
4,800	-0,422	-0,002
4,850	-0,422	-8,743E-4
4,900	-0,422	-0,002
4,950	-0,421	-5,703E-4
5,000	-0,420	-0,002
5,050	-0,420	-8,730E-4
5,100	-0,419	-0,001
5,150	-0,418	-5,105E-4
5,200	-0,418	-0,001
5,250	-0,417	-8,511E-4
5,300	-0,416	-0,002
5,350	-0,416	-6,179E-4
5,400	-0,416	-0,002
5,450	-0,416	-6,069E-4
5,500	-0,415	-0,001
5,550	-0,414	-5,532E-4
5,600	-0,413	-0,001
5,650	-0,413	-6,448E-4
5,700	-0,412	-0,002
5,750	-0,411	-5,789E-4
5,800	-0,410	-0,001
5,850	-0,409	-3,555E-4
5,900	-0,409	-0,001
5,950	-0,408	-3,201E-4
6,000	-0,407	-0,001
6,050	-0,407	-7,009E-4
6,100	-0,406	-0,001
6,150	-0,405	-6,179E-4
6,200	-0,405	-0,001
6,250	-0,404	-4,116E-4
6,300	-0,403	-0,001
6,350	-0,402	-3,872E-4
6,400	-0,402	-0,001
6,450	-0,400	-4,739E-4
6,500	-0,399	-0,001
6,550	-0,399	-4,055E-4
6,600	-0,398	-0,001
6,650	-0,397	-6,497E-4
6,700	-0,396	-0,001
6,750	-0,396	-5,776E-4
6,800	-0,395	-0,001
6,850	-0,394	-2,749E-4
6,900	-0,394	-0,001
6,950	-0,393	-3,042E-4
7,000	-0,392	-0,001
7,050	-0,392	-2,126E-4
7,100	-0,391	-0,001
7,150	-0,390	-1,919E-4
7,200	-0,389	-9,976E-4
7,250	-0,388	-4,360E-4
7,300	-0,387	-0,001
7,350	-0,387	-4,324E-4
7,400	-0,386	-8,413E-4
7,450	-0,386	-9,912E-5
7,500	-0,385	-7,571E-4
7,550	-0,385	-1,443E-4
7,600	-0,384	-0,001
7,650	-0,383	-2,615E-4
7,700	-0,383	-0,001
7,750	-0,382	1,196E-5
7,800	-0,381	-0,001
7,850	-0,380	5,103E-5
7,900	-0,379	-8,169E-4
7,950	-0,379	3,027E-5
8,000	-0,378	-6,863E-4
8,050	-0,378	-1,724E-4
8,100	-0,377	-7,791E-4
8,150	-0,376	2,109E-4
8,200	-0,376	-8,706E-4
8,250	-0,376	-1,138E-4
8,300	-0,376	-7,949E-4
8,350	-0,376	-1,980E-4
8,400	-0,376	-7,205E-4
8,450	-0,376	-7,568E-6
8,500	-0,376	-0,001
8,550	-0,376	-1,223E-4
8,600	-0,376	-0,001
8,650	-0,376	-3,564E-5
8,700	-0,376	-7,632E-4
8,750	-0,376	1,267E-4
8,800	-0,376	-7,327E-4
8,850	-0,376	-9,302E-5
8,900	-0,376	-9,719E-4
8,950	-0,376	2,417E-5
9,000	-0,376	-0,001
9,050	-0,376	2,295E-5
9,100	-0,376	-9,316E-4
9,150	-0,375	2,903E-4
9,200	-0,376	-8,145E-4
9,250	-0,376	7,080E-6
9,300	-0,376	-8,047E-4
9,350	-0,376	-1,455E-4
9,400	-0,376	-6,826E-4
9,450	-0,376	-6,372E-5
9,500	-0,374	-5,886E-4
9,550	-0,372	2,051E-5
9,600	-0,371	-6,570E-4
9,650	-0,371	2,051E-5
9,700	-0,371	-4,812E-4
9,750	-0,370	-4,617E-4
9,800	-0,369	-6,887E-4
9,850	-0,369	-2,578E-4
9,900	-0,368	-4,421E-4
9,950	-0,368	1,316E-4
10,000	-0,367	-6,338E-4
10,050	-0,367	3,477E-4
10,100	-0,367	-6,887E-4
10,150	-0,367	-1,895E-4
10,200	-0,366	-4,360E-4
10,250	-0,366	-9,546E-5
10,300	-0,365	-5,911E-4
10,350	-0,365	-4,297E-5
10,400	-0,364	-4,629E-4
10,450	-0,363	2,341E-4
10,500	-0,363	-4,189E-4
10,550	-0,363	4,575E-4
10,600	-0,362	-5,142E-4
10,650	-0,362	-2,441E-7
10,700	-0,361	-4,739E-4
10,750	-0,360	3,953E-4
10,800	-0,359	-3,970E-4
10,850	-0,358	3,647E-4
10,900	-0,357	-9,424E-5
10,950	-0,357	4,087E-4
11,000	-0,357	-3,091E-4
11,050	-0,357	4,294E-4
11,100	-0,356	-5,422E-4
11,150	-0,356	2,354E-4
11,200	-0,356	-2,029E-4
11,250	-0,356	-6,006E-5
11,300	-0,355	-3,408E-4
11,350	-0,354	2,012E-4
11,400	-0,354	-2,627E-4
11,450	-0,353	4,844E-4
11,500	-0,353	-3,542E-4
11,550	-0,352	3,806E-4
11,600	-0,351	-1,663E-4
11,650	-0,350	3,757E-4
11,700	-0,350	-2,222E-5
11,750	-0,349	4,319E-4
11,800	-0,348	-1,968E-4
11,850	-0,348	2,976E-4
11,900	-0,346	1,377E-4
11,950	-0,346	4,612E-4
12,000	-0,345	-1,382E-4
12,050	-0,344	3,965E-4
12,100	-0,343	1,121E-4
12,150	-0,342	3,318E-4
12,200	-0,341	1,108E-4
12,250	-0,339	4,380E-4
12,300	-0,336	2,549E-4
12,350	-0,334	4,673E-4
12,400	-0,332	2,695E-4
12,450	-0,332	7,578E-4
12,500	-0,332	1,243E-4
12,550	-0,331	0,001
12,600	-0,331	2,817E-4
12,650	-0,332	5,381E-4
12,700	-0,329	2,537E-4
12,750	-0,328	6,528E-4
12,800	-0,328	3,721E-4
12,850	-0,328	0,001
12,900	-0,328	4,954E-4
12,950	-0,328	8,750E-4
13,000	-0,328	5,225E-5
13,050	-0,325	7,480E-4
13,100	-0,323	8,799E-4
13,150	-0,322	0,001
13,200	-0,322	8,103E-4
13,250	-0,322	8,774E-4
13,300	-0,322	8,213E-4
13,350	-0,322	8,774E-4
13,400	-0,322	5,381E-4
13,450	-0,319	0,001
13,500	-0,318	8,872E-4
13,550	-0,317	0,001
13,600	-0,317	8,787E-4
13,650	-0,318	8,616E-4
13,700	-0,317	9,141E-4
13,750	-0,317	0,001
13,800	-0,317	9,458E-4
13,850	-0,318	9,360E-4
13,900	-0,317	7,078E-4
13,950	-0,315	0,001
14,000	-0,316	5,967E-4
14,050	-0,315	0,001
14,100	-0,315	8,884E-4
14,150	-0,315	0,001
14,200	-0,315	6,699E-4
14,250	-0,315	0,001
14,300	-0,314	7,163E-4
14,350	-0,312	0,001
14,400	-0,312	9,299E-4
14,450	-0,312	0,001
14,500	-0,313	7,004E-4
14,550	-0,310	0,001
14,600	-0,309	0,001
14,650	-0,308	0,001
14,700	-0,307	0,001
14,750	-0,307	0,002
14,800	-0,307	7,590E-4
14,850	-0,307	0,001
14,900	-0,306	0,002
14,950	-0,305	0,001
15,000	-0,304	0,001
15,050	-0,302	0,002
15,100	-0,301	0,002
15,150	-0,301	0,002
15,200	-0,301	0,001
15,250	-0,300	0,001
15,300	-0,298	0,002
15,350	-0,297	0,002
15,400	-0,295	0,002
15,450	-0,294	0,002
15,500	-0,293	0,002
15,550	-0,292	0,001
15,600	-0,291	0,002
15,650	-0,290	0,002
15,700	-0,289	0,002
15,750	-0,287	0,002
15,800	-0,286	0,003
15,850	-0,285	0,002
15,900	-0,284	0,003
15,950	-0,282	0,002
16,000	-0,282	0,003
16,050	-0,281	0,002
16,100	-0,280	0,002
16,150	-0,280	0,002
16,200	-0,279	0,003
16,250	-0,278	0,002
16,300	-0,276	0,003
16,350	-0,275	0,003
16,400	-0,274	0,003
16,450	-0,273	0,003
16,500	-0,273	0,003
16,550	-0,272	0,003
16,600	-0,272	0,003
16,650	-0,272	0,003
16,700	-0,272	0,003
16,750	-0,272	0,003
16,800	-0,272	0,003
16,850	-0,272	0,003
16,900	-0,272	0,003
16,950	-0,272	0,002
17,000	-0,272	0,003
17,050	-0,272	0,003
17,100	-0,272	0,003
17,150	-0,272	0,003
17,200	-0,272	0,003
17,250	-0,272	0,003
17,300	-0,272	0,003
17,350	-0,272	0,003
17,400	-0,272	0,003
17,450	-0,272	0,002
17,500	-0,272	0,003
17,550	-0,272	0,003
17,600	-0,272	0,003
17,650	-0,270	0,003
17,700	-0,270	0,003
17,750	-0,268	0,003
17,800	-0,265	0,003
17,850	-0,264	0,003
17,900	-0,264	0,004
17,950	-0,265	0,003
18,000	-0,263	0,004
18,050	-0,262	0,003
18,100	-0,261	0,004
18,150	-0,259	0,004
18,200	-0,255	0,004
18,250	-0,253	0,004
18,300	-0,252	0,005
18,350	-0,252	0,004
18,400	-0,252	0,005
18,450	-0,251	0,004
18,500	-0,250	0,005
18,550	-0,249	0,004
18,600	-0,248	0,005
18,650	-0,248	0,004
18,700	-0,247	0,005
18,750	-0,246	0,004
18,800	-0,244	0,005
18,850	-0,243	0,005
18,900	-0,242	0,005
18,950	-0,241	0,005
19,000	-0,240	0,006
19,050	-0,239	0,005
19,100	-0,237	0,006
19,150	-0,236	0,006
19,200	-0,235	0,006
19,250	-0,234	0,006
19,300	-0,234	0,006
19,350	-0,234	0,006
19,400	-0,233	0,007
19,450	-0,232	0,006
19,500	-0,230	0,007
19,550	-0,230	0,006
19,600	-0,230	0,007
19,650	-0,229	0,006
19,700	-0,228	0,007
19,750	-0,227	0,006
19,800	-0,227	0,007
19,850	-0,227	0,007
19,900	-0,226	0,008
19,950	-0,226	0,007
20,000	-0,225	0,007
20,050	-0,224	0,007
20,100	-0,224	0,008
20,150	-0,223	0,007
20,200	-0,222	0,008
20,250	-0,222	0,007
20,300	-0,221	0,008
20,350	-0,220	0,007
20,400	-0,219	0,008
20,450	-0,219	0,007
20,500	-0,218	0,008
20,550	-0,217	0,007
20,600	-0,217	0,009
20,650	-0,216	0,008
20,700	-0,215	0,009
20,750	-0,214	0,008
20,800	-0,213	0,009
20,850	-0,213	0,008
20,900	-0,212	0,009
20,950	-0,211	0,009
21,000	-0,210	0,010
21,050	-0,210	0,008
21,100	-0,209	0,010
21,150	-0,208	0,009
21,200	-0,208	0,010
21,250	-0,207	0,009
21,300	-0,206	0,010
21,350	-0,205	0,009
21,400	-0,204	0,010
21,450	-0,203	0,010
21,500	-0,202	0,011
21,550	-0,201	0,010
21,600	-0,200	0,011
21,650	-0,199	0,010
21,700	-0,199	0,011
21,750	-0,198	0,010
21,800	-0,197	0,012
21,850	-0,196	0,011
21,900	-0,195	0,012
21,950	-0,194	0,011
22,000	-0,194	0,012
22,050	-0,193	0,012
22,100	-0,193	0,012
22,150	-0,193	0,011
22,200	-0,192	0,013
22,250	-0,192	0,012
22,300	-0,191	0,013
22,350	-0,191	0,012
22,400	-0,191	0,013
22,450	-0,191	0,012
22,500	-0,191	0,013
22,550	-0,192	0,012
22,600	-0,192	0,013
22,650	-0,191	0,012
22,700	-0,191	0,013
22,750	-0,191	0,012
22,800	-0,191	0,013
22,850	-0,192	0,012
22,900	-0,191	0,013
22,950	-0,191	0,012
23,000	-0,191	0,013
23,050	-0,191	0,012
23,100	-0,192	0,013
23,150	-0,189	0,012
23,200	-0,187	0,014
23,250	-0,186	0,013
23,300	-0,186	0,014
23,350	-0,186	0,013
23,400	-0,186	0,014
23,450	-0,185	0,013
23,500	-0,183	0,015
23,550	-0,181	0,014
23,600	-0,181	0,015
23,650	-0,181	0,014
23,700	-0,179	0,015
23,750	-0,178	0,014
23,800	-0,177	0,016
23,850	-0,176	0,015
23,900	-0,175	0,016
23,950	-0,174	0,015
24,000	-0,174	0,017
24,050	-0,173	0,016
24,100	-0,171	0,017
24,150	-0,168	0,017
24,200	-0,166	0,018
24,250	-0,165	0,017
24,300	-0,165	0,019
24,350	-0,164	0,018
24,400	-0,163	0,019
24,450	-0,163	0,018
24,500	-0,161	0,020
24,550	-0,161	0,019
24,600	-0,160	0,020
24,650	-0,159	0,019
24,700	-0,158	0,020
24,750	-0,158	0,019
24,800	-0,156	0,021
24,850	-0,156	0,020
24,900	-0,154	0,021
24,950	-0,153	0,021
25,000	-0,152	0,022
25,050	-0,151	0,021
25,100	-0,149	0,023
25,150	-0,148	0,022
25,200	-0,147	0,024
25,250	-0,146	0,022
25,300	-0,146	0,024
25,350	-0,145	0,023
25,400	-0,144	0,025
25,450	-0,143	0,024
25,500	-0,142	0,025
25,550	-0,141	0,024
25,600	-0,141	0,026
25,650	-0,140	0,025
25,700	-0,139	0,026
25,750	-0,138	0,025
25,800	-0,138	0,026
25,850	-0,138	0,025
25,900	-0,136	0,027
25,950	-0,135	0,026
26,000	-0,134	0,028
26,050	-0,133	0,027
26,100	-0,132	0,028
26,150	-0,130	0,028
26,200	-0,129	0,029
26,250	-0,129	0,028
26,300	-0,128	0,030
26,350	-0,127	0,029
26,400	-0,126	0,030
26,450	-0,127	0,029
26,500	-0,125	0,031
26,550	-0,124	0,030
26,600	-0,124	0,031
26,650	-0,122	0,031
26,700	-0,121	0,032
26,750	-0,120	0,032
26,800	-0,120	0,032
26,850	-0,120	0,031
26,900	-0,120	0,033
26,950	-0,120	0,031
27,000	-0,120	0,033
27,050	-0,120	0,032
27,100	-0,120	0,033
27,150	-0,120	0,032
27,200	-0,120	0,033
27,250	-0,120	0,032
27,300	-0,120	0,033
27,350	-0,120	0,031
27,400	-0,120	0,033
27,450	-0,120	0,032
27,500	-0,120	0,033
27,550	-0,120	0,032
27,600	-0,120	0,032
27,650	-0,120	0,031
27,700	-0,120	0,033
27,750	-0,120	0,032
27,800	-0,120	0,033
27,850	-0,117	0,033
27,900	-0,116	0,034
27,950	-0,116	0,033
28,000	-0,116	0,034
28,050	-0,114	0,034
28,100	-0,113	0,035
28,150	-0,112	0,035
28,200	-0,112	0,036
28,250	-0,110	0,036
28,300	-0,109	0,037
28,350	-0,108	0,037
28,400	-0,107	0,038
28,450	-0,106	0,038
28,500	-0,106	0,038
28,550	-0,107	0,037
28,600	-0,105	0,039
28,650	-0,104	0,039
28,700	-0,105	0,039
28,750	-0,104	0,038
28,800	-0,104	0,039
28,850	-0,103	0,039
28,900	-0,102	0,040
28,950	-0,101	0,040
29,000	-0,102	0,040
29,050	-0,100	0,040
29,100	-0,100	0,041
29,150	-0,099	0,041
29,200	-0,099	0,042
29,250	-0,099	0,041
29,300	-0,097	0,042
29,350	-0,097	0,041
29,400	-0,097	0,042
29,450	-0,097	0,042
29,500	-0,097	0,043
29,550	-0,095	0,043
29,600	-0,096	0,043
29,650	-0,096	0,042
29,700	-0,096	0,043
29,750	-0,096	0,042
29,800	-0,096	0,043
29,850	-0,094	0,043
29,900	-0,093	0,045
29,950	-0,093	0,044
30,000	-0,092	0,045
30,050	-0,091	0,045
30,100	-0,092	0,045
30,150	-0,091	0,045
30,200	-0,091	0,045
30,250	-0,089	0,046
30,300	-0,088	0,047
30,350	-0,087	0,047
30,400	-0,086	0,049
30,450	-0,085	0,048
30,500	-0,083	0,050
30,550	-0,081	0,051
30,600	-0,080	0,052
30,650	-0,079	0,052
30,700	-0,079	0,053
30,750	-0,079	0,052
30,800	-0,078	0,053
30,850	-0,076	0,054
30,900	-0,075	0,055
30,950	-0,075	0,054
31,000	-0,075	0,055
31,050	-0,076	0,054
31,100	-0,075	0,055
31,150	-0,075	0,054
31,200	-0,074	0,056
31,250	-0,074	0,055
31,300	-0,074	0,056
31,350	-0,072	0,056
31,400	-0,071	0,057
31,450	-0,070	0,058
31,500	-0,068	0,060
31,550	-0,068	0,059
31,600	-0,068	0,060
31,650	-0,066	0,060
31,700	-0,065	0,062
31,750	-0,063	0,063
31,800	-0,060	0,066
31,850	-0,056	0,069
31,900	-0,055	0,070
31,950	-0,052	0,072
32,000	-0,052	0,074
32,050	-0,052	0,073
32,100	-0,052	0,073
32,150	-0,052	0,073
32,200	-0,052	0,073
32,250	-0,052	0,073
32,300	-0,052	0,073
32,350	-0,052	0,073
32,400	-0,052	0,073
32,450	-0,052	0,073
32,500	-0,052	0,073
32,550	-0,052	0,073
32,600	-0,052	0,073
32,650	-0,052	0,072
32,700	-0,052	0,073
32,750	-0,053	0,072
32,800	-0,052	0,073
32,850	-0,052	0,073
32,900	-0,052	0,073
32,950	-0,052	0,073
33,000	-0,052	0,073
33,050	-0,052	0,073
33,100	-0,052	0,074
33,150	-0,050	0,075
33,200	-0,047	0,079
33,250	-0,046	0,079
33,300	-0,047	0,079
33,350	-0,047	0,079
33,400	-0,046	0,079
33,450	-0,046	0,079
33,500	-0,046	0,079
33,550	-0,046	0,079
33,600	-0,046	0,079
33,650	-0,046	0,079
33,700	-0,046	0,079
33,750	-0,046	0,079
33,800	-0,046	0,080
33,850	-0,044	0,081
33,900	-0,045	0,081
33,950	-0,045	0,081
34,000	-0,045	0,081
34,050	-0,045	0,080
34,100	-0,044	0,082
34,150	-0,043	0,083
34,200	-0,043	0,082
34,250	-0,043	0,082
34,300	-0,043	0,083
34,350	-0,042	0,083
34,400	-0,041	0,085
34,450	-0,041	0,085
34,500	-0,040	0,086
34,550	-0,040	0,086
34,600	-0,040	0,087
34,650	-0,039	0,087
34,700	-0,039	0,088
34,750	-0,038	0,089
34,800	-0,037	0,090
34,850	-0,037	0,090
34,900	-0,036	0,091
34,950	-0,037	0,091
35,000	-0,036	0,092
35,050	-0,036	0,092
35,100	-0,036	0,092
35,150	-0,035	0,093
35,200	-0,035	0,094
35,250	-0,034	0,094
35,300	-0,035	0,094
35,350	-0,035	0,094
35,400	-0,033	0,096
35,450	-0,032	0,097
35,500	-0,032	0,098
35,550	-0,031	0,099
35,600	-0,031	0,099
35,650	-0,030	0,101
35,700	-0,030	0,102
35,750	-0,029	0,102
35,800	-0,030	0,102
35,850	-0,029	0,102
35,900	-0,029	0,102
35,950	-0,028	0,104
36,000	-0,028	0,105
36,050	-0,028	0,105
36,100	-0,027	0,106
36,150	-0,027	0,106
36,200	-0,027	0,107
36,250	-0,026	0,108
36,300	-0,026	0,109
36,350	-0,026	0,109
36,400	-0,025	0,111
36,450	-0,025	0,111
36,500	-0,024	0,113
36,550	-0,023	0,115
36,600	-0,022	0,117
36,650	-0,022	0,118
36,700	-0,021	0,120
36,750	-0,020	0,123
36,800	-0,019	0,124
36,850	-0,019	0,125
36,900	-0,018	0,126
36,950	-0,018	0,127
37,000	-0,018	0,127
37,050	-0,018	0,128
37,100	-0,017	0,130
37,150	-0,017	0,130
37,200	-0,017	0,130
37,250	-0,016	0,132
37,300	-0,017	0,132
37,350	-0,016	0,133
37,400	-0,015	0,135
37,450	-0,015	0,136
37,500	-0,015	0,136
37,550	-0,015	0,137
37,600	-0,014	0,138
37,650	-0,014	0,140
37,700	-0,014	0,141
37,750	-0,013	0,143
37,800	-0,012	0,146
37,850	-0,012	0,149
37,900	-0,011	0,150
37,950	-0,012	0,150
38,000	-0,012	0,149
38,050	-0,012	0,150
38,100	-0,011	0,152
38,150	-0,010	0,154
38,200	-0,011	0,153
38,250	-0,011	0,153
38,300	-0,010	0,155
38,350	-0,010	0,160
38,400	-0,009	0,163
38,450	-0,010	0,161
38,500	-0,010	0,159
38,550	-0,010	0,161
38,600	-0,008	0,164
38,650	-0,009	0,166
38,700	-0,008	0,166
38,750	-0,008	0,168
38,800	-0,008	0,168
38,850	-0,008	0,168
38,900	-0,009	0,167
38,950	-0,008	0,168
39,000	-0,008	0,169
39,050	-0,008	0,172
39,100	-0,007	0,175
39,150	-0,007	0,175
39,200	-0,007	0,174
39,250	-0,007	0,180
39,300	-0,005	0,190
39,350	-0,004	0,203
39,400	-0,004	0,210
39,450	-0,004	0,211
39,500	-0,005	0,205
39,550	-0,006	0,201
39,600	-0,005	0,201
39,650	-0,005	0,205
39,700	-0,004	0,207
39,750	-0,005	0,207
39,800	-0,005	0,204
39,850	-0,005	0,204
39,900	-0,005	0,204
39,950	-0,005	0,206
40,000	-0,004	0,209
40,050	-0,004	0,211
40,100	-0,004	0,211
40,150	-0,004	0,209
40,200	-0,004	0,208
40,250	-0,004	0,209
40,300	-0,004	0,211
40,350	-0,003	0,217
40,400	-0,002	0,225
40,450	-0,002	0,232
40,500	-0,002	0,238
40,550	-0,002	0,243
40,600	-0,002	0,245
40,650	-0,002	0,247
40,700	-0,001	0,248
40,750	-0,001	0,250
40,800	-6,000E-4	0,252
40,850	-0,001	0,254
40,900	-0,001	0,254
40,950	-6,879E-4	0,260
41,000	-1,630E-4	0,275
41,050	4,816E-4	0,300
41,100	0,001	0,326
41,150	0,002	0,352
41,200	0,002	0,372
41,250	0,002	0,389
41,300	0,002	0,399
41,350	0,002	0,404
41,400	0,002	0,402
41,450	0,002	0,397
41,500	0,001	0,389
41,550	0,001	0,383
41,600	9,088E-4	0,377
41,650	9,222E-4	0,375
41,700	7,355E-4	0,375
41,750	7,086E-4	0,378
41,800	0,002	0,380
41,850	0,002	0,383
41,900	0,001	0,383
41,950	0,002	0,385
42,000	0,002	0,384
42,050	0,002	0,386
42,100	0,002	0,385
42,150	0,002	0,386
42,200	0,002	0,386
42,250	0,002	0,386
42,300	0,001	0,385
42,350	0,001	0,386
42,400	0,001	0,385
42,450	0,002	0,386
42,500	0,002	0,385
42,550	0,002	0,386
42,600	0,002	0,385
42,650	0,001	0,386
42,700	0,002	0,385
42,750	0,001	0,386
42,800	0,001	0,385
42,850	0,001	0,386
42,900	0,002	0,385
42,950	0,001	0,386
43,000	0,002	0,385
43,050	0,002	0,386
43,100	0,002	0,385
43,150	0,002	0,386
43,200	0,002	0,385
43,250	0,002	0,386
43,300	0,002	0,385
43,350	0,001	0,386
43,400	0,002	0,385
43,450	0,002	0,386
43,500	0,001	0,385
43,550	0,002	0,386
43,600	0,002	0,385
43,650	0,001	0,386
43,700	0,002	0,385
43,750	0,001	0,386
43,800	0,002	0,385
43,850	0,002	0,386
43,900	0,002	0,385
43,950	0,002	0,386
44,000	0,002	0,385
44,050	0,001	0,382
44,100	4,169E-4	0,363
44,150	-5,798E-5	0,347
44,200	1,154E-4	0,340
44,250	1,215E-4	0,344
44,300	7,721E-4	0,354
44,350	0,002	0,369
44,400	0,002	0,380
44,450	0,002	0,390
44,500	0,002	0,395
44,550	0,002	0,397
44,600	0,002	0,395
44,650	0,002	0,393
44,700	0,002	0,389
44,750	0,001	0,387
44,800	0,001	0,386
44,850	0,002	0,387
44,900	0,001	0,387
44,950	0,002	0,390
45,000	0,002	0,390
45,050	0,002	0,390
45,100	0,001	0,386
45,150	0,001	0,385
45,200	0,001	0,382
45,250	0,001	0,382
45,300	0,001	0,380
45,350	0,001	0,384
45,400	0,002	0,386
45,450	0,002	0,389
45,500	0,002	0,389
45,550	0,002	0,390
45,600	0,002	0,388
45,650	0,001	0,388
45,700	0,002	0,386
45,750	0,002	0,387
45,800	0,002	0,387
45,850	0,002	0,388
45,900	0,002	0,387
45,950	0,002	0,388
46,000	0,001	0,387
46,050	0,001	0,388
46,100	0,002	0,387
46,150	0,002	0,388
46,200	0,002	0,387
46,250	0,001	0,388
46,300	0,001	0,387
46,350	0,001	0,388
46,400	0,001	0,387
46,450	0,002	0,388
46,500	0,001	0,387
46,550	0,002	0,388
46,600	0,002	0,387
46,650	0,002	0,388
46,700	0,002	0,387
46,750	0,002	0,388
46,800	0,002	0,387
46,850	0,002	0,388
46,900	0,001	0,386
46,950	0,002	0,387
47,000	0,001	0,386
47,050	0,002	0,388
47,100	0,002	0,386
47,150	0,002	0,387
47,200	0,001	0,385
47,250	0,001	0,386
47,300	0,001	0,385
47,350	0,002	0,387
47,400	0,002	0,386
47,450	0,002	0,387
47,500	0,001	0,385
47,550	0,001	0,386
47,600	0,002	0,386
47,650	0,001	0,386
47,700	0,001	0,386
47,750	0,001	0,387
47,800	0,001	0,385
47,850	0,001	0,387
47,900	0,001	0,385
47,950	0,001	0,386
48,000	0,002	0,386
48,050	0,002	0,387
48,100	0,002	0,386
48,150	0,001	0,386
48,200	0,001	0,385
48,250	0,002	0,387
48,300	0,001	0,385
48,350	0,001	0,386
48,400	0,001	0,385
48,450	0,002	0,387
48,500	0,001	0,385
48,550	0,001	0,386
48,600	0,002	0,385
48,650	0,002	0,387
48,700	0,001	0,385
48,750	0,002	0,387
48,800	0,001	0,385
48,850	0,001	0,386
48,900	0,001	0,385
48,950	0,001	0,387
49,000	0,001	0,385
49,050	0,001	0,386
49,100	0,002	0,386
49,150	0,001	0,386
49,200	0,002	0,386
49,250	0,002	0,387
49,300	0,002	0,386
49,350	0,001	0,386
49,400	0,002	0,385
49,450	0,002	0,387
49,500	0,002	0,386
49,550	0,002	0,387
49,600	0,002	0,386
49,650	0,001	0,386
49,700	0,002	0,385
49,750	0,002	0,387
49,800	0,001	0,385
49,850	0,001	0,387
49,900	0,002	0,388
49,950	0,002	0,390
50,000	0,002	0,389
50,050	0,002	0,388
50,100	0,002	0,385
50,150	0,002	0,385
50,200	0,001	0,384
50,250	0,001	0,385
50,300	0,002	0,385
50,350	0,002	0,387
50,400	0,001	0,386
50,450	0,002	0,387
50,500	0,002	0,385
50,550	0,002	0,386
50,600	0,002	0,385
50,650	0,002	0,386
50,700	0,001	0,385
50,750	0,002	0,386
50,800	0,002	0,385
50,850	0,002	0,386
50,900	0,002	0,385
50,950	0,002	0,386
51,000	0,001	0,385
51,050	0,002	0,386
51,100	0,001	0,385
51,150	0,002	0,386
51,200	0,001	0,385
51,250	0,001	0,386
51,300	0,001	0,385
51,350	0,001	0,386
51,400	0,001	0,385
51,450	0,002	0,386
51,500	0,002	0,385
51,550	0,001	0,386
51,600	0,001	0,386
51,650	0,002	0,390
51,700	0,002	0,392
51,750	0,002	0,396
51,800	0,002	0,400
51,850	0,002	0,408
51,900	0,002	0,417
51,950	0,002	0,431
52,000	0,002	0,450
52,050	0,002	0,475
52,100	0,002	0,503
52,150	0,002	0,540
52,200	0,002	0,584
52,250	0,002	0,639
52,300	0,003	0,699
52,350	0,003	0,768
52,400	0,004	0,842
52,450	0,004	0,923
52,500	0,007	0,997
52,550	0,011	1,053
52,600	0,011	1,064
52,650	0,007	1,038
52,700	0,004	0,998
52,750	0,003	0,966
52,800	0,002	0,945
52,850	0,002	0,940
52,900	0,003	0,947
52,950	0,004	0,964
53,000	0,005	0,981
53,050	0,006	0,993
53,100	0,006	0,994
53,150	0,005	0,988
53,200	0,004	0,977
53,250	0,003	0,970
53,300	0,003	0,968
53,350	0,004	0,972
53,400	0,005	0,978
53,450	0,005	0,982
53,500	0,005	0,982
53,550	0,004	0,981
53,600	0,005	0,980
53,650	0,005	0,983
53,700	0,005	0,985
53,750	0,005	0,988
53,800	0,005	0,987
53,850	0,005	0,988
53,900	0,005	0,990
53,950	0,006	0,994
54,000	0,006	0,996
54,050	0,006	0,997
54,100	0,006	0,995
54,150	0,006	0,995
54,200	0,006	0,995
54,250	0,006	1,000
54,300	0,007	1,004
54,350	0,007	1,009
54,400	0,007	1,009
54,450	0,006	1,008
54,500	0,006	1,006
54,550	0,007	1,009
54,600	0,007	1,013
54,650	0,007	1,018
54,700	0,008	1,019
54,750	0,007	1,018
54,800	0,007	1,016
54,850	0,007	1,015
54,900	0,007	1,015
54,950	0,008	1,021
55,000	0,008	1,026
55,050	0,008	1,030
55,100	0,008	1,029
55,150	0,008	1,027
55,200	0,007	1,024
55,250	0,007	1,024
55,300	0,008	1,026
55,350	0,008	1,029
55,400	0,008	1,031
55,450	0,009	1,035
55,500	0,009	1,036
55,550	0,009	1,039
55,600	0,009	1,042
55,650	0,010	1,044
55,700	0,009	1,043
55,750	0,009	1,043
55,800	0,010	1,045
55,850	0,010	1,050
55,900	0,010	1,051
55,950	0,010	1,052
56,000	0,010	1,053
56,050	0,011	1,055
56,100	0,011	1,057
56,150	0,011	1,058
56,200	0,011	1,060
56,250	0,011	1,063
56,300	0,012	1,066
56,350	0,012	1,069
56,400	0,013	1,073
56,450	0,013	1,078
56,500	0,013	1,078
56,550	0,013	1,078
56,600	0,013	1,080
56,650	0,014	1,087
56,700	0,015	1,091
56,750	0,015	1,094
56,800	0,015	1,093
56,850	0,015	1,093
56,900	0,016	1,095
56,950	0,016	1,097
57,000	0,016	1,098
57,050	0,017	1,103
57,100	0,018	1,106
57,150	0,017	1,105
57,200	0,017	1,103
57,250	0,017	1,103
57,300	0,017	1,105
57,350	0,018	1,108
57,400	0,018	1,108
57,450	0,018	1,107
57,500	0,017	1,106
57,550	0,018	1,107
57,600	0,018	1,107
57,650	0,018	1,107
57,700	0,018	1,107
57,750	0,019	1,110
57,800	0,019	1,112
57,850	0,019	1,114
57,900	0,020	1,115
57,950	0,020	1,116
58,000	0,020	1,116
58,050	0,020	1,117
58,100	0,021	1,120
58,150	0,022	1,123
58,200	0,022	1,124
58,250	0,022	1,124
58,300	0,022	1,124
58,350	0,023	1,126
58,400	0,024	1,129
58,450	0,024	1,129
58,500	0,023	1,128
58,550	0,023	1,128
58,600	0,024	1,130
58,650	0,024	1,131
58,700	0,024	1,131
58,750	0,026	1,134
58,800	0,026	1,136
58,850	0,026	1,135
58,900	0,026	1,136
58,950	0,026	1,136
59,000	0,026	1,136
59,050	0,026	1,136
59,100	0,026	1,136
59,150	0,027	1,137
59,200	0,027	1,139
59,250	0,027	1,138
59,300	0,027	1,139
59,350	0,028	1,140
59,400	0,028	1,141
59,450	0,029	1,142
59,500	0,028	1,141
59,550	0,028	1,141
59,600	0,028	1,141
59,650	0,028	1,141
59,700	0,029	1,143
59,750	0,029	1,144
59,800	0,029	1,144
59,850	0,030	1,145
59,900	0,031	1,146
59,950	0,030	1,146
60,000	0,031	1,147
60,050	0,031	1,148
60,100	0,032	1,149
60,150	0,032	1,149
60,200	0,032	1,149
60,250	0,032	1,150
60,300	0,034	1,152
60,350	0,034	1,153
60,400	0,033	1,152
60,450	0,033	1,152
60,500	0,033	1,153
60,550	0,034	1,153
60,600	0,035	1,155
60,650	0,036	1,156
60,700	0,036	1,156
60,750	0,037	1,158
60,800	0,037	1,159
60,850	0,038	1,160
60,900	0,039	1,162
60,950	0,039	1,161
61,000	0,040	1,163
61,050	0,040	1,163
61,100	0,040	1,164
61,150	0,041	1,165
61,200	0,041	1,165
61,250	0,040	1,164
61,300	0,041	1,166
61,350	0,041	1,166
61,400	0,042	1,166
61,450	0,043	1,167
61,500	0,043	1,168
61,550	0,044	1,169
61,600	0,045	1,170
61,650	0,045	1,171
61,700	0,045	1,171
61,750	0,045	1,170
61,800	0,045	1,171
61,850	0,046	1,171
61,900	0,046	1,173
61,950	0,047	1,172
62,000	0,046	1,173
62,050	0,048	1,173
62,100	0,048	1,174
62,150	0,049	1,175
62,200	0,049	1,176
62,250	0,050	1,176
62,300	0,050	1,178
62,350	0,050	1,176
62,400	0,050	1,178
62,450	0,051	1,178
62,500	0,051	1,179
62,550	0,052	1,179
62,600	0,052	1,180
62,650	0,052	1,179
62,700	0,053	1,181
62,750	0,053	1,180
62,800	0,054	1,181
62,850	0,055	1,182
62,900	0,055	1,182
62,950	0,056	1,183
63,000	0,057	1,184
63,050	0,057	1,184
63,100	0,058	1,186
63,150	0,057	1,184
63,200	0,058	1,185
63,250	0,058	1,185
63,300	0,059	1,187
63,350	0,060	1,187
63,400	0,061	1,189
63,450	0,062	1,188
63,500	0,062	1,190
63,550	0,062	1,188
63,600	0,062	1,190
63,650	0,063	1,189
63,700	0,063	1,191
63,750	0,063	1,190
63,800	0,064	1,191
63,850	0,064	1,191
63,900	0,065	1,192
63,950	0,066	1,192
64,000	0,066	1,193
64,050	0,066	1,192
64,100	0,066	1,193
64,150	0,067	1,193
64,200	0,068	1,195
64,250	0,069	1,194
64,300	0,069	1,196
64,350	0,070	1,195
64,400	0,070	1,197
64,450	0,072	1,197
64,500	0,072	1,198
64,550	0,073	1,198
64,600	0,074	1,199
64,650	0,074	1,199
64,700	0,074	1,200
64,750	0,074	1,199
64,800	0,074	1,200
64,850	0,074	1,198
64,900	0,074	1,200
64,950	0,074	1,199
65,000	0,074	1,199
65,050	0,074	1,198
65,100	0,074	1,199
65,150	0,074	1,199
65,200	0,074	1,200
65,250	0,074	1,199
65,300	0,074	1,200
65,350	0,074	1,199
65,400	0,074	1,199
65,450	0,074	1,199
65,500	0,074	1,199
65,550	0,074	1,198
65,600	0,074	1,199
65,650	0,074	1,198
65,700	0,074	1,199
65,750	0,074	1,198
65,800	0,074	1,199
65,850	0,074	1,198
65,900	0,074	1,199
65,950	0,075	1,199
66,000	0,076	1,201
66,050	0,075	1,199
66,100	0,076	1,201
66,150	0,076	1,199
66,200	0,076	1,201
66,250	0,079	1,202
66,300	0,079	1,203
66,350	0,080	1,203
66,400	0,081	1,204
66,450	0,081	1,203
66,500	0,082	1,205
66,550	0,083	1,204
66,600	0,083	1,205
66,650	0,084	1,205
66,700	0,085	1,207
66,750	0,086	1,206
66,800	0,087	1,208
66,850	0,087	1,207
66,900	0,089	1,209
66,950	0,090	1,209
67,000	0,091	1,210
67,050	0,092	1,210
67,100	0,093	1,211
67,150	0,094	1,211
67,200	0,095	1,213
67,250	0,096	1,212
67,300	0,097	1,214
67,350	0,098	1,213
67,400	0,099	1,215
67,450	0,101	1,215
67,500	0,102	1,217
67,550	0,103	1,216
67,600	0,104	1,218
67,650	0,105	1,217
67,700	0,106	1,218
67,750	0,107	1,218
67,800	0,108	1,219
67,850	0,110	1,219
67,900	0,111	1,221
67,950	0,112	1,220
68,000	0,114	1,222
68,050	0,115	1,221
68,100	0,116	1,223
68,150	0,117	1,222
68,200	0,118	1,224
68,250	0,118	1,223
68,300	0,120	1,224
68,350	0,121	1,224
68,400	0,122	1,225
68,450	0,122	1,224
68,500	0,122	1,225
68,550	0,122	1,224
68,600	0,122	1,225
68,650	0,122	1,224
68,700	0,122	1,225
68,750	0,122	1,224
68,800	0,122	1,225
68,850	0,122	1,224
68,900	0,122	1,225
68,950	0,122	1,224
69,000	0,123	1,226
69,050	0,123	1,224
69,100	0,122	1,225
69,150	0,122	1,224
69,200	0,122	1,225
69,250	0,123	1,224
69,300	0,122	1,225
69,350	0,122	1,224
69,400	0,122	1,225
69,450	0,124	1,225
69,500	0,126	1,227
69,550	0,127	1,226
69,600	0,127	1,227
69,650	0,127	1,226
69,700	0,128	1,227
69,750	0,131	1,228
69,800	0,132	1,229
69,850	0,133	1,228
69,900	0,134	1,230
69,950	0,135	1,229
70,000	0,137	1,231
70,050	0,139	1,231
70,100	0,141	1,232
70,150	0,143	1,232
70,200	0,144	1,233
70,250	0,145	1,232
70,300	0,146	1,234
70,350	0,147	1,233
70,400	0,149	1,235
70,450	0,151	1,234
70,500	0,153	1,236
70,550	0,154	1,235
70,600	0,156	1,237
70,650	0,157	1,236
70,700	0,159	1,237
70,750	0,160	1,237
70,800	0,161	1,238
70,850	0,162	1,237
70,900	0,163	1,238
70,950	0,164	1,238
71,000	0,164	1,239
71,050	0,166	1,238
71,100	0,167	1,239
71,150	0,167	1,239
71,200	0,168	1,240
71,250	0,169	1,239
71,300	0,170	1,240
71,350	0,171	1,240
71,400	0,172	1,241
71,450	0,173	1,240
71,500	0,174	1,241
71,550	0,174	1,240
71,600	0,175	1,242
71,650	0,174	1,240
71,700	0,174	1,241
71,750	0,174	1,240
71,800	0,174	1,241
71,850	0,174	1,240
71,900	0,175	1,242
71,950	0,175	1,241
72,000	0,174	1,241
72,050	0,174	1,240
72,100	0,175	1,241
72,150	0,175	1,241
72,200	0,175	1,241
72,250	0,174	1,240
72,300	0,175	1,241
72,350	0,176	1,241
72,400	0,180	1,242
72,450	0,182	1,242
72,500	0,182	1,243
72,550	0,184	1,243
72,600	0,185	1,243
72,650	0,187	1,243
72,700	0,188	1,244
72,750	0,189	1,244
72,800	0,191	1,245
72,850	0,193	1,244
72,900	0,196	1,246
72,950	0,198	1,246
73,000	0,201	1,247
73,050	0,202	1,246
73,100	0,203	1,247
73,150	0,204	1,247
73,200	0,204	1,247
73,250	0,205	1,247
73,300	0,207	1,248
73,350	0,208	1,247
73,400	0,210	1,248
73,450	0,212	1,248
73,500	0,214	1,249
73,550	0,215	1,248
73,600	0,216	1,249
73,650	0,217	1,249
73,700	0,217	1,249
73,750	0,217	1,249
73,800	0,218	1,249
73,850	0,219	1,249
73,900	0,219	1,250
73,950	0,220	1,249
74,000	0,220	1,250
74,050	0,220	1,249
74,100	0,220	1,249
74,150	0,220	1,249
74,200	0,221	1,250
74,250	0,221	1,249
74,300	0,220	1,250
74,350	0,220	1,249
74,400	0,220	1,250
74,450	0,220	1,249
74,500	0,220	1,249
74,550	0,220	1,249
74,600	0,221	1,250
74,650	0,225	1,250
74,700	0,227	1,250
74,750	0,228	1,251
74,800	0,229	1,251
74,850	0,229	1,250
74,900	0,231	1,251
74,950	0,233	1,251
75,000	0,234	1,251
75,050	0,236	1,251
75,100	0,237	1,251
75,150	0,239	1,252
75,200	0,240	1,252
75,250	0,240	1,252
75,300	0,241	1,252
75,350	0,242	1,252
75,400	0,243	1,252
75,450	0,245	1,252
75,500	0,246	1,253
75,550	0,247	1,253
75,600	0,248	1,253
75,650	0,249	1,253
75,700	0,250	1,253
75,750	0,252	1,253
75,800	0,253	1,253
75,850	0,255	1,253
75,900	0,256	1,253
75,950	0,257	1,253
76,000	0,258	1,254
76,050	0,259	1,254
76,100	0,261	1,254
76,150	0,261	1,254
76,200	0,263	1,254
76,250	0,263	1,254
76,300	0,264	1,254
76,350	0,264	1,254
76,400	0,264	1,254
76,450	0,265	1,254
76,500	0,265	1,254
76,550	0,265	1,254
76,600	0,265	1,254
76,650	0,265	1,254
76,700	0,265	1,254
76,750	0,265	1,254
76,800	0,265	1,254
76,850	0,265	1,254
76,900	0,265	1,254
76,950	0,265	1,254
77,000	0,265	1,254
77,050	0,265	1,254
77,100	0,266	1,254
77,150	0,270	1,254
77,200	0,273	1,254
77,250	0,273	1,255
77,300	0,274	1,255
77,350	0,275	1,255
77,400	0,277	1,255
77,450	0,278	1,255
77,500	0,279	1,255
77,550	0,280	1,255
77,600	0,281	1,255
77,650	0,282	1,255
77,700	0,284	1,255
77,750	0,285	1,256
77,800	0,286	1,255
77,850	0,287	1,256
77,900	0,287	1,255
77,950	0,288	1,256
78,000	0,290	1,255
78,050	0,291	1,256
78,100	0,293	1,255
78,150	0,294	1,256
78,200	0,295	1,256
78,250	0,295	1,256
78,300	0,296	1,256
78,350	0,296	1,256
78,400	0,296	1,256
78,450	0,296	1,256
78,500	0,296	1,256
78,550	0,296	1,256
78,600	0,296	1,255
78,650	0,296	1,256
78,700	0,296	1,255
78,750	0,297	1,256
78,800	0,296	1,256
78,850	0,297	1,256
78,900	0,297	1,256
78,950	0,299	1,256
79,000	0,303	1,256
79,050	0,303	1,256
79,100	0,304	1,256
79,150	0,305	1,256
79,200	0,306	1,256
79,250	0,307	1,257
79,300	0,308	1,256
79,350	0,309	1,257
79,400	0,310	1,256
79,450	0,311	1,257
79,500	0,311	1,256
79,550	0,313	1,257
79,600	0,315	1,256
79,650	0,317	1,257
79,700	0,318	1,256
79,750	0,318	1,257
79,800	0,319	1,256
79,850	0,320	1,257
79,900	0,321	1,257
79,950	0,322	1,257
80,000	0,323	1,256
80,050	0,323	1,257
80,100	0,324	1,256
80,150	0,325	1,257
80,200	0,326	1,256
80,250	0,327	1,257
80,300	0,328	1,257
80,350	0,329	1,258
80,400	0,329	1,257
80,450	0,329	1,258
80,500	0,329	1,256
80,550	0,329	1,257
80,600	0,329	1,257
80,650	0,331	1,257
80,700	0,331	1,257
80,750	0,332	1,257
80,800	0,334	1,257
80,850	0,336	1,258
80,900	0,337	1,257
80,950	0,339	1,258
81,000	0,340	1,257
81,050	0,342	1,258
81,100	0,343	1,257
81,150	0,344	1,258
81,200	0,345	1,257
81,250	0,346	1,258
81,300	0,347	1,257
81,350	0,348	1,258
81,400	0,349	1,256
81,450	0,351	1,258
81,500	0,352	1,257
81,550	0,353	1,258
81,600	0,354	1,257
81,650	0,356	1,258
81,700	0,357	1,257
81,750	0,358	1,258
81,800	0,358	1,257
81,850	0,359	1,258
81,900	0,359	1,257
81,950	0,359	1,258
82,000	0,359	1,257
82,050	0,360	1,258
82,100	0,361	1,257
82,150	0,361	1,258
82,200	0,362	1,257
82,250	0,362	1,258
82,300	0,362	1,257
82,350	0,362	1,258
82,400	0,362	1,257
82,450	0,362	1,258
82,500	0,362	1,257
82,550	0,362	1,258
82,600	0,362	1,257
82,650	0,362	1,258
82,700	0,362	1,257
82,750	0,362	1,258
82,800	0,362	1,257
82,850	0,362	1,258
82,900	0,362	1,257
82,950	0,362	1,258
83,000	0,362	1,257
83,050	0,362	1,258
83,100	0,362	1,257
83,150	0,362	1,258
83,200	0,362	1,257
83,250	0,362	1,258
83,300	0,362	1,257
83,350	0,362	1,258
83,400	0,362	1,257
83,450	0,362	1,258
83,500	0,362	1,257
83,550	0,365	1,258
83,600	0,367	1,257
83,650	0,368	1,258
83,700	0,369	1,257
83,750	0,370	1,259
83,800	0,371	1,257
83,850	0,371	1,258
83,900	0,371	1,257
83,950	0,371	1,258
84,000	0,372	1,257
84,050	0,373	1,258
84,100	0,374	1,257
84,150	0,375	1,258
84,200	0,376	1,257
84,250	0,377	1,258
84,300	0,378	1,257
84,350	0,379	1,258
84,400	0,380	1,258
84,450	0,381	1,259
84,500	0,382	1,257
84,550	0,383	1,259
84,600	0,384	1,258
84,650	0,385	1,259
84,700	0,387	1,258
84,750	0,388	1,259
84,800	0,389	1,258
84,850	0,390	1,259
84,900	0,391	1,258
84,950	0,393	1,259
85,000	0,394	1,257
85,050	0,395	1,259
85,100	0,396	1,258
85,150	0,397	1,259
85,200	0,398	1,258
85,250	0,400	1,259
85,300	0,401	1,258
85,350	0,402	1,259
85,400	0,403	1,258
85,450	0,403	1,259
85,500	0,404	1,258
85,550	0,404	1,259
85,600	0,404	1,258
85,650	0,404	1,259
85,700	0,404	1,258
85,750	0,404	1,259
85,800	0,404	1,258
85,850	0,404	1,259
85,900	0,404	1,258
85,950	0,404	1,259
86,000	0,404	1,258
86,050	0,404	1,259
86,100	0,404	1,258
86,150	0,404	1,259
86,200	0,404	1,258
86,250	0,404	1,259
86,300	0,404	1,258
86,350	0,404	1,259
86,400	0,404	1,258
86,450	0,404	1,259
86,500	0,404	1,258
86,550	0,404	1,259
86,600	0,404	1,258
86,650	0,404	1,259
86,700	0,405	1,258
86,750	0,406	1,259
86,800	0,406	1,258
86,850	0,406	1,259
86,900	0,407	1,258
86,950	0,408	1,259
87,000	0,409	1,258
87,050	0,410	1,259
87,100	0,411	1,258
87,150	0,412	1,259
87,200	0,413	1,258
87,250	0,413	1,259
87,300	0,414	1,258
87,350	0,414	1,259
87,400	0,415	1,258
87,450	0,416	1,259
87,500	0,417	1,258
87,550	0,417	1,259
87,600	0,417	1,258
87,650	0,418	1,259
87,700	0,418	1,258
87,750	0,419	1,259
87,800	0,420	1,258
87,850	0,421	1,259
87,900	0,422	1,258
87,950	0,423	1,259
88,000	0,424	1,258
88,050	0,425	1,259
88,100	0,426	1,258
88,150	0,426	1,259
88,200	0,427	1,258
88,250	0,428	1,259
88,300	0,428	1,258
88,350	0,428	1,259
88,400	0,428	1,258
88,450	0,429	1,259
88,500	0,429	1,258
88,550	0,430	1,259
88,600	0,431	1,258
88,650	0,431	1,259
88,700	0,431	1,258
88,750	0,431	1,259
88,800	0,432	1,258
88,850	0,432	1,259
88,900	0,433	1,258
88,950	0,433	1,259
89,000	0,434	1,258
89,050	0,434	1,259
89,100	0,434	1,258
89,150	0,435	1,259
89,200	0,435	1,258
89,250	0,436	1,259
89,300	0,436	1,258
89,350	0,437	1,259
89,400	0,437	1,258
89,450	0,438	1,259
89,500	0,438	1,258
89,550	0,439	1,259
89,600	0,440	1,259
89,650	0,440	1,259
89,700	0,440	1,258
89,750	0,440	1,259
89,800	0,440	1,258
89,850	0,441	1,259
89,900	0,441	1,258
89,950	0,442	1,259
90,000	0,442	1,258
90,050	0,442	1,259
90,100	0,442	1,258
90,150	0,442	1,259
90,200	0,443	1,258
90,250	0,442	1,259
90,300	0,443	1,258
90,350	0,443	1,259
90,400	0,442	1,258
90,450	0,443	1,259
90,500	0,443	1,258
90,550	0,443	1,259
90,600	0,444	1,258
90,650	0,444	1,259
90,700	0,445	1,258
90,750	0,445	1,259
90,800	0,445	1,258
90,850	0,444	1,259
90,900	0,445	1,258
90,950	0,445	1,259
91,000	0,446	1,258
91,050	0,445	1,259
91,100	0,446	1,258
91,150	0,446	1,259
91,200	0,446	1,258
91,250	0,446	1,259
91,300	0,446	1,258
91,350	0,447	1,259
91,400	0,447	1,258
91,450	0,447	1,259
91,500	0,447	1,258
91,550	0,448	1,259
91,600	0,448	1,258
91,650	0,448	1,259
91,700	0,448	1,258
91,750	0,448	1,259
91,800	0,448	1,258
91,850	0,449	1,259
91,900	0,449	1,258
91,950	0,449	1,259
92,000	0,449	1,258
92,050	0,450	1,259
92,100	0,450	1,258
92,150	0,450	1,259
92,200	0,450	1,258
92,250	0,450	1,259
92,300	0,450	1,258
92,350	0,451	1,259
92,400	0,451	1,258
92,450	0,451	1,259
92,500	0,452	1,258
92,550	0,452	1,259
92,600	0,452	1,258
92,650	0,452	1,259
92,700	0,453	1,258
92,750	0,453	1,259
92,800	0,453	1,258
92,850	0,453	1,259
92,900	0,454	1,258
92,950	0,454	1,259
93,000	0,454	1,258
93,050	0,454	1,259
93,100	0,454	1,259
93,150	0,454	1,259
93,200	0,454	1,259
93,250	0,454	1,259
93,300	0,454	1,258
93,350	0,454	1,259
93,400	0,455	1,258
93,450	0,455	1,259
93,500	0,455	1,258
93,550	0,455	1,259
93,600	0,455	1,258
93,650	0,454	1,259
93,700	0,455	1,258
93,750	0,455	1,259
93,800	0,455	1,258
93,850	0,455	1,259
93,900	0,454	1,258
93,950	0,455	1,259
94,000	0,455	1,258
94,050	0,455	1,259
94,100	0,455	1,259
94,150	0,455	1,259
94,200	0,455	1,258
94,250	0,455	1,259
94,300	0,455	1,258
94,350	0,455	1,259
94,400	0,456	1,258
94,450	0,456	1,259
94,500	0,456	1,258
94,550	0,456	1,259
94,600	0,456	1,258
94,650	0,456	1,259
94,700	0,457	1,258
94,750	0,457	1,259
94,800	0,457	1,258
94,850	0,457	1,259
94,900	0,458	1,258
94,950	0,458	1,259
95,000	0,457	1,258
95,050	0,457	1,259
95,100	0,457	1,258
95,150	0,457	1,259
95,200	0,458	1,258
95,250	0,458	1,259
95,300	0,457	1,258
95,350	0,458	1,259
95,400	0,458	1,259
95,450	0,458	1,259
95,500	0,457	1,258
95,550	0,457	1,259
95,600	0,458	1,258
95,650	0,458	1,259
95,700	0,458	1,258
95,750	0,458	1,259
95,800	0,458	1,258
95,850	0,458	1,259
95,900	0,458	1,258
95,950	0,458	1,259
96,000	0,458	1,259
96,050	0,458	1,259
96,100	0,458	1,258
96,150	0,458	1,259
96,200	0,457	1,258
96,250	0,458	1,259
96,300	0,458	1,258
96,350	0,458	1,259
96,400	0,458	1,258
96,450	0,458	1,259
96,500	0,458	1,258
96,550	0,458	1,259
96,600	0,458	1,258
96,650	0,458	1,259
96,700	0,458	1,259
96,750	0,458	1,259
96,800	0,458	1,259
96,850	0,458	1,259
96,900	0,457	1,258
96,950	0,458	1,259
97,000	0,458	1,258
97,050	0,458	1,258
97,100	0,458	1,258
97,150	0,458	1,258
97,200	0,458	1,258
97,250	0,458	1,258
97,300	0,458	1,259
97,350	0,458	1,258
97,400	0,458	1,258
97,450	0,458	1,259
97,500	0,458	1,259
97,550	0,458	1,259
97,600	0,458	1,258
97,650	0,458	1,259
97,700	0,458	1,258
97,750	0,458	1,259
97,800	0,458	1,259
97,850	0,458	1,259
97,900	0,458	1,259
97,950	0,458	1,259
98,000	0,458	1,259
98,050	0,458	1,259
98,100	0,458	1,259
98,150	0,458	1,259
98,200	0,458	1,259
98,250	0,457	1,258
98,300	0,458	1,259
98,350	0,458	1,258
98,400	0,457	1,258
98,450	0,458	1,258
98,500	0,458	1,259
98,550	0,458	1,258
98,600	0,458	1,258
98,650	0,458	1,258
98,700	0,458	1,258
98,750	0,458	1,258
98,800	0,458	1,259
98,850	0,458	1,259
98,900	0,458	1,258
98,950	0,458	1,259
99,000	0,458	1,259
99,050	0,458	1,258
99,100	0,458	1,259
99,150	0,458	1,258
99,200	0,458	1,259
99,250	0,458	1,258
99,300	0,458	1,259
99,350	0,458	1,259
99,400	0,458	1,259
99,450	0,458	1,259
99,500	0,458	1,258
99,550	0,458	1,258
99,600	0,458	1,259
99,650	0,458	1,258
99,700	0,458	1,258
99,750	0,458	1,258
99,800	0,458	1,258
99,850	0,458	1,258
99,900	0,458	1,258
99,950	0,457	1,258
100,000	0,458	1,259
100,050	0,458	1,258
100,100	0,458	1,258
100,150	0,458	1,258
100,200	0,458	1,259
100,250	0,458	1,258
100,300	0,458	1,258
100,350	0,458	1,258
100,400	0,458	1,258
100,450	0,458	1,258
100,500	0,457	1,258
100,550	0,458	1,258
100,600	0,458	1,259
100,650	0,458	1,258
100,700	0,458	1,258
100,750	0,458	1,258
100,800	0,457	1,258
100,850	0,458	1,258
100,900	0,458	1,258
100,950	0,458	1,258
101,000	0,458	1,259
101,050	0,458	1,258
101,100	0,458	1,258
101,150	0,458	1,258
101,200	0,458	1,259
101,250	0,458	1,259
101,300	0,458	1,259
101,350	0,458	1,258
101,400	0,458	1,258
101,450	0,458	1,258
101,500	0,458	1,259
101,550	0,458	1,258
101,600	0,458	1,259
101,650	0,458	1,258
101,700	0,458	1,258
101,750	0,458	1,258
101,800	0,458	1,259
101,850	0,458	1,258
101,900	0,458	1,259
101,950	0,458	1,258
102,000	0,458	1,259
102,050	0,458	1,258
102,100	0,458	1,258
102,150	0,458	1,258
102,200	0,458	1,259
102,250	0,458	1,258
102,300	0,458	1,258
102,350	0,458	1,258
102,400	0,458	1,258
102,450	0,458	1,258
102,500	0,458	1,259
102,550	0,458	1,258
102,600	0,457	1,258
102,650	0,458	1,258
102,700	0,458	1,259
102,750	0,458	1,258
102,800	0,458	1,259
102,850	0,458	1,258
102,900	0,458	1,258
102,950	0,459	1,258
103,000	0,459	1,258
103,050	0,459	1,258
103,100	0,459	1,259
103,150	0,459	1,258
103,200	0,459	1,258
103,250	0,459	1,258
103,300	0,459	1,259
103,350	0,459	1,258
103,400	0,459	1,258
103,450	0,459	1,258
103,500	0,459	1,258
103,550	0,460	1,258
103,600	0,460	1,259
103,650	0,460	1,258
103,700	0,460	1,259
103,750	0,460	1,258
103,800	0,460	1,259
103,850	0,460	1,258
103,900	0,460	1,258
103,950	0,460	1,258
104,000	0,461	1,259
104,050	0,460	1,258
104,100	0,461	1,259
104,150	0,461	1,258
104,200	0,461	1,258
104,250	0,461	1,258
104,300	0,461	1,259
104,350	0,461	1,257
104,400	0,461	1,258
104,450	0,461	1,258
104,500	0,461	1,259
104,550	0,461	1,258
104,600	0,461	1,259
104,650	0,461	1,258
104,700	0,461	1,259
104,750	0,461	1,258
104,800	0,462	1,259
104,850	0,462	1,258
104,900	0,461	1,259
104,950	0,462	1,258
105,000	0,462	1,259
105,050	0,462	1,258
105,100	0,462	1,259
105,150	0,462	1,258
105,200	0,462	1,259
105,250	0,462	1,258
105,300	0,462	1,258
105,350	0,462	1,258
105,400	0,462	1,258
105,450	0,462	1,258
105,500	0,462	1,259
105,550	0,462	1,258
105,600	0,462	1,259
105,650	0,462	1,258
105,700	0,462	1,259
105,750	0,462	1,258
105,800	0,462	1,259
105,850	0,462	1,257
105,900	0,462	1,258
105,950	0,463	1,258
106,000	0,463	1,259
106,050	0,463	1,258
106,100	0,463	1,259
106,150	0,463	1,258
106,200	0,463	1,259
106,250	0,463	1,258
106,300	0,463	1,259
106,350	0,463	1,258
106,400	0,463	1,259
106,450	0,463	1,258
106,500	0,462	1,258
106,550	0,463	1,258
106,600	0,463	1,259
106,650	0,463	1,258
106,700	0,463	1,259
106,750	0,462	1,258
106,800	0,462	1,258
106,850	0,462	1,257
106,900	0,463	1,259
106,950	0,463	1,258
107,000	0,463	1,259
107,050	0,463	1,258
107,100	0,463	1,259
107,150	0,463	1,258
107,200	0,463	1,259
107,250	0,463	1,258
107,300	0,463	1,259
107,350	0,462	1,258
107,400	0,462	1,258
107,450	0,462	1,257
107,500	0,462	1,258
107,550	0,463	1,258
107,600	0,462	1,258
107,650	0,463	1,258
107,700	0,463	1,259
107,750	0,463	1,258
107,800	0,463	1,259
107,850	0,463	1,258
107,900	0,463	1,259
107,950	0,462	1,257
108,000	0,463	1,259
108,050	0,462	1,257
108,100	0,463	1,258
108,150	0,463	1,258
108,200	0,463	1,259
108,250	0,463	1,258
108,300	0,463	1,259
108,350	0,462	1,257
108,400	0,462	1,259
108,450	0,462	1,257
108,500	0,463	1,259
108,550	0,462	1,257
108,600	0,463	1,259
108,650	0,463	1,258
108,700	0,463	1,259
108,750	0,463	1,257
108,800	0,462	1,258
108,850	0,462	1,257
108,900	0,462	1,258
108,950	0,463	1,258
109,000	0,463	1,259
109,050	0,463	1,257
109,100	0,463	1,259
109,150	0,463	1,258
109,200	0,463	1,259
109,250	0,462	1,257
109,300	0,462	1,258
109,350	0,463	1,257
109,400	0,462	1,259
109,450	0,463	1,257
109,500	0,462	1,258
109,550	0,463	1,258
109,600	0,463	1,259
109,650	0,463	1,257
109,700	0,463	1,259
109,750	0,463	1,257
109,800	0,463	1,259
109,850	0,463	1,258
109,900	0,462	1,258
109,950	0,462	1,257
110,000	0,462	1,258
110,050	0,463	1,257
110,100	0,463	1,259
110,150	0,463	1,258
110,200	0,463	1,259
110,250	0,463	1,257
110,300	0,463	1,259
110,350	0,463	1,257
110,400	0,463	1,258
110,450	0,462	1,257
110,500	0,463	1,258
110,550	0,463	1,257
110,600	0,462	1,258
110,650	0,463	1,257
110,700	0,463	1,259
110,750	0,463	1,257
110,800	0,463	1,258
110,850	0,463	1,257
110,900	0,462	1,258
110,950	0,463	1,257
111,000	0,463	1,258
111,050	0,463	1,258
111,100	0,463	1,258
111,150	0,463	1,257
111,200	0,463	1,259
111,250	0,462	1,257
111,300	0,462	1,258
111,350	0,463	1,258
111,400	0,463	1,259
111,450	0,463	1,257
111,500	0,463	1,259
111,550	0,463	1,257
111,600	0,463	1,259
111,650	0,463	1,257
111,700	0,463	1,258
111,750	0,463	1,258
111,800	0,463	1,258
111,850	0,463	1,257
111,900	0,463	1,258
111,950	0,462	1,257
112,000	0,463	1,258
112,050	0,463	1,257
112,100	0,462	1,258
112,150	0,463	1,257
112,200	0,463	1,258
112,250	0,463	1,257
112,300	0,462	1,258
112,350	0,462	1,257
112,400	0,461	1,258
112,450	0,460	1,257
112,500	0,459	1,258
112,550	0,459	1,257
112,600	0,459	1,258
112,650	0,458	1,257
112,700	0,458	1,258
112,750	0,457	1,257
112,800	0,457	1,258
112,850	0,456	1,257
112,900	0,456	1,258
112,950	0,455	1,257
113,000	0,455	1,258
113,050	0,454	1,257
113,100	0,454	1,258
113,150	0,453	1,257
113,200	0,452	1,258
113,250	0,451	1,257
113,300	0,450	1,258
113,350	0,449	1,257
113,400	0,449	1,258
113,450	0,449	1,257
113,500	0,448	1,258
113,550	0,448	1,257
113,600	0,448	1,258
113,650	0,448	1,257
113,700	0,447	1,258
113,750	0,447	1,257
113,800	0,446	1,258
113,850	0,445	1,257
113,900	0,444	1,258
113,950	0,444	1,257
114,000	0,443	1,258
114,050	0,443	1,257
114,100	0,442	1,258
114,150	0,441	1,257
114,200	0,439	1,258
114,250	0,439	1,257
114,300	0,438	1,258
114,350	0,438	1,257
114,400	0,437	1,258
114,450	0,436	1,257
114,500	0,436	1,258
114,550	0,435	1,257
114,600	0,435	1,258
114,650	0,435	1,257
114,700	0,436	1,258
114,750	0,435	1,257
114,800	0,436	1,258
114,850	0,436	1,257
114,900	0,436	1,258
114,950	0,435	1,257
115,000	0,435	1,258
115,050	0,435	1,257
115,100	0,436	1,258
115,150	0,435	1,257
115,200	0,435	1,258
115,250	0,435	1,257
115,300	0,435	1,258
115,350	0,435	1,257
115,400	0,435	1,258
115,450	0,435	1,257
115,500	0,435	1,258
115,550	0,435	1,257
115,600	0,435	1,258
115,650	0,435	1,257
115,700	0,435	1,258
115,750	0,435	1,257
115,800	0,435	1,258
115,850	0,435	1,257
115,900	0,435	1,258
115,950	0,435	1,257
116,000	0,435	1,258
116,050	0,435	1,257
116,100	0,435	1,258
116,150	0,434	1,257
116,200	0,435	1,258
116,250	0,435	1,257
116,300	0,435	1,258
116,350	0,435	1,257
116,400	0,435	1,258
116,450	0,435	1,257
116,500	0,435	1,258
116,550	0,435	1,257
116,600	0,434	1,258
116,650	0,434	1,257
116,700	0,433	1,258
116,750	0,432	1,257
116,800	0,431	1,258
116,850	0,430	1,256
116,900	0,429	1,257
116,950	0,428	1,257
117,000	0,427	1,258
117,050	0,426	1,257
117,100	0,425	1,258
117,150	0,425	1,257
117,200	0,425	1,257
117,250	0,424	1,257
117,300	0,422	1,257
117,350	0,419	1,256
117,400	0,419	1,258
117,450	0,418	1,257
117,500	0,418	1,257
117,550	0,417	1,257
117,600	0,417	1,258
117,650	0,416	1,257
117,700	0,415	1,257
117,750	0,414	1,257
117,800	0,413	1,258
117,850	0,412	1,256
117,900	0,411	1,257
117,950	0,409	1,256
118,000	0,407	1,257
118,050	0,406	1,256
118,100	0,404	1,257
118,150	0,403	1,256
118,200	0,402	1,257
118,250	0,401	1,256
118,300	0,401	1,257
118,350	0,400	1,256
118,400	0,400	1,257
118,450	0,399	1,256
118,500	0,398	1,257
118,550	0,397	1,256
118,600	0,396	1,257
118,650	0,395	1,256
118,700	0,394	1,257
118,750	0,394	1,256
118,800	0,392	1,257
118,850	0,391	1,256
118,900	0,390	1,257
118,950	0,391	1,257
119,000	0,390	1,257
119,050	0,390	1,256
119,100	0,389	1,257
119,150	0,389	1,256
119,200	0,388	1,257
119,250	0,388	1,256
119,300	0,387	1,257
119,350	0,387	1,256
119,400	0,387	1,257
119,450	0,386	1,256
119,500	0,385	1,257
119,550	0,385	1,256
119,600	0,384	1,257
119,650	0,382	1,256
119,700	0,381	1,256
119,750	0,380	1,256
119,800	0,379	1,257
119,850	0,379	1,256
119,900	0,380	1,257
119,950	0,379	1,256
120,000	0,379	1,257
120,050	0,378	1,256
120,100	0,378	1,257
120,150	0,378	1,256
120,200	0,378	1,256
120,250	0,378	1,256
120,300	0,378	1,257
120,350	0,377	1,256
120,400	0,376	1,256
120,450	0,376	1,256
120,500	0,376	1,256
120,550	0,375	1,256
120,600	0,375	1,256
120,650	0,375	1,256
120,700	0,375	1,257
120,750	0,375	1,256
120,800	0,375	1,257
120,850	0,375	1,256
120,900	0,375	1,256
120,950	0,375	1,256
121,000	0,375	1,256
121,050	0,375	1,256
121,100	0,375	1,256
121,150	0,375	1,256
121,200	0,375	1,256
121,250	0,375	1,256
121,300	0,375	1,256
121,350	0,375	1,256
121,400	0,375	1,256
121,450	0,375	1,256
121,500	0,375	1,256
121,550	0,375	1,256
121,600	0,375	1,256
121,650	0,375	1,256
121,700	0,375	1,256
121,750	0,375	1,256
121,800	0,375	1,256
121,850	0,375	1,256
121,900	0,375	1,256
121,950	0,375	1,256
122,000	0,374	1,256
122,050	0,373	1,256
122,100	0,373	1,256
122,150	0,372	1,256
122,200	0,371	1,256
122,250	0,370	1,256
122,300	0,370	1,256
122,350	0,369	1,256
122,400	0,368	1,256
122,450	0,367	1,256
122,500	0,366	1,256
122,550	0,365	1,256
122,600	0,363	1,256
122,650	0,362	1,256
122,700	0,362	1,256
122,750	0,360	1,255
122,800	0,360	1,256
122,850	0,358	1,256
122,900	0,357	1,255
122,950	0,357	1,256
123,000	0,357	1,256
123,050	0,356	1,256
123,100	0,355	1,255
123,150	0,354	1,256
123,200	0,354	1,256
123,250	0,353	1,255
123,300	0,354	1,255
123,350	0,353	1,255
123,400	0,352	1,255
123,450	0,351	1,255
123,500	0,351	1,255
123,550	0,350	1,255
123,600	0,350	1,255
123,650	0,349	1,255
123,700	0,348	1,255
123,750	0,347	1,255
123,800	0,346	1,255
123,850	0,346	1,255
123,900	0,346	1,255
123,950	0,345	1,255
124,000	0,345	1,255
124,050	0,344	1,255
124,100	0,344	1,255
124,150	0,343	1,255
124,200	0,343	1,255
124,250	0,343	1,255
124,300	0,343	1,255
124,350	0,343	1,255
124,400	0,343	1,255
124,450	0,343	1,255
124,500	0,343	1,255
124,550	0,343	1,256
124,600	0,343	1,255
124,650	0,343	1,255
124,700	0,343	1,255
124,750	0,343	1,255
124,800	0,343	1,255
124,850	0,343	1,255
124,900	0,343	1,255
124,950	0,343	1,255
125,000	0,343	1,255
125,050	0,343	1,255
125,100	0,343	1,255
125,150	0,343	1,255
125,200	0,343	1,255
125,250	0,343	1,255
125,300	0,343	1,255
125,350	0,343	1,255
125,400	0,343	1,255
125,450	0,343	1,255
125,500	0,343	1,255
125,550	0,343	1,255
125,600	0,343	1,255
125,650	0,343	1,255
125,700	0,342	1,254
125,750	0,342	1,255
125,800	0,341	1,255
125,850	0,341	1,255
125,900	0,341	1,255
125,950	0,341	1,255
126,000	0,341	1,255
126,050	0,340	1,255
126,100	0,340	1,255
126,150	0,339	1,255
126,200	0,339	1,255
126,250	0,339	1,255
126,300	0,339	1,255
126,350	0,339	1,255
126,400	0,339	1,255
126,450	0,339	1,255
126,500	0,340	1,255
126,550	0,339	1,255
126,600	0,338	1,255
126,650	0,338	1,255
126,700	0,338	1,255
126,750	0,338	1,255
126,800	0,337	1,255
126,850	0,336	1,255
126,900	0,335	1,255
126,950	0,335	1,255
127,000	0,335	1,254
127,050	0,335	1,255
127,100	0,334	1,254
127,150	0,333	1,255
127,200	0,332	1,254
127,250	0,331	1,255
127,300	0,330	1,254
127,350	0,330	1,255
127,400	0,329	1,254
127,450	0,329	1,255
127,500	0,328	1,254
127,550	0,328	1,255
127,600	0,328	1,254
127,650	0,327	1,255
127,700	0,327	1,254
127,750	0,326	1,255
127,800	0,326	1,254
127,850	0,326	1,255
127,900	0,326	1,254
127,950	0,326	1,255
128,000	0,326	1,254
128,050	0,325	1,255
128,100	0,325	1,254
128,150	0,324	1,255
128,200	0,324	1,254
128,250	0,324	1,255
128,300	0,324	1,254
128,350	0,323	1,255
128,400	0,323	1,254
128,450	0,323	1,255
128,500	0,323	1,254
128,550	0,323	1,255
128,600	0,323	1,254
128,650	0,323	1,255
128,700	0,323	1,254
128,750	0,323	1,255
128,800	0,323	1,254
128,850	0,323	1,255
128,900	0,323	1,254
128,950	0,323	1,255
129,000	0,323	1,254
129,050	0,323	1,255
129,100	0,323	1,254
129,150	0,323	1,255
129,200	0,323	1,254
129,250	0,323	1,255
129,300	0,323	1,254
129,350	0,323	1,255
129,400	0,323	1,254
129,450	0,322	1,255
129,500	0,321	1,254
129,550	0,321	1,255
129,600	0,321	1,254
129,650	0,321	1,255
129,700	0,320	1,254
129,750	0,320	1,255
129,800	0,319	1,254
129,850	0,319	1,255
129,900	0,319	1,254
129,950	0,318	1,255
130,000	0,318	1,254
130,050	0,317	1,255
130,100	0,317	1,254
130,150	0,317	1,255
130,200	0,316	1,253
130,250	0,316	1,255
130,300	0,315	1,253
130,350	0,314	1,255
130,400	0,314	1,254
130,450	0,313	1,254
130,500	0,312	1,253
130,550	0,312	1,255
130,600	0,310	1,253
130,650	0,310	1,254
130,700	0,309	1,254
130,750	0,308	1,254
130,800	0,308	1,253
130,850	0,308	1,254
130,900	0,307	1,253
130,950	0,306	1,254
131,000	0,305	1,253
131,050	0,305	1,254
131,100	0,304	1,253
131,150	0,303	1,254
131,200	0,301	1,253
131,250	0,300	1,254
131,300	0,299	1,253
131,350	0,298	1,254
131,400	0,298	1,253
131,450	0,297	1,254
131,500	0,297	1,253
131,550	0,296	1,254
131,600	0,296	1,253
131,650	0,295	1,254
131,700	0,294	1,253
131,750	0,293	1,254
131,800	0,293	1,253
131,850	0,293	1,254
131,900	0,292	1,252
131,950	0,291	1,254
132,000	0,290	1,252
132,050	0,290	1,254
132,100	0,290	1,252
132,150	0,290	1,254
132,200	0,289	1,252
132,250	0,288	1,253
132,300	0,286	1,252
132,350	0,285	1,253
132,400	0,284	1,252
132,450	0,282	1,253
132,500	0,282	1,252
132,550	0,281	1,253
132,600	0,281	1,252
132,650	0,281	1,253
132,700	0,280	1,251
132,750	0,279	1,253
132,800	0,278	1,252
132,850	0,278	1,253
132,900	0,277	1,252
132,950	0,277	1,253
133,000	0,277	1,251
133,050	0,277	1,253
133,100	0,277	1,251
133,150	0,277	1,253
133,200	0,276	1,252
133,250	0,276	1,253
133,300	0,275	1,252
133,350	0,275	1,253
133,400	0,275	1,252
133,450	0,274	1,252
133,500	0,274	1,251
133,550	0,273	1,253
133,600	0,272	1,251
133,650	0,271	1,252
133,700	0,271	1,251
133,750	0,270	1,252
133,800	0,269	1,251
133,850	0,269	1,252
133,900	0,268	1,251
133,950	0,267	1,252
134,000	0,267	1,251
134,050	0,268	1,252
134,100	0,267	1,251
134,150	0,267	1,252
134,200	0,267	1,251
134,250	0,267	1,252
134,300	0,267	1,251
134,350	0,267	1,252
134,400	0,267	1,251
134,450	0,267	1,252
134,500	0,267	1,251
134,550	0,267	1,252
134,600	0,267	1,251
134,650	0,267	1,252
134,700	0,267	1,251
134,750	0,267	1,252
134,800	0,267	1,251
134,850	0,266	1,252
134,900	0,265	1,250
134,950	0,265	1,252
135,000	0,264	1,251
135,050	0,263	1,252
135,100	0,262	1,251
135,150	0,261	1,252
135,200	0,259	1,250
135,250	0,259	1,251
135,300	0,257	1,250
135,350	0,256	1,251
135,400	0,255	1,250
135,450	0,253	1,251
135,500	0,252	1,250
135,550	0,250	1,250
135,600	0,250	1,250
135,650	0,249	1,250
135,700	0,249	1,250
135,750	0,248	1,250
135,800	0,247	1,249
135,850	0,245	1,250
135,900	0,243	1,249
135,950	0,242	1,250
136,000	0,241	1,248
136,050	0,241	1,250
136,100	0,241	1,248
136,150	0,241	1,249
136,200	0,240	1,249
136,250	0,239	1,249
136,300	0,238	1,248
136,350	0,238	1,249
136,400	0,237	1,248
136,450	0,237	1,249
136,500	0,236	1,248
136,550	0,235	1,249
136,600	0,235	1,248
136,650	0,234	1,248
136,700	0,233	1,248
136,750	0,233	1,248
136,800	0,232	1,248
136,850	0,232	1,248
136,900	0,231	1,247
136,950	0,231	1,248
137,000	0,230	1,247
137,050	0,229	1,248
137,100	0,228	1,247
137,150	0,228	1,248
137,200	0,227	1,247
137,250	0,226	1,248
137,300	0,226	1,247
137,350	0,225	1,247
137,400	0,224	1,246
137,450	0,223	1,247
137,500	0,223	1,247
137,550	0,222	1,247
137,600	0,222	1,246
137,650	0,221	1,247
137,700	0,220	1,246
137,750	0,220	1,247
137,800	0,219	1,246
137,850	0,218	1,246
137,900	0,218	1,245
137,950	0,217	1,246
138,000	0,216	1,245
138,050	0,216	1,246
138,100	0,215	1,245
138,150	0,215	1,246
138,200	0,215	1,245
138,250	0,215	1,246
138,300	0,215	1,245
138,350	0,215	1,246
138,400	0,215	1,245
138,450	0,215	1,246
138,500	0,215	1,245
138,550	0,215	1,246
138,600	0,215	1,245
138,650	0,215	1,246
138,700	0,215	1,245
138,750	0,215	1,246
138,800	0,215	1,245
138,850	0,215	1,246
138,900	0,215	1,245
138,950	0,215	1,246
139,000	0,213	1,245
139,050	0,211	1,245
139,100	0,209	1,245
139,150	0,208	1,245
139,200	0,208	1,244
139,250	0,207	1,245
139,300	0,206	1,244
139,350	0,206	1,244
139,400	0,205	1,244
139,450	0,204	1,244
139,500	0,203	1,244
139,550	0,203	1,244
139,600	0,202	1,243
139,650	0,200	1,243
139,700	0,198	1,243
139,750	0,197	1,243
139,800	0,195	1,242
139,850	0,194	1,242
139,900	0,193	1,242
139,950	0,192	1,242
140,000	0,191	1,241
140,050	0,190	1,241
140,100	0,188	1,241
140,150	0,187	1,241
140,200	0,186	1,240
140,250	0,185	1,240
140,300	0,185	1,240
140,350	0,184	1,240
140,400	0,182	1,239
140,450	0,181	1,240
140,500	0,179	1,239
140,550	0,178	1,239
140,600	0,176	1,238
140,650	0,175	1,238
140,700	0,174	1,238
140,750	0,173	1,238
140,800	0,172	1,237
140,850	0,171	1,237
140,900	0,170	1,237
140,950	0,170	1,237
141,000	0,169	1,236
141,050	0,168	1,236
141,100	0,167	1,236
141,150	0,166	1,236
141,200	0,165	1,235
141,250	0,164	1,235
141,300	0,164	1,235
141,350	0,163	1,235
141,400	0,163	1,235
141,450	0,161	1,234
141,500	0,160	1,234
141,550	0,159	1,234
141,600	0,160	1,234
141,650	0,159	1,234
141,700	0,159	1,234
141,750	0,158	1,233
141,800	0,157	1,233
141,850	0,157	1,233
141,900	0,156	1,233
141,950	0,156	1,233
142,000	0,155	1,233
142,050	0,155	1,233
142,100	0,154	1,233
142,150	0,154	1,232
142,200	0,152	1,232
142,250	0,152	1,232
142,300	0,151	1,232
142,350	0,151	1,231
142,400	0,150	1,231
142,450	0,147	1,230
142,500	0,148	1,231
142,550	0,147	1,230
142,600	0,148	1,231
142,650	0,147	1,230
142,700	0,147	1,230
142,750	0,147	1,230
142,800	0,147	1,230
142,850	0,148	1,230
142,900	0,147	1,231
142,950	0,147	1,230
143,000	0,147	1,231
143,050	0,148	1,230
143,100	0,147	1,231
143,150	0,148	1,230
143,200	0,147	1,231
143,250	0,147	1,230
143,300	0,147	1,231
143,350	0,147	1,230
143,400	0,146	1,230
143,450	0,145	1,229
143,500	0,145	1,230
143,550	0,144	1,229
143,600	0,143	1,229
143,650	0,142	1,229
143,700	0,142	1,229
143,750	0,140	1,228
143,800	0,139	1,228
143,850	0,139	1,227
143,900	0,139	1,228
143,950	0,138	1,227
144,000	0,138	1,227
144,050	0,137	1,227
144,100	0,136	1,227
144,150	0,136	1,226
144,200	0,136	1,227
144,250	0,135	1,226
144,300	0,134	1,226
144,350	0,133	1,225
144,400	0,133	1,226
144,450	0,133	1,226
144,500	0,132	1,226
144,550	0,131	1,225
144,600	0,130	1,225
144,650	0,130	1,224
144,700	0,128	1,224
144,750	0,127	1,223
144,800	0,126	1,223
144,850	0,125	1,222
144,900	0,125	1,223
144,950	0,125	1,222
145,000	0,125	1,223
145,050	0,125	1,222
145,100	0,125	1,223
145,150	0,123	1,222
145,200	0,123	1,222
145,250	0,123	1,221
145,300	0,123	1,222
145,350	0,123	1,222
145,400	0,123	1,223
145,450	0,122	1,221
145,500	0,122	1,222
145,550	0,121	1,221
145,600	0,122	1,222
145,650	0,121	1,221
145,700	0,119	1,221
145,750	0,117	1,219
145,800	0,115	1,219
145,850	0,114	1,218
145,900	0,114	1,219
145,950	0,114	1,218
146,000	0,113	1,218
146,050	0,112	1,217
146,100	0,111	1,217
146,150	0,111	1,216
146,200	0,111	1,217
146,250	0,111	1,216
146,300	0,111	1,217
146,350	0,111	1,216
146,400	0,111	1,217
146,450	0,111	1,216
146,500	0,111	1,217
146,550	0,111	1,216
146,600	0,111	1,217
146,650	0,111	1,216
146,700	0,111	1,218
146,750	0,111	1,216
146,800	0,111	1,217
146,850	0,111	1,216
146,900	0,111	1,217
146,950	0,111	1,216
147,000	0,111	1,217
147,050	0,111	1,216
147,100	0,111	1,217
147,150	0,111	1,216
147,200	0,111	1,217
147,250	0,111	1,217
147,300	0,111	1,217
147,350	0,111	1,216
147,400	0,110	1,217
147,450	0,111	1,216
147,500	0,111	1,217
147,550	0,110	1,216
147,600	0,109	1,216
147,650	0,109	1,215
147,700	0,109	1,217
147,750	0,109	1,215
147,800	0,107	1,216
147,850	0,106	1,214
147,900	0,106	1,215
147,950	0,106	1,214
148,000	0,105	1,214
148,050	0,104	1,213
148,100	0,103	1,214
148,150	0,102	1,212
148,200	0,101	1,213
148,250	0,101	1,212
148,300	0,101	1,213
148,350	0,101	1,212
148,400	0,100	1,212
148,450	0,100	1,211
148,500	0,100	1,212
148,550	0,099	1,211
148,600	0,099	1,212
148,650	0,099	1,211
148,700	0,099	1,212
148,750	0,099	1,210
148,800	0,099	1,211
148,850	0,099	1,210
148,900	0,098	1,211
148,950	0,098	1,210
149,000	0,097	1,211
149,050	0,098	1,210
149,100	0,097	1,211
149,150	0,097	1,210
149,200	0,096	1,210
149,250	0,096	1,209
149,300	0,095	1,210
149,350	0,095	1,209
149,400	0,094	1,209
149,450	0,094	1,208
149,500	0,094	1,209
149,550	0,093	1,207
149,600	0,093	1,208
149,650	0,093	1,207
149,700	0,092	1,208
149,750	0,091	1,206
149,800	0,091	1,207
149,850	0,091	1,206
149,900	0,091	1,207
149,950	0,091	1,206
150,000	0,089	1,207
150,050	0,088	1,205
150,100	0,088	1,206
150,150	0,088	1,205
150,200	0,087	1,205
150,250	0,087	1,204
150,300	0,086	1,205
150,350	0,085	1,203
150,400	0,085	1,204
150,450	0,084	1,202
150,500	0,083	1,203
150,550	0,082	1,201
150,600	0,082	1,202
150,650	0,081	1,200
150,700	0,080	1,201
150,750	0,080	1,199
150,800	0,079	1,200
150,850	0,079	1,199
150,900	0,080	1,201
150,950	0,079	1,199
151,000	0,079	1,200
151,050	0,079	1,199
151,100	0,079	1,200
151,150	0,079	1,199
151,200	0,079	1,200
151,250	0,079	1,199
151,300	0,079	1,200
151,350	0,079	1,199
151,400	0,079	1,200
151,450	0,079	1,199
151,500	0,079	1,200
151,550	0,079	1,199
151,600	0,079	1,200
151,650	0,079	1,199
151,700	0,079	1,200
151,750	0,077	1,198
151,800	0,076	1,198
151,850	0,075	1,196
151,900	0,075	1,197
151,950	0,075	1,196
152,000	0,073	1,196
152,050	0,073	1,195
152,100	0,072	1,195
152,150	0,071	1,194
152,200	0,071	1,195
152,250	0,071	1,193
152,300	0,071	1,194
152,350	0,070	1,192
152,400	0,069	1,193
152,450	0,069	1,192
152,500	0,068	1,192
152,550	0,067	1,190
152,600	0,066	1,190
152,650	0,065	1,189
152,700	0,064	1,189
152,750	0,064	1,187
152,800	0,062	1,188
152,850	0,061	1,185
152,900	0,060	1,186
152,950	0,059	1,183
153,000	0,058	1,184
153,050	0,058	1,183
153,100	0,058	1,184
153,150	0,058	1,183
153,200	0,058	1,184
153,250	0,058	1,182
153,300	0,056	1,182
153,350	0,057	1,181
153,400	0,056	1,182
153,450	0,057	1,181
153,500	0,056	1,182
153,550	0,057	1,181
153,600	0,056	1,182
153,650	0,056	1,181
153,700	0,056	1,182
153,750	0,056	1,181
153,800	0,057	1,182
153,850	0,056	1,181
153,900	0,056	1,182
153,950	0,056	1,181
154,000	0,056	1,182
154,050	0,057	1,181
154,100	0,056	1,182
154,150	0,057	1,181
154,200	0,057	1,183
154,250	0,056	1,181
154,300	0,056	1,182
154,350	0,055	1,180
154,400	0,053	1,178
154,450	0,052	1,177
154,500	0,052	1,178
154,550	0,053	1,177
154,600	0,051	1,177
154,650	0,050	1,174
154,700	0,049	1,175
154,750	0,048	1,172
154,800	0,047	1,173
154,850	0,047	1,171
154,900	0,046	1,171
154,950	0,045	1,169
155,000	0,046	1,171
155,050	0,046	1,170
155,100	0,046	1,171
155,150	0,045	1,169
155,200	0,044	1,169
155,250	0,044	1,168
155,300	0,044	1,169
155,350	0,045	1,168
155,400	0,044	1,169
155,450	0,044	1,167
155,500	0,043	1,167
155,550	0,043	1,166
155,600	0,043	1,167
155,650	0,043	1,166
155,700	0,043	1,167
155,750	0,043	1,166
155,800	0,042	1,166
155,850	0,042	1,165
155,900	0,041	1,165
155,950	0,041	1,164
156,000	0,042	1,165
156,050	0,041	1,164
156,100	0,041	1,164
156,150	0,040	1,162
156,200	0,040	1,163
156,250	0,040	1,162
156,300	0,040	1,163
156,350	0,039	1,161
156,400	0,038	1,161
156,450	0,038	1,160
156,500	0,038	1,160
156,550	0,037	1,158
156,600	0,038	1,160
156,650	0,037	1,158
156,700	0,036	1,157
156,750	0,037	1,157
156,800	0,036	1,157
156,850	0,034	1,154
156,900	0,035	1,155
156,950	0,034	1,154
157,000	0,034	1,153
157,050	0,033	1,152
157,100	0,033	1,152
157,150	0,032	1,150
157,200	0,033	1,152
157,250	0,032	1,150
157,300	0,032	1,150
157,350	0,032	1,149
157,400	0,031	1,149
157,450	0,031	1,148
157,500	0,031	1,149
157,550	0,031	1,147
157,600	0,030	1,147
157,650	0,031	1,147
157,700	0,030	1,146
157,750	0,029	1,145
157,800	0,030	1,147
157,850	0,030	1,145
157,900	0,030	1,146
157,950	0,030	1,146
158,000	0,030	1,146
158,050	0,030	1,145
158,100	0,030	1,146
158,150	0,030	1,146
158,200	0,030	1,146
158,250	0,030	1,146
158,300	0,030	1,146
158,350	0,030	1,145
158,400	0,030	1,146
158,450	0,030	1,146
158,500	0,030	1,146
158,550	0,030	1,146
158,600	0,030	1,146
158,650	0,030	1,145
158,700	0,030	1,146
158,750	0,030	1,145
158,800	0,030	1,146
158,850	0,030	1,145
158,900	0,029	1,144
158,950	0,027	1,141
159,000	0,028	1,142
159,050	0,028	1,142
159,100	0,027	1,140
159,150	0,026	1,138
159,200	0,025	1,137
159,250	0,025	1,135
159,300	0,025	1,135
159,350	0,024	1,134
159,400	0,024	1,134
159,450	0,024	1,133
159,500	0,024	1,133
159,550	0,023	1,131
159,600	0,022	1,130
159,650	0,022	1,128
159,700	0,022	1,128
159,750	0,021	1,126
159,800	0,021	1,126
159,850	0,021	1,126
159,900	0,021	1,125
159,950	0,020	1,123
160,000	0,020	1,124
160,050	0,021	1,123
160,100	0,019	1,121
160,150	0,019	1,121
160,200	0,019	1,120
160,250	0,019	1,118
160,300	0,018	1,117
160,350	0,017	1,114
160,400	0,017	1,114
160,450	0,018	1,115
160,500	0,018	1,115
160,550	0,017	1,114
160,600	0,017	1,113
160,650	0,017	1,112
160,700	0,017	1,112
160,750	0,017	1,110
160,800	0,016	1,109
160,850	0,016	1,110
160,900	0,016	1,110
160,950	0,016	1,109
161,000	0,016	1,110
161,050	0,016	1,109
161,100	0,016	1,107
161,150	0,016	1,106
161,200	0,015	1,106
161,250	0,015	1,104
161,300	0,015	1,103
161,350	0,015	1,103
161,400	0,015	1,102
161,450	0,014	1,100
161,500	0,013	1,097
161,550	0,013	1,095
161,600	0,013	1,096
161,650	0,013	1,094
161,700	0,013	1,093
161,750	0,012	1,093
161,800	0,013	1,093
161,850	0,012	1,090
161,900	0,012	1,088
161,950	0,011	1,086
162,000	0,011	1,084
162,050	0,011	1,084
162,100	0,011	1,084
162,150	0,011	1,082
162,200	0,010	1,079
162,250	0,011	1,079
162,300	0,011	1,079
162,350	0,010	1,077
162,400	0,010	1,076
162,450	0,010	1,074
162,500	0,009	1,072
162,550	0,009	1,069
162,600	0,009	1,067
162,650	0,009	1,067
162,700	0,009	1,068
162,750	0,009	1,069
162,800	0,009	1,068
162,850	0,009	1,068
162,900	0,009	1,067
162,950	0,008	1,064
163,000	0,009	1,062
163,050	0,008	1,059
163,100	0,008	1,056
163,150	0,008	1,053
163,200	0,008	1,052
163,250	0,008	1,053
163,300	0,008	1,053
163,350	0,007	1,050
163,400	0,007	1,046
163,450	0,007	1,043
163,500	0,007	1,042
163,550	0,007	1,043
163,600	0,007	1,045
163,650	0,007	1,044
163,700	0,007	1,040
163,750	0,006	1,035
163,800	0,006	1,030
163,850	0,006	1,026
163,900	0,006	1,023
163,950	0,005	1,022
164,000	0,006	1,024
164,050	0,006	1,026
164,100	0,006	1,026
164,150	0,006	1,025
164,200	0,006	1,024
164,250	0,006	1,024
164,300	0,006	1,024
164,350	0,005	1,022
164,400	0,005	1,017
164,450	0,005	1,012
164,500	0,004	1,004
164,550	0,004	0,997
164,600	0,004	0,992
164,650	0,004	0,990
164,700	0,004	0,989
164,750	0,004	0,988
164,800	0,004	0,987
164,850	0,004	0,986
164,900	0,003	0,985
164,950	0,003	0,986
165,000	0,003	0,984
165,050	0,003	0,979
165,100	0,003	0,969
165,150	0,003	0,956
165,200	0,002	0,943
165,250	0,002	0,931
165,300	0,002	0,923
165,350	0,002	0,919
165,400	0,002	0,919
165,450	0,002	0,924
165,500	0,003	0,928
165,550	0,003	0,931
165,600	0,002	0,928
165,650	0,002	0,923
165,700	0,002	0,916
165,750	0,002	0,911
165,800	0,002	0,908
165,850	0,002	0,907
165,900	0,002	0,907
165,950	0,002	0,908
166,000	0,002	0,907
166,050	0,002	0,907
166,100	0,001	0,905
166,150	0,001	0,904
166,200	0,001	0,903
166,250	0,001	0,903
166,300	0,001	0,902
166,350	0,002	0,903
166,400	0,002	0,902
166,450	0,002	0,903
166,500	0,001	0,902
166,550	0,002	0,903
166,600	0,001	0,902
166,650	0,002	0,903
166,700	0,001	0,902
166,750	0,001	0,903
166,800	0,002	0,902
166,850	0,001	0,903
166,900	0,001	0,902
166,950	0,002	0,903
167,000	0,001	0,902
167,050	0,001	0,903
167,100	0,002	0,903
167,150	0,001	0,903
167,200	0,002	0,903
167,250	0,002	0,903
167,300	0,001	0,902
167,350	0,002	0,904
167,400	0,002	0,902
167,450	0,002	0,903
167,500	0,001	0,902
167,550	0,001	0,903
167,600	0,002	0,902
167,650	0,001	0,903
167,700	0,001	0,902
167,750	0,002	0,903
167,800	0,001	0,902
167,850	0,001	0,903
167,900	0,002	0,902
167,950	0,001	0,903
168,000	0,002	0,902
168,050	0,001	0,903
168,100	0,002	0,905
168,150	0,002	0,906
168,200	0,002	0,904
168,250	0,002	0,903
168,300	0,002	0,901
168,350	0,002	0,901
168,400	0,001	0,899
168,450	0,002	0,900
168,500	0,002	0,900
168,550	0,002	0,901
168,600	0,002	0,900
168,650	0,002	0,901
168,700	0,002	0,900
168,750	0,001	0,901
168,800	0,001	0,900
168,850	0,001	0,901
168,900	0,002	0,900
168,950	0,002	0,901
169,000	0,002	0,900
169,050	0,001	0,901
169,100	0,002	0,900
169,150	0,002	0,901
169,200	0,001	0,900
169,250	0,002	0,901
169,300	0,001	0,900
169,350	0,001	0,900
169,400	0,001	0,899
169,450	0,002	0,901
169,500	0,001	0,900
169,550	0,001	0,901
169,600	0,001	0,900
169,650	0,002	0,901
169,700	0,002	0,900
169,750	0,001	0,901
169,800	0,001	0,900
169,850	0,002	0,901
169,900	0,002	0,900
169,950	0,002	0,901
170,000	0,001	0,900
170,050	0,002	0,901
170,100	0,001	0,899
170,150	0,001	0,901
170,200	0,002	0,900
170,250	0,002	0,901
170,300	0,002	0,900
170,350	0,002	0,901
170,400	0,002	0,900
170,450	0,001	0,901
170,500	0,001	0,900
170,550	0,002	0,901
170,600	0,002	0,899
170,650	0,002	0,901
170,700	0,002	0,900
170,750	0,002	0,901
170,800	0,002	0,900
170,850	0,002	0,902
170,900	0,002	0,901
170,950	0,002	0,902
171,000	0,002	0,901
171,050	0,002	0,902
171,100	0,002	0,901
171,150	0,002	0,902
171,200	0,002	0,901
171,250	0,002	0,902
171,300	0,002	0,901
171,350	0,002	0,902
171,400	0,002	0,901
171,450	0,001	0,902
171,500	0,002	0,901
171,550	0,002	0,902
171,600	0,002	0,901
171,650	0,002	0,902
171,700	0,002	0,901
171,750	0,002	0,902
171,800	0,002	0,901
171,850	0,002	0,902
171,900	0,002	0,901
171,950	0,002	0,902
172,000	0,002	0,901
172,050	0,002	0,902
172,100	0,002	0,901
172,150	0,002	0,902
172,200	0,002	0,901
172,250	0,002	0,902
172,300	0,001	0,901
172,350	0,002	0,902
172,400	0,002	0,901
172,450	0,001	0,902
172,500	0,001	0,900
172,550	0,002	0,902
172,600	0,002	0,901
172,650	0,002	0,902
172,700	0,002	0,901
172,750	0,002	0,902
172,800	0,002	0,901
172,850	0,002	0,902
172,900	0,002	0,901
172,950	0,002	0,902
173,000	0,002	0,901
173,050	0,002	0,902
173,100	0,002	0,901
173,150	0,001	0,902
173,200	0,001	0,901
173,250	0,002	0,902
173,300	0,002	0,901
173,350	0,002	0,902
173,400	0,002	0,901
173,450	0,002	0,902
173,500	0,002	0,901
173,550	0,002	0,902
173,600	0,002	0,901
173,650	0,001	0,899
173,700	0,002	0,896
173,750	0,001	0,897
173,800	0,001	0,897
173,850	0,002	0,900
173,900	0,002	0,900
173,950	0,002	0,900
174,000	0,002	0,899
174,050	0,002	0,899
174,100	0,002	0,898
174,150	0,002	0,899
174,200	0,002	0,898
174,250	0,002	0,900
174,300	0,002	0,899
174,350	0,002	0,899
174,400	0,002	0,898
174,450	0,002	0,899
174,500	0,002	0,898
174,550	0,002	0,900
174,600	0,002	0,899
174,650	0,002	0,900
174,700	0,002	0,898
174,750	0,001	0,898
174,800	0,001	0,892
174,850	9,491E-4	0,883
174,900	9,430E-4	0,871
174,950	9,613E-4	0,858
175,000	0,001	0,841
175,050	6,354E-4	0,825
175,100	8,929E-4	0,806
175,150	0,001	0,785
175,200	5,963E-4	0,756
175,250	9,747E-4	0,725
175,300	6,927E-4	0,687
175,350	8,258E-4	0,647
175,400	7,306E-4	0,601
175,450	5,426E-4	0,553
175,500	4,327E-4	0,501
175,550	3,113E-5	0,449
175,600	-2,106E-4	0,396
175,650	-6,598E-4	0,348
175,700	-0,002	0,307
175,750	-0,003	0,282
175,800	-0,003	0,274
175,850	-0,002	0,285
175,900	-6,195E-4	0,301
175,950	1,703E-4	0,317
176,000	7,245E-4	0,325
176,050	6,512E-4	0,327
176,100	-1,276E-4	0,320
176,150	-8,734E-4	0,311
176,200	-0,001	0,300
176,250	-0,002	0,292
176,300	-0,002	0,288
176,350	-0,002	0,291
176,400	-0,001	0,297
176,450	-0,001	0,302
176,500	-0,001	0,299
176,550	-0,002	0,293
176,600	-0,003	0,285
176,650	-0,003	0,282
176,700	-0,003	0,282
176,750	-0,002	0,283
176,800	-0,003	0,282
176,850	-0,003	0,281
176,900	-0,003	0,275
176,950	-0,003	0,269
177,000	-0,003	0,261
177,050	-0,004	0,256
177,100	-0,004	0,254
177,150	-0,004	0,255
177,200	-0,004	0,253
177,250	-0,004	0,252
177,300	-0,004	0,250
177,350	-0,004	0,249
177,400	-0,004	0,246
177,450	-0,004	0,242
177,500	-0,005	0,235
177,550	-0,005	0,228
177,600	-0,006	0,219
177,650	-0,006	0,215
177,700	-0,006	0,214
177,750	-0,006	0,218
177,800	-0,005	0,220
177,850	-0,005	0,221
177,900	-0,006	0,216
177,950	-0,006	0,211
178,000	-0,007	0,204
178,050	-0,008	0,199
178,100	-0,008	0,197
178,150	-0,007	0,200
178,200	-0,006	0,203
178,250	-0,006	0,203
178,300	-0,007	0,197
178,350	-0,008	0,193
178,400	-0,008	0,190
178,450	-0,008	0,193
178,500	-0,008	0,192
178,550	-0,008	0,190
178,600	-0,009	0,186
178,650	-0,009	0,182
178,700	-0,010	0,178
178,750	-0,010	0,179
178,800	-0,010	0,178
178,850	-0,010	0,177
178,900	-0,010	0,173
178,950	-0,011	0,168
179,000	-0,011	0,166
179,050	-0,011	0,166
179,100	-0,011	0,164
179,150	-0,012	0,162
179,200	-0,012	0,159
179,250	-0,013	0,156
179,300	-0,014	0,152
179,350	-0,014	0,150
179,400	-0,014	0,149
179,450	-0,014	0,148
179,500	-0,015	0,144
179,550	-0,015	0,143
179,600	-0,016	0,141
179,650	-0,015	0,142
179,700	-0,015	0,142
179,750	-0,016	0,140
179,800	-0,016	0,137
179,850	-0,016	0,138
179,900	-0,016	0,139
179,950	-0,016	0,139
180,000	-0,017	0,136
180,050	-0,018	0,133
180,100	-0,018	0,132
180,150	-0,017	0,133
180,200	-0,017	0,133
180,250	-0,018	0,133
180,300	-0,018	0,132
180,350	-0,018	0,131
180,400	-0,018	0,130
180,450	-0,018	0,131
180,500	-0,019	0,128
180,550	-0,019	0,127
180,600	-0,019	0,127
180,650	-0,020	0,126
180,700	-0,020	0,124
180,750	-0,021	0,122
180,800	-0,021	0,121
180,850	-0,022	0,120
180,900	-0,022	0,119
180,950	-0,022	0,118
181,000	-0,023	0,117
181,050	-0,023	0,116
181,100	-0,024	0,114
181,150	-0,024	0,113
181,200	-0,024	0,113
181,250	-0,025	0,112
181,300	-0,025	0,110
181,350	-0,026	0,110
181,400	-0,026	0,109
181,450	-0,026	0,108
181,500	-0,026	0,109
181,550	-0,026	0,109
181,600	-0,026	0,108
181,650	-0,027	0,107
181,700	-0,027	0,106
181,750	-0,027	0,107
181,800	-0,027	0,107
181,850	-0,028	0,105
181,900	-0,028	0,105
181,950	-0,027	0,106
182,000	-0,028	0,103
182,050	-0,029	0,103
182,100	-0,028	0,104
182,150	-0,028	0,104
182,200	-0,029	0,102
182,250	-0,029	0,102
182,300	-0,029	0,103
182,350	-0,030	0,100
182,400	-0,031	0,098
182,450	-0,031	0,098
182,500	-0,032	0,097
182,550	-0,034	0,093
182,600	-0,035	0,091
182,650	-0,034	0,092
182,700	-0,036	0,090
182,750	-0,037	0,089
182,800	-0,036	0,090
182,850	-0,036	0,089
182,900	-0,036	0,089
182,950	-0,037	0,088
183,000	-0,037	0,088
183,050	-0,038	0,087
183,100	-0,037	0,088
183,150	-0,038	0,087
183,200	-0,038	0,087
183,250	-0,038	0,087
183,300	-0,038	0,087
183,350	-0,038	0,087
183,400	-0,037	0,087
183,450	-0,037	0,087
183,500	-0,038	0,087
183,550	-0,038	0,087
183,600	-0,038	0,087
183,650	-0,039	0,085
183,700	-0,039	0,085
183,750	-0,039	0,084
183,800	-0,040	0,084
183,850	-0,040	0,083
183,900	-0,041	0,083
183,950	-0,041	0,082
184,000	-0,042	0,082
184,050	-0,042	0,081
184,100	-0,042	0,081
184,150	-0,043	0,080
184,200	-0,042	0,081
184,250	-0,043	0,080
184,300	-0,043	0,080
184,350	-0,042	0,080
184,400	-0,043	0,080
184,450	-0,042	0,080
184,500	-0,042	0,081
184,550	-0,043	0,079
184,600	-0,044	0,079
184,650	-0,044	0,079
184,700	-0,044	0,078
184,750	-0,044	0,078
184,800	-0,044	0,079
184,850	-0,045	0,077
184,900	-0,045	0,077
184,950	-0,045	0,077
185,000	-0,045	0,078
185,050	-0,045	0,076
185,100	-0,046	0,077
185,150	-0,046	0,075
185,200	-0,046	0,076
185,250	-0,047	0,074
185,300	-0,047	0,075
185,350	-0,047	0,075
185,400	-0,048	0,074
185,450	-0,048	0,074
185,500	-0,048	0,074
185,550	-0,049	0,072
185,600	-0,049	0,073
185,650	-0,049	0,072
185,700	-0,050	0,072
185,750	-0,050	0,071
185,800	-0,050	0,072
185,850	-0,051	0,070
185,900	-0,051	0,071
185,950	-0,052	0,069
186,000	-0,052	0,070
186,050	-0,052	0,069
186,100	-0,052	0,070
186,150	-0,052	0,069
186,200	-0,053	0,068
186,250	-0,053	0,068
186,300	-0,054	0,068
186,350	-0,054	0,067
186,400	-0,055	0,067
186,450	-0,055	0,066
186,500	-0,056	0,066
186,550	-0,056	0,065
186,600	-0,057	0,064
186,650	-0,057	0,064
186,700	-0,058	0,064
186,750	-0,058	0,063
186,800	-0,059	0,063
186,850	-0,059	0,062
186,900	-0,059	0,063
186,950	-0,060	0,062
187,000	-0,060	0,062
187,050	-0,060	0,061
187,100	-0,062	0,060
187,150	-0,063	0,058
187,200	-0,064	0,059
187,250	-0,065	0,057
187,300	-0,065	0,058
187,350	-0,066	0,056
187,400	-0,067	0,056
187,450	-0,067	0,055
187,500	-0,068	0,055
187,550	-0,068	0,054
187,600	-0,068	0,055
187,650	-0,068	0,054
187,700	-0,069	0,055
187,750	-0,070	0,053
187,800	-0,071	0,053
187,850	-0,072	0,052
187,900	-0,072	0,052
187,950	-0,073	0,051
188,000	-0,073	0,052
188,050	-0,072	0,051
188,100	-0,072	0,052
188,150	-0,072	0,051
188,200	-0,072	0,052
188,250	-0,072	0,051
188,300	-0,073	0,052
188,350	-0,072	0,051
188,400	-0,072	0,052
188,450	-0,073	0,051
188,500	-0,072	0,052
188,550	-0,073	0,051
188,600	-0,073	0,052
188,650	-0,073	0,051
188,700	-0,072	0,052
188,750	-0,073	0,051
188,800	-0,073	0,052
188,850	-0,073	0,051
188,900	-0,073	0,052
188,950	-0,072	0,051
189,000	-0,074	0,051
189,050	-0,077	0,048
189,100	-0,078	0,049
189,150	-0,080	0,046
189,200	-0,080	0,047
189,250	-0,082	0,045
189,300	-0,085	0,044
189,350	-0,088	0,041
189,400	-0,089	0,041
189,450	-0,091	0,039
189,500	-0,092	0,040
189,550	-0,092	0,039
189,600	-0,093	0,040
189,650	-0,094	0,038
189,700	-0,096	0,038
189,750	-0,099	0,035
189,800	-0,101	0,035
189,850	-0,102	0,033
189,900	-0,104	0,034
189,950	-0,105	0,033
190,000	-0,106	0,033
190,050	-0,107	0,031
190,100	-0,108	0,032
190,150	-0,108	0,031
190,200	-0,109	0,032
190,250	-0,109	0,031
190,300	-0,110	0,031
190,350	-0,111	0,030
190,400	-0,113	0,030
190,450	-0,114	0,029
190,500	-0,115	0,029
190,550	-0,116	0,027
190,600	-0,117	0,028
190,650	-0,119	0,026
190,700	-0,120	0,027
190,750	-0,119	0,026
190,800	-0,120	0,027
190,850	-0,122	0,025
190,900	-0,123	0,026
190,950	-0,124	0,024
191,000	-0,125	0,025
191,050	-0,127	0,023
191,100	-0,128	0,024
191,150	-0,130	0,022
191,200	-0,130	0,023
191,250	-0,130	0,022
191,300	-0,130	0,023
191,350	-0,130	0,022
191,400	-0,130	0,023
191,450	-0,130	0,022
191,500	-0,130	0,023
191,550	-0,130	0,022
191,600	-0,130	0,023
191,650	-0,130	0,022
191,700	-0,130	0,023
191,750	-0,130	0,022
191,800	-0,130	0,023
191,850	-0,130	0,022
191,900	-0,130	0,023
191,950	-0,131	0,022
192,000	-0,135	0,021
192,050	-0,138	0,019
192,100	-0,138	0,021
192,150	-0,139	0,019
192,200	-0,140	0,020
192,250	-0,141	0,018
192,300	-0,144	0,019
192,350	-0,147	0,017
192,400	-0,149	0,017
192,450	-0,150	0,015
192,500	-0,153	0,016
192,550	-0,155	0,014
192,600	-0,157	0,015
192,650	-0,159	0,013
192,700	-0,162	0,013
192,750	-0,164	0,012
192,800	-0,167	0,012
192,850	-0,171	0,010
192,900	-0,173	0,011
192,950	-0,174	0,009
193,000	-0,174	0,010
193,050	-0,175	0,009
193,100	-0,175	0,010
193,150	-0,176	0,009
193,200	-0,177	0,010
193,250	-0,179	0,008
193,300	-0,180	0,009
193,350	-0,181	0,008
193,400	-0,182	0,009
193,450	-0,184	0,007
193,500	-0,185	0,008
193,550	-0,187	0,006
193,600	-0,189	0,007
193,650	-0,191	0,006
193,700	-0,193	0,007
193,750	-0,195	0,005
193,800	-0,196	0,006
193,850	-0,197	0,005
193,900	-0,199	0,005
193,950	-0,201	0,004
194,000	-0,202	0,005
194,050	-0,202	0,004
194,100	-0,202	0,005
194,150	-0,202	0,004
194,200	-0,202	0,005
194,250	-0,202	0,004
194,300	-0,202	0,005
194,350	-0,202	0,004
194,400	-0,202	0,005
194,450	-0,202	0,004
194,500	-0,202	0,005
194,550	-0,202	0,004
194,600	-0,202	0,005
194,650	-0,202	0,004
194,700	-0,202	0,005
194,750	-0,203	0,004
194,800	-0,209	0,004
194,850	-0,215	0,002
194,900	-0,219	0,002
194,950	-0,221	9,861E-4
195,000	-0,223	0,002
195,050	-0,225	3,818E-4
195,100	-0,226	0,002
195,150	-0,226	3,147E-4
195,200	-0,227	0,001
195,250	-0,227	6,812E-5
195,300	-0,228	0,001
195,350	-0,228	-1,577E-4
195,400	-0,230	9,507E-4
195,450	-0,232	-5,825E-4
195,500	-0,234	2,646E-4
195,550	-0,235	-9,207E-4
195,600	-0,236	1,914E-4
195,650	-0,238	-0,001
195,700	-0,240	9,521E-6
195,750	-0,242	-0,002
195,800	-0,244	-3,958E-4
195,850	-0,246	-0,002
195,900	-0,248	-8,608E-4
195,950	-0,250	-0,002
196,000	-0,251	-0,001
196,050	-0,253	-0,003
196,100	-0,254	-0,001
196,150	-0,257	-0,003
196,200	-0,259	-0,002
196,250	-0,260	-0,003
196,300	-0,262	-0,002
196,350	-0,264	-0,003
196,400	-0,266	-0,002
196,450	-0,268	-0,004
196,500	-0,269	-0,003
196,550	-0,270	-0,004
196,600	-0,271	-0,003
196,650	-0,272	-0,004
196,700	-0,272	-0,003
196,750	-0,273	-0,004
196,800	-0,273	-0,003
196,850	-0,273	-0,004
196,900	-0,272	-0,003
196,950	-0,272	-0,004
197,000	-0,273	-0,003
197,050	-0,273	-0,004
197,100	-0,273	-0,003
197,150	-0,273	-0,004
197,200	-0,273	-0,003
197,250	-0,273	-0,004
197,300	-0,273	-0,003
197,350	-0,273	-0,004
197,400	-0,274	-0,003
197,450	-0,278	-0,004
197,500	-0,281	-0,003
197,550	-0,283	-0,005
197,600	-0,283	-0,003
197,650	-0,284	-0,005
197,700	-0,285	-0,003
197,750	-0,285	-0,004
197,800	-0,286	-0,003
197,850	-0,287	-0,005
197,900	-0,288	-0,004
197,950	-0,289	-0,005
198,000	-0,291	-0,004
198,050	-0,292	-0,005
198,100	-0,295	-0,004
198,150	-0,296	-0,005
198,200	-0,298	-0,004
198,250	-0,300	-0,005
198,300	-0,302	-0,004
198,350	-0,304	-0,005
198,400	-0,305	-0,005
198,450	-0,307	-0,006
198,500	-0,308	-0,005
198,550	-0,310	-0,006
198,600	-0,311	-0,005
198,650	-0,312	-0,006
198,700	-0,313	-0,005
198,750	-0,313	-0,006
198,800	-0,313	-0,005
198,850	-0,313	-0,006
198,900	-0,313	-0,005
198,950	-0,313	-0,006
199,000	-0,313	-0,005
199,050	-0,313	-0,006
199,100	-0,313	-0,005
199,150	-0,313	-0,006
199,200	-0,313	-0,005
199,250	-0,313	-0,006
199,300	-0,313	-0,005
199,350	-0,313	-0,006
199,400	-0,315	-0,005
199,450	-0,319	-0,006
199,500	-0,320	-0,005
199,550	-0,322	-0,006
199,600	-0,324	-0,005
199,650	-0,326	-0,006
199,700	-0,328	-0,005
199,750	-0,329	-0,006
199,800	-0,331	-0,005
199,850	-0,332	-0,006
199,900	-0,334	-0,005
199,950	-0,336	-0,006
200,000	-0,338	-0,005
200,050	-0,341	-0,007
200,100	-0,342	-0,005
200,150	-0,343	-0,006
200,200	-0,345	-0,006
200,250	-0,346	-0,007
200,300	-0,347	-0,006
200,350	-0,348	-0,007
200,400	-0,348	-0,006
200,450	-0,348	-0,007
200,500	-0,348	-0,005
200,550	-0,348	-0,007
200,600	-0,348	-0,005
200,650	-0,348	-0,007
200,700	-0,349	-0,006
200,750	-0,348	-0,007
200,800	-0,349	-0,006
200,850	-0,348	-0,007
200,900	-0,349	-0,006
200,950	-0,348	-0,007
201,000	-0,348	-0,006
201,050	-0,349	-0,007
201,100	-0,355	-0,006
201,150	-0,358	-0,007
201,200	-0,359	-0,006
201,250	-0,361	-0,007
201,300	-0,363	-0,006
201,350	-0,364	-0,007
201,400	-0,366	-0,006
201,450	-0,368	-0,007
201,500	-0,370	-0,006
201,550	-0,372	-0,007
201,600	-0,374	-0,006
201,650	-0,375	-0,007
201,700	-0,377	-0,006
201,750	-0,379	-0,007
201,800	-0,381	-0,006
201,850	-0,382	-0,007
201,900	-0,384	-0,007
201,950	-0,384	-0,007
202,000	-0,386	-0,006
202,050	-0,387	-0,007
202,100	-0,389	-0,007
202,150	-0,391	-0,007
202,200	-0,393	-0,007
202,250	-0,394	-0,008
202,300	-0,394	-0,006
202,350	-0,394	-0,008
202,400	-0,394	-0,007
202,450	-0,394	-0,008
202,500	-0,394	-0,006
202,550	-0,394	-0,007
202,600	-0,395	-0,007
202,650	-0,394	-0,007
202,700	-0,394	-0,007
202,750	-0,396	-0,008
202,800	-0,401	-0,007
202,850	-0,405	-0,008
202,900	-0,406	-0,007
202,950	-0,407	-0,008
203,000	-0,407	-0,007
203,050	-0,407	-0,008
203,100	-0,408	-0,007
203,150	-0,409	-0,008
203,200	-0,411	-0,007
203,250	-0,413	-0,008
203,300	-0,415	-0,007
203,350	-0,417	-0,007
203,400	-0,419	-0,007
203,450	-0,421	-0,008
203,500	-0,422	-0,007
203,550	-0,422	-0,008
203,600	-0,422	-0,007
203,650	-0,422	-0,008
203,700	-0,422	-0,007
203,750	-0,422	-0,008
203,800	-0,422	-0,007
203,850	-0,422	-0,008
203,900	-0,423	-0,007
203,950	-0,424	-0,008
204,000	-0,425	-0,007
204,050	-0,425	-0,008
204,100	-0,426	-0,007
204,150	-0,428	-0,008
204,200	-0,429	-0,007
204,250	-0,431	-0,008
204,300	-0,432	-0,007
204,350	-0,433	-0,008
204,400	-0,434	-0,007
204,450	-0,435	-0,008
204,500	-0,435	-0,007
204,550	-0,436	-0,008
204,600	-0,437	-0,008
204,650	-0,438	-0,008
204,700	-0,438	-0,007
204,750	-0,439	-0,008
204,800	-0,439	-0,007
204,850	-0,440	-0,008
204,900	-0,440	-0,008
204,950	-0,442	-0,008
205,000	-0,442	-0,008
205,050	-0,443	-0,008
205,100	-0,444	-0,007
205,150	-0,445	-0,008
205,200	-0,446	-0,007
205,250	-0,446	-0,008
205,300	-0,447	-0,007
205,350	-0,447	-0,008
205,400	-0,447	-0,008
205,450	-0,447	-0,008
205,500	-0,447	-0,008
205,550	-0,447	-0,008
205,600	-0,447	-0,008
205,650	-0,447	-0,008
205,700	-0,447	-0,008
205,750	-0,447	-0,008
205,800	-0,447	-0,008
205,850	-0,447	-0,008
205,900	-0,447	-0,007
205,950	-0,447	-0,008
206,000	-0,447	-0,007
206,050	-0,447	-0,008
206,100	-0,447	-0,008
206,150	-0,447	-0,008
206,200	-0,447	-0,008
206,250	-0,447	-0,008
206,300	-0,447	-0,008
206,350	-0,447	-0,008
206,400	-0,447	-0,008
206,450	-0,448	-0,008
206,500	-0,447	-0,008
206,550	-0,447	-0,008
206,600	-0,448	-0,008
206,650	-0,450	-0,008
206,700	-0,451	-0,008
206,750	-0,451	-0,008
206,800	-0,451	-0,008
206,850	-0,451	-0,008
206,900	-0,451	-0,008
206,950	-0,451	-0,008
207,000	-0,452	-0,008
207,050	-0,452	-0,008
207,100	-0,453	-0,008
207,150	-0,454	-0,008
207,200	-0,454	-0,007
207,250	-0,454	-0,008
207,300	-0,454	-0,008
207,350	-0,454	-0,008
207,400	-0,454	-0,008
207,450	-0,454	-0,008
207,500	-0,454	-0,008
207,550	-0,454	-0,008
207,600	-0,455	-0,008
207,650	-0,455	-0,009
207,700	-0,454	-0,008
207,750	-0,455	-0,008
207,800	-0,454	-0,008
207,850	-0,454	-0,008
207,900	-0,454	-0,008
207,950	-0,455	-0,008
208,000	-0,454	-0,007
208,050	-0,454	-0,008
208,100	-0,454	-0,008
208,150	-0,454	-0,008
208,200	-0,455	-0,008
208,250	-0,455	-0,008
208,300	-0,456	-0,008
208,350	-0,456	-0,008
208,400	-0,456	-0,008
208,450	-0,456	-0,008
208,500	-0,456	-0,008
208,550	-0,456	-0,008
208,600	-0,456	-0,008
208,650	-0,456	-0,008
208,700	-0,457	-0,008
208,750	-0,456	-0,008
208,800	-0,457	-0,008
208,850	-0,457	-0,008
208,900	-0,457	-0,008
208,950	-0,458	-0,008
209,000	-0,458	-0,008
209,050	-0,458	-0,008
209,100	-0,458	-0,008
209,150	-0,458	-0,008
209,200	-0,458	-0,008
209,250	-0,458	-0,008
209,300	-0,458	-0,008
209,350	-0,459	-0,008
209,400	-0,459	-0,008
209,450	-0,459	-0,008
209,500	-0,459	-0,008
209,550	-0,458	-0,008
209,600	-0,459	-0,008
209,650	-0,459	-0,008
209,700	-0,459	-0,008
209,750	-0,459	-0,008
209,800	-0,459	-0,008
209,850	-0,459	-0,008
209,900	-0,459	-0,008
209,950	-0,460	-0,009
210,000	-0,459	-0,008
210,050	-0,459	-0,008
210,100	-0,459	-0,008
210,150	-0,459	-0,008
210,200	-0,459	-0,008
210,250	-0,459	-0,008
210,300	-0,459	-0,008
210,350	-0,459	-0,008
210,400	-0,459	-0,008
210,450	-0,459	-0,008
210,500	-0,459	-0,008
210,550	-0,460	-0,008
210,600	-0,459	-0,008
210,650	-0,459	-0,008
210,700	-0,459	-0,008
210,750	-0,459	-0,008
210,800	-0,460	-0,008
210,850	-0,459	-0,008
210,900	-0,459	-0,008
210,950	-0,459	-0,008
211,000	-0,459	-0,008
