Zeit (s) Messreihe #7	Spannung, Ch A (V) Messreihe #7	Spannung, Ch B (V) Messreihe #7
0,000	6,749	-0,001
0,050	6,749	-0,002
0,100	6,748	-0,001
0,150	6,748	-0,002
0,200	6,748	-0,001
0,250	6,748	-0,002
0,300	6,748	-0,001
0,350	6,748	-0,002
0,400	6,747	-0,001
0,450	6,728	-0,002
0,500	6,688	-0,001
0,550	6,650	-0,002
0,600	6,629	-0,001
0,650	6,618	-0,002
0,700	6,612	-0,001
0,750	6,603	-0,002
0,800	6,589	-0,001
0,850	6,575	-0,002
0,900	6,562	-0,001
0,950	6,546	-0,002
1,000	6,524	-0,001
1,050	6,504	-0,002
1,100	6,491	-0,001
1,150	6,476	-0,002
1,200	6,461	-0,001
1,250	6,443	-0,002
1,300	6,421	-0,002
1,350	6,402	-0,002
1,400	6,385	-0,001
1,450	6,370	-0,002
1,500	6,358	-0,002
1,550	6,343	-0,002
1,600	6,324	-0,002
1,650	6,305	-0,002
1,700	6,284	-0,001
1,750	6,264	-0,002
1,800	6,246	-0,001
1,850	6,230	-0,002
1,900	6,214	-9,927E-4
1,950	6,200	-0,002
2,000	6,184	-0,001
2,050	6,167	-0,002
2,100	6,147	-0,001
2,150	6,131	-0,002
2,200	6,114	-0,001
2,250	6,098	-0,002
2,300	6,081	-0,002
2,350	6,064	-0,002
2,400	6,046	-0,001
2,450	6,027	-0,002
2,500	6,010	-0,002
2,550	5,995	-0,002
2,600	5,978	-0,001
2,650	5,963	-0,002
2,700	5,948	-0,001
2,750	5,933	-0,002
2,800	5,918	-0,002
2,850	5,903	-0,002
2,900	5,883	-0,001
2,950	5,865	-0,002
3,000	5,847	-0,002
3,050	5,833	-0,002
3,100	5,817	-0,002
3,150	5,800	-0,002
3,200	5,780	-0,002
3,250	5,761	-0,002
3,300	5,740	-0,002
3,350	5,718	-0,001
3,400	5,696	-0,002
3,450	5,677	-0,002
3,500	5,658	-0,002
3,550	5,640	-0,002
3,600	5,617	-0,002
3,650	5,592	-0,002
3,700	5,567	-0,002
3,750	5,543	-0,002
3,800	5,515	-0,002
3,850	5,484	-0,002
3,900	5,455	-0,002
3,950	5,431	-0,002
4,000	5,406	-0,002
4,050	5,383	-0,002
4,100	5,359	-0,002
4,150	5,337	-0,002
4,200	5,318	-0,002
4,250	5,303	-0,002
4,300	5,291	-0,001
4,350	5,279	-0,002
4,400	5,263	-0,002
4,450	5,244	-0,002
4,500	5,222	-0,001
4,550	5,203	-0,002
4,600	5,184	-0,002
4,650	5,163	-0,002
4,700	5,140	-0,002
4,750	5,110	-0,002
4,800	5,077	-0,002
4,850	5,053	-0,002
4,900	5,030	-0,002
4,950	5,006	-0,002
5,000	4,979	-0,002
5,050	4,951	-0,002
5,100	4,924	-0,002
5,150	4,900	-0,002
5,200	4,876	-0,002
5,250	4,853	-0,002
5,300	4,831	-0,002
5,350	4,810	-0,002
5,400	4,787	-0,002
5,450	4,764	-0,002
5,500	4,740	-0,002
5,550	4,715	-0,002
5,600	4,691	-0,002
5,650	4,668	-0,002
5,700	4,646	-0,002
5,750	4,627	-0,002
5,800	4,607	-0,002
5,850	4,588	-0,002
5,900	4,569	-0,002
5,950	4,551	-0,002
6,000	4,530	-0,002
6,050	4,508	-0,002
6,100	4,482	-0,002
6,150	4,461	-0,002
6,200	4,440	-0,002
6,250	4,420	-0,002
6,300	4,398	-0,002
6,350	4,377	-0,002
6,400	4,354	-0,002
6,450	4,330	-0,002
6,500	4,301	-0,002
6,550	4,269	-0,002
6,600	4,237	-0,002
6,650	4,211	-0,002
6,700	4,183	-0,002
6,750	4,152	-0,002
6,800	4,123	-0,002
6,850	4,099	-0,002
6,900	4,076	-0,002
6,950	4,052	-0,002
7,000	4,023	-0,002
7,050	3,994	-0,002
7,100	3,966	-0,002
7,150	3,944	-0,002
7,200	3,926	-0,002
7,250	3,910	-0,002
7,300	3,891	-0,002
7,350	3,870	-0,002
7,400	3,847	-0,002
7,450	3,827	-0,002
7,500	3,804	-0,002
7,550	3,783	-0,002
7,600	3,761	-0,002
7,650	3,743	-0,002
7,700	3,724	-0,002
7,750	3,704	-0,002
7,800	3,682	-0,002
7,850	3,667	-0,002
7,900	3,653	-0,002
7,950	3,635	-0,001
8,000	3,611	-0,002
8,050	3,589	-0,002
8,100	3,567	-0,003
8,150	3,548	-0,002
8,200	3,537	-0,002
8,250	3,522	-0,002
8,300	3,508	-0,002
8,350	3,494	-0,002
8,400	3,484	-0,002
8,450	3,480	-0,002
8,500	3,477	-0,002
8,550	3,473	-0,002
8,600	3,459	-0,003
8,650	3,446	-0,002
8,700	3,434	-0,002
8,750	3,425	-0,002
8,800	3,410	-0,002
8,850	3,392	-0,002
8,900	3,377	-0,002
8,950	3,362	-0,002
9,000	3,346	-0,003
9,050	3,331	-0,002
9,100	3,315	-0,002
9,150	3,297	-0,002
9,200	3,277	-0,003
9,250	3,256	-0,002
9,300	3,230	-0,002
9,350	3,205	-0,002
9,400	3,188	-0,002
9,450	3,177	-0,002
9,500	3,162	-0,003
9,550	3,145	-0,002
9,600	3,131	-0,003
9,650	3,125	-0,002
9,700	3,121	-0,003
9,750	3,120	-0,002
9,800	3,118	-0,003
9,850	3,118	-0,002
9,900	3,118	-0,003
9,950	3,118	-0,002
10,000	3,118	-0,002
10,050	3,118	-0,002
10,100	3,117	-0,003
10,150	3,117	-0,002
10,200	3,117	-0,002
10,250	3,118	-0,002
10,300	3,117	-0,002
10,350	3,116	-0,002
10,400	3,091	-0,003
10,450	3,039	-0,002
10,500	2,994	-0,003
10,550	2,968	-0,002
10,600	2,953	-0,003
10,650	2,936	-0,002
10,700	2,912	-0,002
10,750	2,889	-0,002
10,800	2,867	-0,003
10,850	2,845	-0,002
10,900	2,820	-0,003
10,950	2,791	-0,002
11,000	2,759	-0,003
11,050	2,727	-0,002
11,100	2,691	-0,002
11,150	2,655	-0,002
11,200	2,621	-0,003
11,250	2,591	-0,002
11,300	2,560	-0,003
11,350	2,532	-0,002
11,400	2,501	-0,003
11,450	2,471	-0,002
11,500	2,440	-0,003
11,550	2,410	-0,002
11,600	2,380	-0,003
11,650	2,350	-0,002
11,700	2,321	-0,003
11,750	2,298	-0,002
11,800	2,275	-0,003
11,850	2,253	-0,002
11,900	2,233	-0,003
11,950	2,218	-0,002
12,000	2,201	-0,003
12,050	2,183	-0,002
12,100	2,159	-0,003
12,150	2,131	-0,002
12,200	2,103	-0,003
12,250	2,080	-0,002
12,300	2,065	-0,003
12,350	2,048	-0,002
12,400	2,029	-0,003
12,450	2,014	-0,002
12,500	1,997	-0,003
12,550	1,982	-0,002
12,600	1,962	-0,003
12,650	1,942	-0,002
12,700	1,921	-0,003
12,750	1,902	-0,002
12,800	1,882	-0,003
12,850	1,866	-0,002
12,900	1,849	-0,003
12,950	1,833	-0,002
13,000	1,812	-0,003
13,050	1,792	-0,002
13,100	1,763	-0,003
13,150	1,728	-0,002
13,200	1,701	-0,003
13,250	1,684	-0,002
13,300	1,674	-0,003
13,350	1,662	-0,002
13,400	1,646	-0,003
13,450	1,632	-0,002
13,500	1,609	-0,003
13,550	1,586	-0,002
13,600	1,566	-0,003
13,650	1,549	-0,002
13,700	1,529	-0,003
13,750	1,510	-0,002
13,800	1,491	-0,003
13,850	1,469	-0,002
13,900	1,445	-0,003
13,950	1,432	-0,002
14,000	1,423	-0,003
14,050	1,420	-0,002
14,100	1,418	-0,003
14,150	1,417	-0,002
14,200	1,400	-0,003
14,250	1,364	-0,002
14,300	1,330	-0,003
14,350	1,311	-0,002
14,400	1,292	-0,003
14,450	1,273	-0,002
14,500	1,257	-0,003
14,550	1,249	-0,002
14,600	1,244	-0,003
14,650	1,242	-0,002
14,700	1,229	-0,003
14,750	1,201	-0,002
14,800	1,164	-0,003
14,850	1,134	-0,002
14,900	1,117	-0,003
14,950	1,098	-0,002
15,000	1,075	-0,003
15,050	1,062	-0,002
15,100	1,055	-0,003
15,150	1,052	-0,002
15,200	1,049	-0,003
15,250	1,049	-0,002
15,300	1,048	-0,003
15,350	1,048	-0,002
15,400	1,047	-0,003
15,450	1,048	-0,002
15,500	1,047	-0,003
15,550	1,048	-0,002
15,600	1,047	-0,003
15,650	1,047	-0,002
15,700	1,047	-0,003
15,750	1,048	-0,002
15,800	1,052	-0,003
15,850	1,064	-0,002
15,900	1,039	-0,003
15,950	0,992	-0,002
16,000	0,932	-0,003
16,050	0,886	-0,002
16,100	0,862	-0,003
16,150	0,843	-0,002
16,200	0,813	-0,003
16,250	0,778	-0,002
16,300	0,741	-0,003
16,350	0,705	-0,002
16,400	0,669	-0,003
16,450	0,638	-0,002
16,500	0,607	-0,003
16,550	0,580	-0,002
16,600	0,543	-0,003
16,650	0,493	-0,002
16,700	0,443	-0,003
16,750	0,394	-0,002
16,800	0,331	-0,003
16,850	0,266	-0,002
16,900	0,214	-0,003
16,950	0,172	-0,002
17,000	0,131	-0,003
17,050	0,092	-0,002
17,100	0,053	-0,003
17,150	0,021	-0,002
17,200	-0,008	-0,003
17,250	-0,029	-0,002
17,300	-0,043	-0,003
17,350	-0,049	-0,002
17,400	-0,052	-0,003
17,450	-0,054	-0,002
17,500	-0,055	-0,003
17,550	-0,056	-0,002
17,600	-0,056	-0,003
17,650	-0,056	-0,002
17,700	-0,056	-0,003
17,750	-0,056	-0,002
17,800	-0,056	-0,003
17,850	-0,057	-0,002
17,900	-0,057	-0,003
17,950	-0,057	-0,002
18,000	-0,057	-0,003
18,050	-0,057	-0,002
18,100	-0,057	-0,003
18,150	-0,057	-0,002
18,200	-0,057	-0,003
18,250	-0,057	-0,002
18,300	-0,057	-0,003
18,350	-0,057	-0,002
18,400	-0,057	-0,003
18,450	-0,057	-0,002
18,500	-0,057	-0,003
18,550	-0,057	-0,002
18,600	-0,057	-0,003
18,650	-0,057	-0,002
18,700	-0,057	-0,003
18,750	-0,057	-0,002
18,800	-0,057	-0,003
18,850	-0,057	-0,002
18,900	-0,057	-0,003
18,950	-0,057	-0,002
19,000	-0,058	-0,003
19,050	-0,057	-0,002
19,100	-0,057	-0,003
19,150	-0,057	-0,002
19,200	-0,057	-0,003
19,250	-0,058	-0,002
19,300	-0,057	-0,003
19,350	-0,057	-0,002
19,400	-0,057	-0,003
19,450	-0,057	-0,002
19,500	-0,057	-0,003
19,550	-0,057	-0,002
19,600	-0,058	-0,003
19,650	-0,058	-0,002
19,700	-0,058	-0,003
19,750	-0,057	-0,002
19,800	-0,038	-0,003
19,850	0,066	-0,002
19,900	0,063	-0,003
19,950	0,062	-0,002
20,000	0,061	-0,003
20,050	0,061	-0,002
20,100	0,061	-0,003
20,150	0,061	-0,002
20,200	0,060	-0,004
20,250	0,061	-0,002
20,300	0,061	-0,004
20,350	0,061	-0,002
20,400	0,061	-0,003
20,450	0,061	-0,002
20,500	0,061	-0,003
20,550	0,061	-0,002
20,600	0,061	-0,003
20,650	0,061	-0,002
20,700	0,061	-0,003
20,750	0,061	-0,002
20,800	0,061	-0,003
20,850	0,061	-0,002
20,900	0,061	-0,003
20,950	0,061	-0,002
21,000	0,061	-0,003
21,050	0,061	-0,002
21,100	0,061	-0,004
21,150	0,061	-0,002
21,200	0,061	-0,004
21,250	0,061	-0,002
21,300	0,061	-0,003
21,350	0,061	-0,002
21,400	0,061	-0,004
21,450	0,061	-0,002
21,500	0,060	-0,004
21,550	0,061	-0,002
21,600	0,061	-0,004
21,650	0,061	-0,002
21,700	0,061	-0,004
21,750	0,061	-0,002
21,800	0,061	-0,003
21,850	0,061	-0,002
21,900	0,061	-0,003
21,950	0,061	-0,003
22,000	0,061	-0,004
22,050	0,061	-0,002
22,100	0,061	-0,003
22,150	0,061	-0,002
22,200	0,061	-0,004
22,250	0,061	-0,002
22,300	0,061	-0,004
22,350	0,061	-0,002
22,400	0,061	-0,003
22,450	0,061	-0,002
22,500	0,061	-0,003
22,550	0,061	-0,002
22,600	0,061	-0,004
22,650	0,061	-0,002
22,700	0,061	-0,004
22,750	0,061	-0,002
22,800	0,061	-0,004
22,850	0,061	-0,002
22,900	0,061	-0,003
22,950	0,061	-0,002
23,000	0,061	-0,003
23,050	0,061	-0,002
23,100	0,057	-0,003
23,150	0,036	-0,002
23,200	0,013	-0,004
23,250	-0,013	-0,002
23,300	-0,043	-0,004
23,350	-0,078	-0,002
23,400	-0,110	-0,003
23,450	-0,140	-0,002
23,500	-0,164	-0,003
23,550	-0,185	-0,002
23,600	-0,204	-0,003
23,650	-0,227	-0,002
23,700	-0,252	-0,003
23,750	-0,283	-0,002
23,800	-0,311	-0,003
23,850	-0,341	-0,002
23,900	-0,366	-0,003
23,950	-0,390	-0,002
24,000	-0,415	-0,003
24,050	-0,443	-0,002
24,100	-0,468	-0,003
24,150	-0,492	-0,002
24,200	-0,504	-0,004
24,250	-0,513	-0,002
24,300	-0,525	-0,003
24,350	-0,545	-0,002
24,400	-0,567	-0,003
24,450	-0,590	-0,003
24,500	-0,609	-0,004
24,550	-0,624	-0,002
24,600	-0,633	-0,003
24,650	-0,647	-0,002
24,700	-0,664	-0,003
24,750	-0,684	-0,002
24,800	-0,706	-0,003
24,850	-0,726	-0,002
24,900	-0,736	-0,004
24,950	-0,750	-0,002
25,000	-0,766	-0,003
25,050	-0,781	-0,002
25,100	-0,789	-0,003
25,150	-0,793	-0,002
25,200	-0,796	-0,003
25,250	-0,806	-0,002
25,300	-0,817	-0,003
25,350	-0,832	-0,002
25,400	-0,841	-0,004
25,450	-0,846	-0,002
25,500	-0,848	-0,003
25,550	-0,851	-0,002
25,600	-0,860	-0,003
25,650	-0,872	-0,002
25,700	-0,879	-0,003
25,750	-0,888	-0,002
25,800	-0,897	-0,003
25,850	-0,908	-0,003
25,900	-0,914	-0,003
25,950	-0,924	-0,003
26,000	-0,933	-0,003
26,050	-0,946	-0,002
26,100	-0,958	-0,004
26,150	-0,965	-0,003
26,200	-0,969	-0,003
26,250	-0,979	-0,002
26,300	-0,991	-0,003
26,350	-0,999	-0,002
26,400	-1,004	-0,004
26,450	-1,008	-0,002
26,500	-1,017	-0,003
26,550	-1,031	-0,002
26,600	-1,046	-0,003
26,650	-1,060	-0,002
26,700	-1,068	-0,003
26,750	-1,080	-0,003
26,800	-1,103	-0,004
26,850	-1,128	-0,002
26,900	-1,146	-0,004
26,950	-1,155	-0,002
27,000	-1,161	-0,004
27,050	-1,172	-0,003
27,100	-1,184	-0,003
27,150	-1,192	-0,003
27,200	-1,195	-0,004
27,250	-1,201	-0,002
27,300	-1,209	-0,004
27,350	-1,219	-0,002
27,400	-1,231	-0,003
27,450	-1,242	-0,002
27,500	-1,248	-0,004
27,550	-1,255	-0,002
27,600	-1,262	-0,003
27,650	-1,269	-0,003
27,700	-1,278	-0,003
27,750	-1,282	-0,002
27,800	-1,287	-0,003
27,850	-1,297	-0,002
27,900	-1,308	-0,003
27,950	-1,322	-0,002
28,000	-1,340	-0,003
28,050	-1,356	-0,003
28,100	-1,367	-0,003
28,150	-1,376	-0,003
28,200	-1,384	-0,003
28,250	-1,396	-0,003
28,300	-1,407	-0,003
28,350	-1,424	-0,003
28,400	-1,448	-0,004
28,450	-1,478	-0,003
28,500	-1,499	-0,003
28,550	-1,516	-0,003
28,600	-1,531	-0,004
28,650	-1,553	-0,003
28,700	-1,576	-0,003
28,750	-1,597	-0,003
28,800	-1,611	-0,004
28,850	-1,625	-0,003
28,900	-1,635	-0,004
28,950	-1,651	-0,003
29,000	-1,669	-0,003
29,050	-1,682	-0,002
29,100	-1,695	-0,003
29,150	-1,703	-0,003
29,200	-1,707	-0,003
29,250	-1,715	-0,002
29,300	-1,727	-0,003
29,350	-1,739	-0,003
29,400	-1,750	-0,003
29,450	-1,757	-0,003
29,500	-1,766	-0,004
29,550	-1,777	-0,002
29,600	-1,788	-0,004
29,650	-1,793	-0,003
29,700	-1,796	-0,004
29,750	-1,798	-0,003
29,800	-1,798	-0,004
29,850	-1,799	-0,003
29,900	-1,799	-0,003
29,950	-1,799	-0,003
30,000	-1,799	-0,003
30,050	-1,799	-0,003
30,100	-1,799	-0,004
30,150	-1,799	-0,003
30,200	-1,799	-0,004
30,250	-1,799	-0,002
30,300	-1,799	-0,004
30,350	-1,799	-0,003
30,400	-1,799	-0,004
30,450	-1,799	-0,003
30,500	-1,800	-0,004
30,550	-1,809	-0,003
30,600	-1,827	-0,003
30,650	-1,865	-0,003
30,700	-1,906	-0,004
30,750	-1,926	-0,003
30,800	-1,941	-0,004
30,850	-1,960	-0,003
30,900	-1,977	-0,004
30,950	-1,993	-0,003
31,000	-2,010	-0,003
31,050	-2,021	-0,003
31,100	-2,034	-0,003
31,150	-2,051	-0,003
31,200	-2,065	-0,003
31,250	-2,080	-0,003
31,300	-2,097	-0,004
31,350	-2,114	-0,003
31,400	-2,137	-0,004
31,450	-2,162	-0,003
31,500	-2,185	-0,003
31,550	-2,208	-0,003
31,600	-2,227	-0,004
31,650	-2,243	-0,003
31,700	-2,258	-0,003
31,750	-2,279	-0,003
31,800	-2,305	-0,004
31,850	-2,330	-0,003
31,900	-2,347	-0,004
31,950	-2,357	-0,003
32,000	-2,369	-0,004
32,050	-2,379	-0,003
32,100	-2,390	-0,004
32,150	-2,403	-0,003
32,200	-2,418	-0,004
32,250	-2,430	-0,003
32,300	-2,441	-0,004
32,350	-2,450	-0,003
32,400	-2,461	-0,003
32,450	-2,473	-0,003
32,500	-2,486	-0,004
32,550	-2,496	-0,003
32,600	-2,502	-0,004
32,650	-2,511	-0,003
32,700	-2,524	-0,003
32,750	-2,539	-0,003
32,800	-2,556	-0,004
32,850	-2,566	-0,003
32,900	-2,573	-0,004
32,950	-2,581	-0,003
33,000	-2,591	-0,004
33,050	-2,606	-0,003
33,100	-2,621	-0,004
33,150	-2,635	-0,003
33,200	-2,653	-0,003
33,250	-2,672	-0,003
33,300	-2,687	-0,004
33,350	-2,698	-0,003
33,400	-2,708	-0,003
33,450	-2,718	-0,003
33,500	-2,734	-0,004
33,550	-2,752	-0,003
33,600	-2,768	-0,003
33,650	-2,778	-0,003
33,700	-2,784	-0,003
33,750	-2,791	-0,003
33,800	-2,809	-0,004
33,850	-2,836	-0,003
33,900	-2,858	-0,004
33,950	-2,869	-0,003
34,000	-2,875	-0,003
34,050	-2,878	-0,004
34,100	-2,880	-0,004
34,150	-2,880	-0,003
34,200	-2,880	-0,003
34,250	-2,880	-0,003
34,300	-2,881	-0,003
34,350	-2,881	-0,003
34,400	-2,881	-0,003
34,450	-2,881	-0,003
34,500	-2,881	-0,004
34,550	-2,881	-0,003
34,600	-2,881	-0,003
34,650	-2,881	-0,004
34,700	-2,881	-0,003
34,750	-2,881	-0,003
34,800	-2,881	-0,004
34,850	-2,882	-0,003
34,900	-2,897	-0,003
34,950	-2,920	-0,003
35,000	-2,942	-0,003
35,050	-2,958	-0,003
35,100	-2,975	-0,004
35,150	-2,995	-0,003
35,200	-3,017	-0,003
35,250	-3,034	-0,003
35,300	-3,050	-0,004
35,350	-3,063	-0,003
35,400	-3,077	-0,004
35,450	-3,093	-0,003
35,500	-3,117	-0,004
35,550	-3,143	-0,003
35,600	-3,174	-0,003
35,650	-3,210	-0,003
35,700	-3,250	-0,004
35,750	-3,277	-0,003
35,800	-3,299	-0,003
35,850	-3,308	-0,003
35,900	-3,308	-0,004
35,950	-3,307	-0,004
36,000	-3,307	-0,003
36,050	-3,313	-0,004
36,100	-3,325	-0,004
36,150	-3,333	-0,003
36,200	-3,338	-0,003
36,250	-3,347	-0,004
36,300	-3,369	-0,003
36,350	-3,409	-0,004
36,400	-3,450	-0,003
36,450	-3,476	-0,003
36,500	-3,489	-0,003
36,550	-3,500	-0,004
36,600	-3,511	-0,003
36,650	-3,518	-0,004
36,700	-3,537	-0,004
36,750	-3,567	-0,004
36,800	-3,588	-0,004
36,850	-3,598	-0,004
36,900	-3,604	-0,003
36,950	-3,606	-0,004
37,000	-3,608	-0,003
37,050	-3,614	-0,003
37,100	-3,622	-0,004
37,150	-3,624	-0,004
37,200	-3,630	-0,003
37,250	-3,646	-0,004
37,300	-3,669	-0,004
37,350	-3,684	-0,004
37,400	-3,700	-0,003
37,450	-3,708	-0,004
37,500	-3,719	-0,004
37,550	-3,732	-0,004
37,600	-3,747	-0,003
37,650	-3,760	-0,004
37,700	-3,774	-0,003
37,750	-3,781	-0,004
37,800	-3,791	-0,003
37,850	-3,805	-0,004
37,900	-3,833	-0,004
37,950	-3,862	-0,003
38,000	-3,879	-0,004
38,050	-3,887	-0,004
38,100	-3,892	-0,003
38,150	-3,903	-0,004
38,200	-3,916	-0,003
38,250	-3,923	-0,004
38,300	-3,934	-0,003
38,350	-3,947	-0,004
38,400	-3,965	-0,004
38,450	-3,983	-0,004
38,500	-4,004	-0,004
38,550	-4,026	-0,004
38,600	-4,050	-0,003
38,650	-4,070	-0,004
38,700	-4,086	-0,003
38,750	-4,097	-0,004
38,800	-4,104	-0,003
38,850	-4,106	-0,004
38,900	-4,112	-0,003
38,950	-4,119	-0,004
39,000	-4,123	-0,003
39,050	-4,118	-0,004
39,100	-4,114	-0,003
39,150	-4,112	-0,004
39,200	-4,112	-0,003
39,250	-4,111	-0,004
39,300	-4,111	-0,003
39,350	-4,111	-0,004
39,400	-4,111	-0,003
39,450	-4,110	-0,004
39,500	-4,111	-0,003
39,550	-4,110	-0,004
39,600	-4,111	-0,003
39,650	-4,111	-0,004
39,700	-4,111	-0,003
39,750	-4,116	-0,004
39,800	-4,130	-0,003
39,850	-4,145	-0,004
39,900	-4,158	-0,003
39,950	-4,172	-0,004
40,000	-4,194	-0,003
40,050	-4,217	-0,004
40,100	-4,235	-0,003
40,150	-4,243	-0,004
40,200	-4,254	-0,003
40,250	-4,264	-0,004
40,300	-4,283	-0,003
40,350	-4,303	-0,004
40,400	-4,314	-0,004
40,450	-4,319	-0,004
40,500	-4,322	-0,003
40,550	-4,329	-0,004
40,600	-4,343	-0,003
40,650	-4,368	-0,004
40,700	-4,399	-0,003
40,750	-4,428	-0,004
40,800	-4,448	-0,003
40,850	-4,458	-0,004
40,900	-4,463	-0,003
40,950	-4,469	-0,004
41,000	-4,483	-0,003
41,050	-4,502	-0,004
41,100	-4,520	-0,003
41,150	-4,530	-0,004
41,200	-4,542	-0,003
41,250	-4,557	-0,004
41,300	-4,566	-0,003
41,350	-4,571	-0,004
41,400	-4,573	-0,003
41,450	-4,574	-0,004
41,500	-4,576	-0,003
41,550	-4,584	-0,004
41,600	-4,590	-0,003
41,650	-4,602	-0,004
41,700	-4,617	-0,003
41,750	-4,629	-0,004
41,800	-4,638	-0,003
41,850	-4,644	-0,004
41,900	-4,659	-0,004
41,950	-4,678	-0,004
42,000	-4,703	-0,003
42,050	-4,730	-0,004
42,100	-4,751	-0,003
42,150	-4,761	-0,004
42,200	-4,768	-0,003
42,250	-4,777	-0,004
42,300	-4,791	-0,004
42,350	-4,804	-0,004
42,400	-4,822	-0,003
42,450	-4,839	-0,004
42,500	-4,850	-0,003
42,550	-4,855	-0,004
42,600	-4,863	-0,003
42,650	-4,871	-0,004
42,700	-4,881	-0,003
42,750	-4,889	-0,004
42,800	-4,901	-0,003
42,850	-4,909	-0,004
42,900	-4,921	-0,003
42,950	-4,928	-0,004
43,000	-4,943	-0,004
43,050	-4,955	-0,004
43,100	-4,966	-0,003
43,150	-4,976	-0,004
43,200	-4,982	-0,003
43,250	-4,984	-0,004
43,300	-4,993	-0,004
43,350	-5,000	-0,004
43,400	-5,011	-0,003
43,450	-5,024	-0,004
43,500	-5,037	-0,004
43,550	-5,047	-0,004
43,600	-5,056	-0,003
43,650	-5,067	-0,004
43,700	-5,080	-0,003
43,750	-5,094	-0,004
43,800	-5,109	-0,003
43,850	-5,121	-0,004
43,900	-5,134	-0,003
43,950	-5,141	-0,004
44,000	-5,155	-0,003
44,050	-5,172	-0,004
44,100	-5,188	-0,003
44,150	-5,203	-0,004
44,200	-5,211	-0,003
44,250	-5,215	-0,004
44,300	-5,219	-0,004
44,350	-5,226	-0,004
44,400	-5,237	-0,003
44,450	-5,247	-0,005
44,500	-5,259	-0,003
44,550	-5,268	-0,004
44,600	-5,281	-0,003
44,650	-5,296	-0,004
44,700	-5,319	-0,003
44,750	-5,340	-0,004
44,800	-5,351	-0,003
44,850	-5,357	-0,004
44,900	-5,360	-0,003
44,950	-5,361	-0,005
45,000	-5,367	-0,003
45,050	-5,383	-0,004
45,100	-5,400	-0,004
45,150	-5,408	-0,004
45,200	-5,413	-0,003
45,250	-5,415	-0,004
45,300	-5,416	-0,003
45,350	-5,417	-0,005
45,400	-5,418	-0,004
45,450	-5,417	-0,004
45,500	-5,418	-0,003
45,550	-5,417	-0,004
45,600	-5,412	-0,003
45,650	-5,405	-0,004
45,700	-5,402	-0,003
45,750	-5,400	-0,005
45,800	-5,400	-0,004
45,850	-5,399	-0,005
45,900	-5,399	-0,003
45,950	-5,398	-0,005
46,000	-5,399	-0,003
46,050	-5,398	-0,004
46,100	-5,398	-0,003
46,150	-5,398	-0,004
46,200	-5,406	-0,003
46,250	-5,417	-0,004
46,300	-5,436	-0,004
46,350	-5,455	-0,004
46,400	-5,477	-0,004
46,450	-5,491	-0,004
46,500	-5,502	-0,003
46,550	-5,515	-0,005
46,600	-5,528	-0,003
46,650	-5,540	-0,004
46,700	-5,554	-0,003
46,750	-5,566	-0,004
46,800	-5,573	-0,003
46,850	-5,583	-0,004
46,900	-5,597	-0,003
46,950	-5,615	-0,005
47,000	-5,637	-0,003
47,050	-5,652	-0,005
47,100	-5,661	-0,004
47,150	-5,666	-0,005
47,200	-5,679	-0,003
47,250	-5,700	-0,005
47,300	-5,734	-0,003
47,350	-5,769	-0,005
47,400	-5,791	-0,004
47,450	-5,807	-0,004
47,500	-5,819	-0,003
47,550	-5,824	-0,005
47,600	-5,830	-0,004
47,650	-5,840	-0,004
47,700	-5,857	-0,003
47,750	-5,873	-0,004
47,800	-5,888	-0,003
47,850	-5,898	-0,005
47,900	-5,916	-0,004
47,950	-5,937	-0,005
48,000	-5,962	-0,004
48,050	-5,976	-0,005
48,100	-5,984	-0,003
48,150	-5,994	-0,005
48,200	-6,006	-0,003
48,250	-6,020	-0,005
48,300	-6,037	-0,004
48,350	-6,050	-0,005
48,400	-6,062	-0,004
48,450	-6,071	-0,005
48,500	-6,075	-0,004
48,550	-6,068	-0,005
48,600	-6,057	-0,004
48,650	-6,051	-0,005
48,700	-6,049	-0,004
48,750	-6,047	-0,004
48,800	-6,047	-0,004
48,850	-6,046	-0,005
48,900	-6,046	-0,003
48,950	-6,046	-0,005
49,000	-6,046	-0,004
49,050	-6,046	-0,005
49,100	-6,046	-0,004
49,150	-6,046	-0,005
49,200	-6,046	-0,004
49,250	-6,045	-0,005
49,300	-6,046	-0,004
49,350	-6,046	-0,004
49,400	-6,047	-0,003
49,450	-6,054	-0,005
49,500	-6,059	-0,003
49,550	-6,068	-0,005
49,600	-6,080	-0,004
49,650	-6,093	-0,005
49,700	-6,105	-0,004
49,750	-6,112	-0,005
49,800	-6,125	-0,004
49,850	-6,145	-0,005
49,900	-6,177	-0,003
49,950	-6,207	-0,005
50,000	-6,225	-0,004
50,050	-6,233	-0,005
50,100	-6,239	-0,004
50,150	-6,247	-0,005
50,200	-6,256	-0,004
50,250	-6,266	-0,005
50,300	-6,276	-0,003
50,350	-6,286	-0,005
50,400	-6,294	-0,004
50,450	-6,304	-0,005
50,500	-6,311	-0,003
50,550	-6,321	-0,005
50,600	-6,328	-0,004
50,650	-6,330	-0,005
50,700	-6,336	-0,004
50,750	-6,348	-0,004
50,800	-6,366	-0,003
50,850	-6,376	-0,005
50,900	-6,383	-0,003
50,950	-6,392	-0,005
51,000	-6,399	-0,004
51,050	-6,406	-0,005
51,100	-6,415	-0,004
51,150	-6,423	-0,005
51,200	-6,433	-0,004
51,250	-6,444	-0,005
51,300	-6,453	-0,004
51,350	-6,464	-0,005
51,400	-6,471	-0,003
51,450	-6,474	-0,005
51,500	-6,476	-0,004
51,550	-6,482	-0,005
51,600	-6,494	-0,004
51,650	-6,503	-0,005
51,700	-6,509	-0,004
51,750	-6,511	-0,005
51,800	-6,516	-0,004
51,850	-6,523	-0,005
51,900	-6,528	-0,004
51,950	-6,531	-0,005
52,000	-6,541	-0,004
52,050	-6,550	-0,005
52,100	-6,559	-0,004
52,150	-6,562	-0,005
52,200	-6,566	-0,004
52,250	-6,567	-0,005
52,300	-6,569	-0,004
52,350	-6,572	-0,005
52,400	-6,579	-0,004
52,450	-6,583	-0,005
52,500	-6,592	-0,004
52,550	-6,599	-0,005
52,600	-6,611	-0,004
52,650	-6,616	-0,005
52,700	-6,619	-0,004
52,750	-6,620	-0,005
52,800	-6,621	-0,003
52,850	-6,621	-0,005
52,900	-6,623	-0,003
52,950	-6,630	-0,005
53,000	-6,641	-0,004
53,050	-6,652	-0,005
53,100	-6,664	-0,004
53,150	-6,670	-0,005
53,200	-6,673	-0,003
53,250	-6,674	-0,005
53,300	-6,675	-0,004
53,350	-6,682	-0,005
53,400	-6,696	-0,003
53,450	-6,707	-0,005
53,500	-6,717	-0,004
53,550	-6,724	-0,005
53,600	-6,728	-0,004
53,650	-6,728	-0,005
53,700	-6,730	-0,004
53,750	-6,729	-0,005
53,800	-6,730	-0,004
53,850	-6,730	-0,005
53,900	-6,730	-0,004
53,950	-6,730	-0,005
54,000	-6,730	-0,004
54,050	-6,729	-0,005
54,100	-6,730	-0,004
54,150	-6,729	-0,005
54,200	-6,730	-0,004
54,250	-6,729	-0,005
54,300	-6,730	-0,004
54,350	-6,729	-0,004
54,400	-6,730	-0,003
54,450	-6,730	-0,005
54,500	-6,730	-0,004
54,550	-6,730	-0,005
54,600	-6,730	-0,004
54,650	-6,730	-0,005
54,700	-6,730	-0,004
54,750	-6,729	-0,004
54,800	-6,730	-0,004
54,850	-6,730	-0,005
54,900	-6,730	-0,004
54,950	-6,729	-0,005
55,000	-6,730	-0,004
55,050	-6,730	-0,005
55,100	-6,726	-0,004
55,150	-6,719	-0,005
55,200	-6,716	-0,004
55,250	-6,714	-0,005
55,300	-6,713	-0,004
55,350	-6,705	-0,004
55,400	-6,689	-0,004
55,450	-6,661	-0,005
55,500	-6,621	-0,004
55,550	-6,574	-0,005
55,600	-6,528	-0,004
55,650	-6,485	-0,005
55,700	-6,446	-0,004
55,750	-6,413	-0,005
55,800	-6,385	-0,004
55,850	-6,359	-0,005
55,900	-6,332	-0,004
55,950	-6,303	-0,004
56,000	-6,276	-0,004
56,050	-6,252	-0,005
56,100	-6,231	-0,004
56,150	-6,211	-0,005
56,200	-6,191	-0,004
56,250	-6,169	-0,004
56,300	-6,149	-0,004
56,350	-6,129	-0,005
56,400	-6,108	-0,004
56,450	-6,086	-0,005
56,500	-6,063	-0,004
56,550	-6,038	-0,005
56,600	-6,014	-0,004
56,650	-5,989	-0,004
56,700	-5,965	-0,004
56,750	-5,938	-0,004
56,800	-5,908	-0,004
56,850	-5,882	-0,005
56,900	-5,860	-0,004
56,950	-5,841	-0,004
57,000	-5,826	-0,004
57,050	-5,809	-0,004
57,100	-5,788	-0,004
57,150	-5,765	-0,004
57,200	-5,742	-0,004
57,250	-5,720	-0,004
57,300	-5,698	-0,004
57,350	-5,678	-0,004
57,400	-5,660	-0,004
57,450	-5,641	-0,004
57,500	-5,617	-0,004
57,550	-5,589	-0,004
57,600	-5,561	-0,004
57,650	-5,534	-0,004
57,700	-5,514	-0,004
57,750	-5,504	-0,004
57,800	-5,496	-0,004
57,850	-5,486	-0,004
57,900	-5,479	-0,004
57,950	-5,468	-0,004
58,000	-5,462	-0,004
58,050	-5,452	-0,004
58,100	-5,439	-0,004
58,150	-5,419	-0,004
58,200	-5,393	-0,004
58,250	-5,368	-0,004
58,300	-5,347	-0,004
58,350	-5,327	-0,004
58,400	-5,310	-0,004
58,450	-5,294	-0,004
58,500	-5,279	-0,004
58,550	-5,269	-0,004
58,600	-5,257	-0,004
58,650	-5,243	-0,004
58,700	-5,231	-0,004
58,750	-5,213	-0,004
58,800	-5,188	-0,004
58,850	-5,165	-0,004
58,900	-5,140	-0,004
58,950	-5,118	-0,004
59,000	-5,097	-0,004
59,050	-5,078	-0,004
59,100	-5,057	-0,004
59,150	-5,035	-0,004
59,200	-5,012	-0,004
59,250	-4,990	-0,004
59,300	-4,964	-0,004
59,350	-4,934	-0,004
59,400	-4,907	-0,004
59,450	-4,884	-0,004
59,500	-4,864	-0,004
59,550	-4,842	-0,004
59,600	-4,818	-0,004
59,650	-4,795	-0,004
59,700	-4,772	-0,004
59,750	-4,750	-0,004
59,800	-4,730	-0,004
59,850	-4,717	-0,004
59,900	-4,700	-0,004
59,950	-4,678	-0,004
60,000	-4,656	-0,004
60,050	-4,633	-0,004
60,100	-4,604	-0,004
60,150	-4,577	-0,004
60,200	-4,556	-0,004
60,250	-4,532	-0,004
60,300	-4,510	-0,004
60,350	-4,486	-0,004
60,400	-4,456	-0,004
60,450	-4,431	-0,004
60,500	-4,405	-0,004
60,550	-4,385	-0,004
60,600	-4,368	-0,004
60,650	-4,356	-0,004
60,700	-4,344	-0,004
60,750	-4,332	-0,004
60,800	-4,317	-0,004
60,850	-4,301	-0,004
60,900	-4,279	-0,004
60,950	-4,259	-0,004
61,000	-4,236	-0,004
61,050	-4,214	-0,004
61,100	-4,193	-0,004
61,150	-4,174	-0,004
61,200	-4,153	-0,004
61,250	-4,131	-0,004
61,300	-4,103	-0,004
61,350	-4,071	-0,004
61,400	-4,039	-0,004
61,450	-4,010	-0,004
61,500	-3,985	-0,004
61,550	-3,962	-0,004
61,600	-3,940	-0,004
61,650	-3,919	-0,004
61,700	-3,895	-0,004
61,750	-3,871	-0,004
61,800	-3,851	-0,004
61,850	-3,836	-0,004
61,900	-3,817	-0,004
61,950	-3,802	-0,004
62,000	-3,780	-0,004
62,050	-3,759	-0,004
62,100	-3,737	-0,004
62,150	-3,711	-0,004
62,200	-3,687	-0,004
62,250	-3,663	-0,004
62,300	-3,643	-0,004
62,350	-3,623	-0,004
62,400	-3,601	-0,004
62,450	-3,575	-0,004
62,500	-3,546	-0,004
62,550	-3,513	-0,004
62,600	-3,478	-0,004
62,650	-3,443	-0,004
62,700	-3,406	-0,004
62,750	-3,368	-0,003
62,800	-3,332	-0,004
62,850	-3,303	-0,004
62,900	-3,274	-0,004
62,950	-3,252	-0,003
63,000	-3,231	-0,004
63,050	-3,213	-0,003
63,100	-3,190	-0,004
63,150	-3,164	-0,004
63,200	-3,141	-0,004
63,250	-3,127	-0,004
63,300	-3,112	-0,004
63,350	-3,107	-0,004
63,400	-3,098	-0,004
63,450	-3,090	-0,003
63,500	-3,077	-0,004
63,550	-3,061	-0,004
63,600	-3,041	-0,004
63,650	-3,022	-0,004
63,700	-3,006	-0,004
63,750	-2,990	-0,004
63,800	-2,973	-0,004
63,850	-2,957	-0,004
63,900	-2,937	-0,004
63,950	-2,915	-0,003
64,000	-2,891	-0,004
64,050	-2,869	-0,004
64,100	-2,850	-0,004
64,150	-2,835	-0,003
64,200	-2,816	-0,004
64,250	-2,798	-0,003
64,300	-2,786	-0,004
64,350	-2,769	-0,003
64,400	-2,747	-0,004
64,450	-2,722	-0,003
64,500	-2,705	-0,004
64,550	-2,697	-0,003
64,600	-2,692	-0,004
64,650	-2,691	-0,003
64,700	-2,689	-0,004
64,750	-2,689	-0,003
64,800	-2,688	-0,004
64,850	-2,688	-0,004
64,900	-2,688	-0,004
64,950	-2,688	-0,003
65,000	-2,687	-0,004
65,050	-2,688	-0,003
65,100	-2,687	-0,004
65,150	-2,688	-0,004
65,200	-2,687	-0,004
65,250	-2,687	-0,004
65,300	-2,682	-0,004
65,350	-2,669	-0,003
65,400	-2,647	-0,004
65,450	-2,618	-0,003
65,500	-2,585	-0,004
65,550	-2,545	-0,003
65,600	-2,507	-0,004
65,650	-2,472	-0,003
65,700	-2,444	-0,004
65,750	-2,418	-0,003
65,800	-2,395	-0,004
65,850	-2,377	-0,003
65,900	-2,359	-0,004
65,950	-2,340	-0,003
66,000	-2,315	-0,004
66,050	-2,291	-0,003
66,100	-2,265	-0,004
66,150	-2,244	-0,003
66,200	-2,227	-0,004
66,250	-2,217	-0,003
66,300	-2,205	-0,004
66,350	-2,196	-0,003
66,400	-2,180	-0,004
66,450	-2,158	-0,003
66,500	-2,132	-0,004
66,550	-2,109	-0,003
66,600	-2,096	-0,004
66,650	-2,080	-0,003
66,700	-2,057	-0,004
66,750	-2,032	-0,003
66,800	-2,007	-0,004
66,850	-1,983	-0,004
66,900	-1,955	-0,004
66,950	-1,929	-0,003
67,000	-1,904	-0,004
67,050	-1,884	-0,003
67,100	-1,862	-0,004
67,150	-1,836	-0,003
67,200	-1,806	-0,005
67,250	-1,782	-0,003
67,300	-1,766	-0,004
67,350	-1,758	-0,003
67,400	-1,754	-0,004
67,450	-1,751	-0,003
67,500	-1,733	-0,004
67,550	-1,707	-0,003
67,600	-1,675	-0,004
67,650	-1,642	-0,003
67,700	-1,614	-0,004
67,750	-1,592	-0,003
67,800	-1,566	-0,004
67,850	-1,539	-0,003
67,900	-1,506	-0,005
67,950	-1,469	-0,003
68,000	-1,425	-0,004
68,050	-1,382	-0,003
68,100	-1,354	-0,004
68,150	-1,340	-0,003
68,200	-1,332	-0,004
68,250	-1,319	-0,003
68,300	-1,298	-0,004
68,350	-1,286	-0,003
68,400	-1,273	-0,004
68,450	-1,262	-0,003
68,500	-1,248	-0,004
68,550	-1,229	-0,003
68,600	-1,207	-0,004
68,650	-1,187	-0,003
68,700	-1,167	-0,004
68,750	-1,147	-0,003
68,800	-1,131	-0,004
68,850	-1,116	-0,003
68,900	-1,098	-0,004
68,950	-1,078	-0,003
69,000	-1,055	-0,004
69,050	-1,031	-0,003
69,100	-1,002	-0,004
69,150	-0,970	-0,003
69,200	-0,933	-0,004
69,250	-0,899	-0,003
69,300	-0,869	-0,004
69,350	-0,844	-0,003
69,400	-0,821	-0,004
69,450	-0,796	-0,003
69,500	-0,771	-0,004
69,550	-0,753	-0,003
69,600	-0,736	-0,004
69,650	-0,711	-0,003
69,700	-0,671	-0,004
69,750	-0,619	-0,003
69,800	-0,574	-0,004
69,850	-0,546	-0,003
69,900	-0,525	-0,004
69,950	-0,506	-0,003
70,000	-0,483	-0,004
70,050	-0,458	-0,003
70,100	-0,427	-0,004
70,150	-0,395	-0,003
70,200	-0,358	-0,004
70,250	-0,322	-0,003
70,300	-0,292	-0,004
70,350	-0,266	-0,003
70,400	-0,243	-0,004
70,450	-0,223	-0,003
70,500	-0,202	-0,004
70,550	-0,179	-0,003
70,600	-0,150	-0,004
70,650	-0,118	-0,003
70,700	-0,091	-0,004
70,750	-0,067	-0,003
70,800	-0,044	-0,004
70,850	-0,027	-0,003
70,900	-0,008	-0,004
70,950	0,008	-0,003
71,000	0,026	-0,004
71,050	0,040	-0,003
71,100	0,050	-0,004
71,150	0,054	-0,003
71,200	0,057	-0,004
71,250	0,058	-0,003
71,300	0,059	-0,004
71,350	0,059	-0,003
71,400	0,060	-0,004
71,450	0,060	-0,003
71,500	0,060	-0,004
71,550	0,060	-0,003
71,600	0,060	-0,004
71,650	0,060	-0,003
71,700	0,060	-0,005
71,750	0,060	-0,003
71,800	0,060	-0,004
71,850	0,060	-0,003
71,900	0,060	-0,005
71,950	0,060	-0,003
72,000	0,060	-0,004
72,050	0,060	-0,003
72,100	0,060	-0,005
72,150	0,060	-0,003
72,200	0,060	-0,004
72,250	0,060	-0,003
72,300	0,060	-0,005
72,350	0,061	-0,003
72,400	0,060	-0,005
72,450	0,061	-0,003
72,500	0,060	-0,004
72,550	0,060	-0,003
72,600	0,061	-0,004
72,650	0,061	-0,003
72,700	0,061	-0,004
72,750	0,061	-0,003
72,800	0,060	-0,005
72,850	0,061	-0,003
72,900	0,061	-0,004
72,950	0,061	-0,003
73,000	0,061	-0,004
73,050	0,061	-0,003
73,100	0,061	-0,004
73,150	0,061	-0,003
73,200	0,061	-0,004
73,250	0,061	-0,003
73,300	0,061	-0,004
73,350	0,061	-0,003
73,400	0,061	-0,005
73,450	0,061	-0,003
73,500	0,061	-0,005
73,550	0,061	-0,003
73,600	0,061	-0,004
73,650	0,061	-0,004
73,700	0,061	-0,005
73,750	0,061	-0,003
73,800	0,061	-0,005
73,850	0,061	-0,003
73,900	0,061	-0,005
73,950	0,061	-0,003
74,000	0,061	-0,005
74,050	0,061	-0,004
74,100	0,058	-0,005
74,150	-0,053	-0,004
74,200	-0,061	-0,004
74,250	-0,060	-0,003
74,300	-0,059	-0,004
74,350	-0,058	-0,003
74,400	-0,058	-0,004
74,450	-0,058	-0,003
74,500	-0,058	-0,004
74,550	-0,058	-0,003
74,600	-0,058	-0,004
74,650	-0,058	-0,003
74,700	-0,058	-0,004
74,750	-0,058	-0,003
74,800	-0,058	-0,004
74,850	-0,058	-0,003
74,900	-0,058	-0,004
74,950	-0,058	-0,003
75,000	-0,058	-0,005
75,050	-0,058	-0,003
75,100	-0,058	-0,004
75,150	-0,058	-0,003
75,200	-0,058	-0,004
75,250	-0,058	-0,003
75,300	-0,058	-0,004
75,350	-0,058	-0,003
75,400	-0,058	-0,004
75,450	-0,058	-0,003
75,500	-0,058	-0,004
75,550	-0,058	-0,004
75,600	-0,058	-0,004
75,650	-0,058	-0,003
75,700	-0,058	-0,004
75,750	-0,058	-0,003
75,800	-0,058	-0,004
75,850	-0,058	-0,003
75,900	-0,058	-0,004
75,950	-0,058	-0,003
76,000	-0,058	-0,004
76,050	-0,058	-0,003
76,100	-0,058	-0,004
76,150	-0,058	-0,003
76,200	-0,058	-0,004
76,250	-0,058	-0,003
76,300	-0,058	-0,004
76,350	-0,057	-0,003
76,400	-0,052	-0,004
76,450	-0,037	-0,003
76,500	-0,009	-0,004
76,550	0,025	-0,004
76,600	0,054	-0,005
76,650	0,079	-0,003
76,700	0,101	-0,004
76,750	0,122	-0,004
76,800	0,143	-0,005
76,850	0,164	-0,003
76,900	0,184	-0,004
76,950	0,204	-0,004
77,000	0,227	-0,005
77,050	0,249	-0,004
77,100	0,271	-0,004
77,150	0,293	-0,004
77,200	0,314	-0,004
77,250	0,333	-0,003
77,300	0,350	-0,005
77,350	0,366	-0,003
77,400	0,386	-0,004
77,450	0,411	-0,004
77,500	0,433	-0,004
77,550	0,452	-0,003
77,600	0,474	-0,004
77,650	0,490	-0,003
77,700	0,508	-0,004
77,750	0,525	-0,003
77,800	0,542	-0,004
77,850	0,559	-0,003
77,900	0,577	-0,004
77,950	0,612	-0,003
78,000	0,655	-0,004
78,050	0,692	-0,003
78,100	0,721	-0,004
78,150	0,744	-0,004
78,200	0,763	-0,004
78,250	0,774	-0,003
78,300	0,785	-0,005
78,350	0,798	-0,004
78,400	0,823	-0,004
78,450	0,854	-0,004
78,500	0,884	-0,004
78,550	0,909	-0,003
78,600	0,928	-0,004
78,650	0,953	-0,003
78,700	0,985	-0,004
78,750	1,007	-0,003
78,800	1,024	-0,004
78,850	1,045	-0,003
78,900	1,074	-0,004
78,950	1,112	-0,003
79,000	1,152	-0,004
79,050	1,184	-0,004
79,100	1,211	-0,004
79,150	1,237	-0,004
79,200	1,264	-0,004
79,250	1,290	-0,004
79,300	1,312	-0,004
79,350	1,336	-0,004
79,400	1,363	-0,004
79,450	1,390	-0,004
79,500	1,413	-0,004
79,550	1,435	-0,003
79,600	1,455	-0,004
79,650	1,474	-0,004
79,700	1,494	-0,004
79,750	1,513	-0,004
79,800	1,532	-0,004
79,850	1,547	-0,003
79,900	1,563	-0,004
79,950	1,582	-0,003
80,000	1,598	-0,004
80,050	1,613	-0,004
80,100	1,628	-0,004
80,150	1,642	-0,004
80,200	1,657	-0,004
80,250	1,674	-0,004
80,300	1,689	-0,004
80,350	1,707	-0,004
80,400	1,726	-0,004
80,450	1,742	-0,004
80,500	1,757	-0,004
80,550	1,770	-0,004
80,600	1,777	-0,004
80,650	1,787	-0,003
80,700	1,794	-0,004
80,750	1,802	-0,004
80,800	1,811	-0,004
80,850	1,815	-0,004
80,900	1,817	-0,004
80,950	1,818	-0,004
81,000	1,819	-0,004
81,050	1,819	-0,004
81,100	1,819	-0,004
81,150	1,819	-0,004
81,200	1,820	-0,004
81,250	1,819	-0,004
81,300	1,820	-0,004
81,350	1,820	-0,004
81,400	1,820	-0,004
81,450	1,823	-0,004
81,500	1,833	-0,004
81,550	1,847	-0,004
81,600	1,866	-0,004
81,650	1,884	-0,004
81,700	1,898	-0,004
81,750	1,914	-0,004
81,800	1,942	-0,004
81,850	1,985	-0,004
81,900	2,033	-0,004
81,950	2,078	-0,003
82,000	2,119	-0,004
82,050	2,148	-0,004
82,100	2,169	-0,004
82,150	2,185	-0,004
82,200	2,206	-0,004
82,250	2,231	-0,004
82,300	2,260	-0,004
82,350	2,279	-0,003
82,400	2,296	-0,004
82,450	2,310	-0,003
82,500	2,326	-0,004
82,550	2,344	-0,004
82,600	2,356	-0,004
82,650	2,367	-0,003
82,700	2,382	-0,004
82,750	2,400	-0,004
82,800	2,417	-0,004
82,850	2,434	-0,004
82,900	2,455	-0,004
82,950	2,479	-0,004
83,000	2,501	-0,004
83,050	2,517	-0,004
83,100	2,531	-0,004
83,150	2,544	-0,004
83,200	2,558	-0,004
83,250	2,571	-0,004
83,300	2,587	-0,004
83,350	2,600	-0,004
83,400	2,608	-0,004
83,450	2,614	-0,004
83,500	2,624	-0,004
83,550	2,630	-0,004
83,600	2,642	-0,004
83,650	2,659	-0,004
83,700	2,674	-0,004
83,750	2,689	-0,003
83,800	2,706	-0,004
83,850	2,725	-0,004
83,900	2,754	-0,004
83,950	2,783	-0,004
84,000	2,818	-0,004
84,050	2,854	-0,003
84,100	2,888	-0,004
84,150	2,915	-0,004
84,200	2,942	-0,004
84,250	2,967	-0,004
84,300	2,998	-0,004
84,350	3,027	-0,004
84,400	3,058	-0,004
84,450	3,082	-0,004
84,500	3,097	-0,004
84,550	3,105	-0,004
84,600	3,110	-0,003
84,650	3,111	-0,003
84,700	3,113	-0,004
84,750	3,113	-0,004
84,800	3,114	-0,004
84,850	3,114	-0,004
84,900	3,114	-0,004
84,950	3,114	-0,004
85,000	3,114	-0,003
85,050	3,114	-0,004
85,100	3,121	-0,004
85,150	3,151	-0,004
85,200	3,194	-0,004
85,250	3,231	-0,004
85,300	3,269	-0,003
85,350	3,322	-0,003
85,400	3,384	-0,004
85,450	3,431	-0,004
85,500	3,459	-0,003
85,550	3,478	-0,004
85,600	3,498	-0,004
85,650	3,533	-0,004
85,700	3,575	-0,004
85,750	3,609	-0,004
85,800	3,631	-0,003
85,850	3,648	-0,003
85,900	3,662	-0,003
85,950	3,683	-0,004
86,000	3,712	-0,004
86,050	3,733	-0,003
86,100	3,745	-0,004
86,150	3,756	-0,004
86,200	3,769	-0,004
86,250	3,782	-0,004
86,300	3,802	-0,003
86,350	3,819	-0,004
86,400	3,832	-0,004
86,450	3,842	-0,004
86,500	3,857	-0,004
86,550	3,872	-0,004
86,600	3,891	-0,004
86,650	3,910	-0,004
86,700	3,929	-0,004
86,750	3,940	-0,004
86,800	3,952	-0,003
86,850	3,960	-0,004
86,900	3,970	-0,004
86,950	3,986	-0,004
87,000	4,004	-0,004
87,050	4,020	-0,004
87,100	4,037	-0,004
87,150	4,054	-0,004
87,200	4,072	-0,003
87,250	4,088	-0,004
87,300	4,105	-0,004
87,350	4,125	-0,004
87,400	4,148	-0,003
87,450	4,172	-0,004
87,500	4,194	-0,004
87,550	4,214	-0,004
87,600	4,238	-0,004
87,650	4,264	-0,004
87,700	4,294	-0,004
87,750	4,322	-0,004
87,800	4,347	-0,004
87,850	4,372	-0,004
87,900	4,401	-0,004
87,950	4,429	-0,004
88,000	4,454	-0,003
88,050	4,471	-0,004
88,100	4,488	-0,003
88,150	4,506	-0,004
88,200	4,531	-0,003
88,250	4,558	-0,004
88,300	4,583	-0,003
88,350	4,602	-0,004
88,400	4,619	-0,003
88,450	4,635	-0,004
88,500	4,653	-0,004
88,550	4,672	-0,004
88,600	4,696	-0,003
88,650	4,715	-0,004
88,700	4,727	-0,003
88,750	4,732	-0,004
88,800	4,736	-0,003
88,850	4,736	-0,004
88,900	4,738	-0,003
88,950	4,738	-0,004
89,000	4,739	-0,004
89,050	4,738	-0,004
89,100	4,739	-0,004
89,150	4,738	-0,004
89,200	4,743	-0,004
89,250	4,753	-0,004
89,300	4,779	-0,003
89,350	4,826	-0,004
89,400	4,894	-0,003
89,450	4,957	-0,004
89,500	5,005	-0,003
89,550	5,034	-0,004
89,600	5,063	-0,004
89,650	5,089	-0,004
89,700	5,112	-0,003
89,750	5,132	-0,004
89,800	5,149	-0,003
89,850	5,164	-0,004
89,900	5,177	-0,003
89,950	5,198	-0,004
90,000	5,228	-0,003
90,050	5,254	-0,004
90,100	5,274	-0,003
90,150	5,291	-0,004
90,200	5,303	-0,003
90,250	5,319	-0,004
90,300	5,341	-0,003
90,350	5,366	-0,004
90,400	5,393	-0,003
90,450	5,415	-0,004
90,500	5,438	-0,003
90,550	5,461	-0,004
90,600	5,488	-0,003
90,650	5,513	-0,004
90,700	5,536	-0,004
90,750	5,557	-0,004
90,800	5,577	-0,003
90,850	5,596	-0,004
90,900	5,621	-0,003
90,950	5,648	-0,004
91,000	5,674	-0,003
91,050	5,694	-0,004
91,100	5,709	-0,003
91,150	5,722	-0,004
91,200	5,735	-0,003
91,250	5,751	-0,004
91,300	5,769	-0,003
91,350	5,787	-0,004
91,400	5,809	-0,003
91,450	5,834	-0,004
91,500	5,864	-0,003
91,550	5,890	-0,004
91,600	5,913	-0,003
91,650	5,926	-0,004
91,700	5,940	-0,003
91,750	5,951	-0,004
91,800	5,969	-0,003
91,850	5,996	-0,004
91,900	6,031	-0,003
91,950	6,069	-0,004
92,000	6,108	-0,003
92,050	6,139	-0,004
92,100	6,164	-0,003
92,150	6,184	-0,004
92,200	6,207	-0,003
92,250	6,238	-0,004
92,300	6,269	-0,004
92,350	6,293	-0,004
92,400	6,313	-0,003
92,450	6,324	-0,004
92,500	6,339	-0,003
92,550	6,357	-0,004
92,600	6,377	-0,003
92,650	6,397	-0,004
92,700	6,419	-0,003
92,750	6,438	-0,004
92,800	6,456	-0,003
92,850	6,477	-0,004
92,900	6,498	-0,003
92,950	6,514	-0,004
93,000	6,527	-0,003
93,050	6,538	-0,004
93,100	6,552	-0,003
93,150	6,562	-0,004
93,200	6,574	-0,003
93,250	6,586	-0,004
93,300	6,596	-0,003
93,350	6,608	-0,004
93,400	6,621	-0,003
93,450	6,633	-0,004
93,500	6,646	-0,003
93,550	6,651	-0,004
93,600	6,655	-0,003
93,650	6,656	-0,004
93,700	6,657	-0,003
93,750	6,657	-0,004
93,800	6,658	-0,003
93,850	6,657	-0,004
93,900	6,658	-0,003
93,950	6,658	-0,004
94,000	6,658	-0,003
94,050	6,657	-0,004
94,100	6,658	-0,003
94,150	6,657	-0,004
94,200	6,658	-0,003
94,250	6,658	-0,004
94,300	6,659	-0,003
94,350	6,659	-0,004
94,400	6,661	-0,003
94,450	6,667	-0,004
94,500	6,676	-0,003
94,550	6,685	-0,004
94,600	6,690	-0,003
94,650	6,692	-0,004
94,700	6,693	-0,003
94,750	6,694	-0,004
94,800	6,694	-0,003
94,850	6,694	-0,004
94,900	6,695	-0,003
94,950	6,694	-0,004
95,000	6,695	-0,003
95,050	6,694	-0,004
95,100	6,695	-0,003
95,150	6,694	-0,004
95,200	6,694	-0,003
95,250	6,694	-0,004
95,300	6,695	-0,003
95,350	6,694	-0,004
95,400	6,695	-0,003
95,450	6,694	-0,004
95,500	6,695	-0,003
