Zeit (s) Messreihe #8	Spannung, Ch A (V) Messreihe #8	Spannung, Ch B (V) Messreihe #8
0,000	6,725	-0,006
0,050	6,725	-0,008
0,100	6,725	-0,007
0,150	6,725	-0,008
0,200	6,725	-0,007
0,250	6,722	-0,008
0,300	6,701	-0,007
0,350	6,665	-0,008
0,400	6,641	-0,007
0,450	6,621	-0,008
0,500	6,608	-0,007
0,550	6,590	-0,008
0,600	6,570	-0,008
0,650	6,547	-0,009
0,700	6,527	-0,008
0,750	6,508	-0,009
0,800	6,486	-0,008
0,850	6,457	-0,009
0,900	6,427	-0,008
0,950	6,399	-0,009
1,000	6,376	-0,009
1,050	6,353	-0,010
1,100	6,323	-0,009
1,150	6,289	-0,010
1,200	6,255	-0,009
1,250	6,222	-0,010
1,300	6,189	-0,009
1,350	6,160	-0,010
1,400	6,133	-0,009
1,450	6,105	-0,010
1,500	6,073	-0,010
1,550	6,028	-0,011
1,600	5,986	-0,010
1,650	5,961	-0,011
1,700	5,949	-0,010
1,750	5,935	-0,012
1,800	5,925	-0,011
1,850	5,913	-0,012
1,900	5,902	-0,010
1,950	5,889	-0,011
2,000	5,876	-0,011
2,050	5,863	-0,012
2,100	5,852	-0,011
2,150	5,840	-0,012
2,200	5,830	-0,011
2,250	5,816	-0,012
2,300	5,800	-0,011
2,350	5,786	-0,012
2,400	5,773	-0,011
2,450	5,764	-0,012
2,500	5,753	-0,011
2,550	5,739	-0,013
2,600	5,721	-0,012
2,650	5,699	-0,013
2,700	5,683	-0,012
2,750	5,674	-0,013
2,800	5,670	-0,012
2,850	5,662	-0,013
2,900	5,650	-0,012
2,950	5,632	-0,014
3,000	5,618	-0,012
3,050	5,605	-0,013
3,100	5,595	-0,012
3,150	5,583	-0,013
3,200	5,568	-0,012
3,250	5,547	-0,014
3,300	5,523	-0,013
3,350	5,497	-0,014
3,400	5,475	-0,013
3,450	5,454	-0,014
3,500	5,439	-0,013
3,550	5,424	-0,014
3,600	5,411	-0,013
3,650	5,397	-0,014
3,700	5,383	-0,013
3,750	5,366	-0,015
3,800	5,354	-0,013
3,850	5,345	-0,015
3,900	5,331	-0,013
3,950	5,314	-0,015
4,000	5,302	-0,013
4,050	5,292	-0,015
4,100	5,279	-0,014
4,150	5,263	-0,015
4,200	5,247	-0,014
4,250	5,231	-0,015
4,300	5,215	-0,014
4,350	5,198	-0,015
4,400	5,180	-0,014
4,450	5,162	-0,016
4,500	5,147	-0,015
4,550	5,136	-0,016
4,600	5,124	-0,015
4,650	5,116	-0,016
4,700	5,106	-0,015
4,750	5,098	-0,016
4,800	5,095	-0,015
4,850	5,085	-0,016
4,900	5,075	-0,015
4,950	5,065	-0,016
5,000	5,059	-0,015
5,050	5,049	-0,016
5,100	5,043	-0,015
5,150	5,039	-0,016
5,200	5,030	-0,016
5,250	5,017	-0,017
5,300	5,003	-0,015
5,350	4,990	-0,016
5,400	4,978	-0,015
5,450	4,970	-0,017
5,500	4,959	-0,016
5,550	4,947	-0,017
5,600	4,938	-0,016
5,650	4,926	-0,017
5,700	4,919	-0,016
5,750	4,912	-0,017
5,800	4,903	-0,016
5,850	4,898	-0,017
5,900	4,894	-0,016
5,950	4,884	-0,017
6,000	4,873	-0,016
6,050	4,864	-0,017
6,100	4,854	-0,016
6,150	4,844	-0,017
6,200	4,831	-0,016
6,250	4,812	-0,018
6,300	4,795	-0,017
6,350	4,781	-0,018
6,400	4,769	-0,017
6,450	4,759	-0,018
6,500	4,755	-0,017
6,550	4,747	-0,018
6,600	4,740	-0,017
6,650	4,728	-0,018
6,700	4,722	-0,017
6,750	4,714	-0,019
6,800	4,706	-0,017
6,850	4,700	-0,019
6,900	4,692	-0,018
6,950	4,683	-0,018
7,000	4,672	-0,017
7,050	4,666	-0,018
7,100	4,658	-0,018
7,150	4,650	-0,019
7,200	4,639	-0,018
7,250	4,631	-0,019
7,300	4,621	-0,018
7,350	4,614	-0,019
7,400	4,605	-0,018
7,450	4,597	-0,019
7,500	4,590	-0,018
7,550	4,580	-0,019
7,600	4,569	-0,018
7,650	4,557	-0,020
7,700	4,546	-0,018
7,750	4,533	-0,020
7,800	4,524	-0,019
7,850	4,512	-0,020
7,900	4,501	-0,019
7,950	4,486	-0,020
8,000	4,475	-0,019
8,050	4,464	-0,020
8,100	4,453	-0,019
8,150	4,441	-0,020
8,200	4,431	-0,019
8,250	4,420	-0,020
8,300	4,411	-0,019
8,350	4,401	-0,020
8,400	4,389	-0,019
8,450	4,380	-0,021
8,500	4,370	-0,019
8,550	4,357	-0,020
8,600	4,346	-0,019
8,650	4,333	-0,021
8,700	4,321	-0,020
8,750	4,312	-0,021
8,800	4,301	-0,020
8,850	4,293	-0,021
8,900	4,289	-0,020
8,950	4,286	-0,021
9,000	4,285	-0,020
9,050	4,285	-0,021
9,100	4,285	-0,020
9,150	4,285	-0,021
9,200	4,285	-0,020
9,250	4,284	-0,021
9,300	4,285	-0,020
9,350	4,284	-0,021
9,400	4,284	-0,020
9,450	4,284	-0,021
9,500	4,284	-0,020
9,550	4,284	-0,021
9,600	4,284	-0,020
9,650	4,284	-0,022
9,700	4,284	-0,020
9,750	4,284	-0,022
9,800	4,284	-0,021
9,850	4,284	-0,021
9,900	4,275	-0,021
9,950	4,249	-0,022
10,000	4,216	-0,021
10,050	4,189	-0,022
10,100	4,168	-0,021
10,150	4,144	-0,022
10,200	4,117	-0,021
10,250	4,089	-0,022
10,300	4,063	-0,021
10,350	4,035	-0,023
10,400	4,008	-0,022
10,450	3,987	-0,023
10,500	3,976	-0,022
10,550	3,963	-0,023
10,600	3,951	-0,022
10,650	3,935	-0,023
10,700	3,916	-0,022
10,750	3,894	-0,024
10,800	3,876	-0,023
10,850	3,865	-0,023
10,900	3,853	-0,023
10,950	3,846	-0,024
11,000	3,839	-0,023
11,050	3,820	-0,024
11,100	3,795	-0,023
11,150	3,773	-0,024
11,200	3,761	-0,023
11,250	3,753	-0,024
11,300	3,742	-0,023
11,350	3,725	-0,024
11,400	3,709	-0,024
11,450	3,689	-0,025
11,500	3,668	-0,024
11,550	3,645	-0,025
11,600	3,622	-0,024
11,650	3,600	-0,025
11,700	3,580	-0,024
11,750	3,558	-0,025
11,800	3,534	-0,024
11,850	3,511	-0,025
11,900	3,496	-0,025
11,950	3,482	-0,026
12,000	3,465	-0,025
12,050	3,446	-0,026
12,100	3,428	-0,025
12,150	3,410	-0,026
12,200	3,393	-0,025
12,250	3,376	-0,026
12,300	3,362	-0,025
12,350	3,349	-0,026
12,400	3,336	-0,025
12,450	3,321	-0,026
12,500	3,301	-0,025
12,550	3,277	-0,026
12,600	3,256	-0,025
12,650	3,243	-0,027
12,700	3,231	-0,026
12,750	3,220	-0,027
12,800	3,207	-0,026
12,850	3,192	-0,027
12,900	3,179	-0,026
12,950	3,169	-0,027
13,000	3,164	-0,026
13,050	3,161	-0,027
13,100	3,160	-0,026
13,150	3,159	-0,027
13,200	3,156	-0,026
13,250	3,149	-0,027
13,300	3,146	-0,026
13,350	3,143	-0,027
13,400	3,142	-0,026
13,450	3,142	-0,027
13,500	3,142	-0,026
13,550	3,141	-0,027
13,600	3,141	-0,027
13,650	3,140	-0,027
13,700	3,122	-0,026
13,750	3,083	-0,028
13,800	3,045	-0,027
13,850	3,008	-0,028
13,900	2,975	-0,027
13,950	2,945	-0,028
14,000	2,927	-0,027
14,050	2,916	-0,028
14,100	2,892	-0,027
14,150	2,851	-0,029
14,200	2,816	-0,028
14,250	2,792	-0,029
14,300	2,774	-0,028
14,350	2,759	-0,029
14,400	2,744	-0,028
14,450	2,728	-0,029
14,500	2,712	-0,028
14,550	2,696	-0,030
14,600	2,681	-0,029
14,650	2,668	-0,029
14,700	2,655	-0,029
14,750	2,639	-0,030
14,800	2,620	-0,029
14,850	2,599	-0,030
14,900	2,581	-0,029
14,950	2,563	-0,030
15,000	2,542	-0,029
15,050	2,522	-0,030
15,100	2,506	-0,029
15,150	2,487	-0,030
15,200	2,465	-0,030
15,250	2,439	-0,031
15,300	2,418	-0,030
15,350	2,404	-0,031
15,400	2,391	-0,030
15,450	2,382	-0,031
15,500	2,371	-0,030
15,550	2,357	-0,031
15,600	2,348	-0,031
15,650	2,337	-0,031
15,700	2,327	-0,030
15,750	2,316	-0,031
15,800	2,305	-0,030
15,850	2,294	-0,032
15,900	2,281	-0,031
15,950	2,266	-0,032
16,000	2,244	-0,031
16,050	2,220	-0,032
16,100	2,199	-0,031
16,150	2,180	-0,032
16,200	2,160	-0,031
16,250	2,143	-0,032
16,300	2,125	-0,031
16,350	2,104	-0,032
16,400	2,080	-0,032
16,450	2,054	-0,033
16,500	2,032	-0,032
16,550	2,015	-0,033
16,600	1,998	-0,032
16,650	1,982	-0,033
16,700	1,963	-0,032
16,750	1,941	-0,033
16,800	1,919	-0,032
16,850	1,900	-0,034
16,900	1,890	-0,033
16,950	1,878	-0,034
17,000	1,865	-0,033
17,050	1,849	-0,034
17,100	1,829	-0,033
17,150	1,808	-0,034
17,200	1,788	-0,033
17,250	1,771	-0,034
17,300	1,757	-0,033
17,350	1,747	-0,034
17,400	1,742	-0,034
17,450	1,740	-0,034
17,500	1,736	-0,034
17,550	1,728	-0,035
17,600	1,724	-0,034
17,650	1,721	-0,035
17,700	1,721	-0,034
17,750	1,719	-0,035
17,800	1,719	-0,034
17,850	1,719	-0,035
17,900	1,719	-0,034
17,950	1,708	-0,035
18,000	1,673	-0,034
18,050	1,630	-0,035
18,100	1,604	-0,035
18,150	1,584	-0,036
18,200	1,560	-0,035
18,250	1,535	-0,036
18,300	1,508	-0,035
18,350	1,482	-0,036
18,400	1,459	-0,035
18,450	1,430	-0,036
18,500	1,401	-0,035
18,550	1,376	-0,036
18,600	1,355	-0,036
18,650	1,342	-0,037
18,700	1,328	-0,036
18,750	1,310	-0,037
18,800	1,291	-0,036
18,850	1,271	-0,037
18,900	1,252	-0,036
18,950	1,227	-0,037
19,000	1,196	-0,037
19,050	1,163	-0,037
19,100	1,129	-0,037
19,150	1,100	-0,038
19,200	1,077	-0,037
19,250	1,058	-0,038
19,300	1,042	-0,037
19,350	1,019	-0,038
19,400	1,000	-0,037
19,450	0,979	-0,038
19,500	0,956	-0,038
19,550	0,934	-0,038
19,600	0,915	-0,038
19,650	0,903	-0,038
19,700	0,888	-0,038
19,750	0,871	-0,039
19,800	0,851	-0,038
19,850	0,837	-0,039
19,900	0,822	-0,038
19,950	0,797	-0,039
20,000	0,767	-0,038
20,050	0,751	-0,039
20,100	0,742	-0,039
20,150	0,736	-0,039
20,200	0,725	-0,039
20,250	0,708	-0,040
20,300	0,686	-0,039
20,350	0,661	-0,039
20,400	0,633	-0,039
20,450	0,606	-0,040
20,500	0,584	-0,039
20,550	0,566	-0,040
20,600	0,554	-0,040
20,650	0,547	-0,040
20,700	0,536	-0,040
20,750	0,529	-0,041
20,800	0,519	-0,040
20,850	0,512	-0,041
20,900	0,503	-0,040
20,950	0,488	-0,041
21,000	0,479	-0,040
21,050	0,475	-0,041
21,100	0,473	-0,040
21,150	0,472	-0,041
21,200	0,471	-0,041
21,250	0,471	-0,041
21,300	0,460	-0,040
21,350	0,409	-0,041
21,400	0,355	-0,041
21,450	0,318	-0,042
21,500	0,304	-0,041
21,550	0,299	-0,042
21,600	0,287	-0,042
21,650	0,267	-0,042
21,700	0,247	-0,041
21,750	0,231	-0,042
21,800	0,219	-0,042
21,850	0,201	-0,042
21,900	0,176	-0,042
21,950	0,149	-0,042
22,000	0,121	-0,042
22,050	0,090	-0,043
22,100	0,056	-0,042
22,150	0,023	-0,043
22,200	-0,005	-0,042
22,250	-0,025	-0,043
22,300	-0,037	-0,042
22,350	-0,046	-0,043
22,400	-0,051	-0,043
22,450	-0,053	-0,043
22,500	-0,055	-0,043
22,550	-0,056	-0,043
22,600	-0,056	-0,043
22,650	-0,056	-0,043
22,700	-0,057	-0,043
22,750	-0,056	-0,043
22,800	-0,057	-0,043
22,850	-0,057	-0,044
22,900	-0,057	-0,043
22,950	-0,057	-0,044
23,000	-0,057	-0,043
23,050	-0,057	-0,043
23,100	-0,057	-0,043
23,150	-0,057	-0,044
23,200	-0,057	-0,043
23,250	-0,057	-0,044
23,300	-0,057	-0,043
23,350	-0,057	-0,044
23,400	-0,057	-0,043
23,450	-0,057	-0,044
23,500	-0,057	-0,044
23,550	-0,057	-0,044
23,600	-0,058	-0,044
23,650	-0,057	-0,044
23,700	-0,058	-0,044
23,750	-0,057	-0,044
23,800	-0,057	-0,044
23,850	-0,057	-0,044
23,900	-0,057	-0,044
23,950	-0,058	-0,044
24,000	-0,057	-0,044
24,050	-0,057	-0,044
24,100	-0,058	-0,044
24,150	-0,058	-0,045
24,200	-0,057	-0,044
24,250	-0,055	-0,044
24,300	0,059	-0,044
24,350	0,063	-0,044
24,400	0,062	-0,044
24,450	0,061	-0,044
24,500	0,061	-0,044
24,550	0,061	-0,044
24,600	0,061	-0,044
24,650	0,061	-0,045
24,700	0,061	-0,044
24,750	0,061	-0,044
24,800	0,061	-0,044
24,850	0,061	-0,045
24,900	0,061	-0,044
24,950	0,061	-0,044
25,000	0,061	-0,044
25,050	0,060	-0,045
25,100	0,056	-0,044
25,150	0,053	-0,045
25,200	0,046	-0,044
25,250	0,034	-0,045
25,300	0,017	-0,044
25,350	-0,004	-0,045
25,400	-0,026	-0,044
25,450	-0,049	-0,045
25,500	-0,071	-0,045
25,550	-0,096	-0,045
25,600	-0,122	-0,045
25,650	-0,151	-0,045
25,700	-0,182	-0,045
25,750	-0,212	-0,046
25,800	-0,238	-0,045
25,850	-0,260	-0,046
25,900	-0,281	-0,046
25,950	-0,301	-0,046
26,000	-0,320	-0,046
26,050	-0,342	-0,046
26,100	-0,364	-0,046
26,150	-0,383	-0,046
26,200	-0,398	-0,046
26,250	-0,410	-0,046
26,300	-0,424	-0,046
26,350	-0,441	-0,046
26,400	-0,457	-0,047
26,450	-0,471	-0,047
26,500	-0,485	-0,047
26,550	-0,499	-0,047
26,600	-0,512	-0,047
26,650	-0,526	-0,047
26,700	-0,543	-0,047
26,750	-0,559	-0,047
26,800	-0,577	-0,047
26,850	-0,595	-0,048
26,900	-0,609	-0,047
26,950	-0,623	-0,048
27,000	-0,637	-0,047
27,050	-0,654	-0,048
27,100	-0,671	-0,048
27,150	-0,688	-0,048
27,200	-0,706	-0,048
27,250	-0,723	-0,048
27,300	-0,738	-0,048
27,350	-0,756	-0,048
27,400	-0,772	-0,048
27,450	-0,788	-0,048
27,500	-0,803	-0,048
27,550	-0,819	-0,049
27,600	-0,833	-0,048
27,650	-0,845	-0,049
27,700	-0,859	-0,049
27,750	-0,876	-0,049
27,800	-0,893	-0,049
27,850	-0,913	-0,049
27,900	-0,933	-0,049
27,950	-0,954	-0,049
28,000	-0,974	-0,049
28,050	-0,992	-0,050
28,100	-1,009	-0,049
28,150	-1,027	-0,050
28,200	-1,046	-0,050
28,250	-1,065	-0,050
28,300	-1,081	-0,050
28,350	-1,100	-0,050
28,400	-1,118	-0,050
28,450	-1,140	-0,050
28,500	-1,163	-0,050
28,550	-1,182	-0,050
28,600	-1,199	-0,050
28,650	-1,213	-0,051
28,700	-1,226	-0,050
28,750	-1,240	-0,051
28,800	-1,251	-0,051
28,850	-1,262	-0,051
28,900	-1,273	-0,051
28,950	-1,288	-0,051
29,000	-1,303	-0,051
29,050	-1,321	-0,051
29,100	-1,341	-0,051
29,150	-1,366	-0,051
29,200	-1,389	-0,051
29,250	-1,409	-0,052
29,300	-1,425	-0,052
29,350	-1,447	-0,052
29,400	-1,469	-0,052
29,450	-1,490	-0,052
29,500	-1,514	-0,052
29,550	-1,542	-0,052
29,600	-1,565	-0,052
29,650	-1,590	-0,052
29,700	-1,613	-0,052
29,750	-1,634	-0,053
29,800	-1,652	-0,053
29,850	-1,673	-0,053
29,900	-1,694	-0,053
29,950	-1,714	-0,053
30,000	-1,732	-0,053
30,050	-1,750	-0,053
30,100	-1,769	-0,053
30,150	-1,792	-0,053
30,200	-1,817	-0,053
30,250	-1,850	-0,054
30,300	-1,892	-0,054
30,350	-1,929	-0,054
30,400	-1,955	-0,054
30,450	-1,975	-0,055
30,500	-1,989	-0,054
30,550	-2,004	-0,054
30,600	-2,022	-0,055
30,650	-2,044	-0,055
30,700	-2,065	-0,055
30,750	-2,083	-0,055
30,800	-2,098	-0,055
30,850	-2,117	-0,055
30,900	-2,144	-0,055
30,950	-2,170	-0,055
31,000	-2,189	-0,055
31,050	-2,207	-0,056
31,100	-2,226	-0,056
31,150	-2,251	-0,056
31,200	-2,276	-0,056
31,250	-2,298	-0,056
31,300	-2,318	-0,056
31,350	-2,345	-0,056
31,400	-2,373	-0,056
31,450	-2,402	-0,056
31,500	-2,437	-0,056
31,550	-2,495	-0,057
31,600	-2,562	-0,057
31,650	-2,606	-0,057
31,700	-2,628	-0,057
31,750	-2,639	-0,057
31,800	-2,645	-0,057
31,850	-2,648	-0,057
31,900	-2,649	-0,058
31,950	-2,651	-0,057
32,000	-2,651	-0,058
32,050	-2,651	-0,057
32,100	-2,653	-0,058
32,150	-2,679	-0,058
32,200	-2,711	-0,058
32,250	-2,730	-0,058
32,300	-2,759	-0,058
32,350	-2,801	-0,058
32,400	-2,836	-0,058
32,450	-2,863	-0,058
32,500	-2,892	-0,059
32,550	-2,927	-0,059
32,600	-2,963	-0,059
32,650	-2,999	-0,059
32,700	-3,031	-0,059
32,750	-3,060	-0,059
32,800	-3,088	-0,059
32,850	-3,118	-0,060
32,900	-3,150	-0,060
32,950	-3,176	-0,060
33,000	-3,198	-0,060
33,050	-3,225	-0,060
33,100	-3,249	-0,060
33,150	-3,270	-0,060
33,200	-3,289	-0,061
33,250	-3,306	-0,060
33,300	-3,321	-0,060
33,350	-3,346	-0,061
33,400	-3,377	-0,061
33,450	-3,409	-0,061
33,500	-3,437	-0,061
33,550	-3,464	-0,061
33,600	-3,490	-0,061
33,650	-3,515	-0,061
33,700	-3,540	-0,061
33,750	-3,572	-0,061
33,800	-3,599	-0,062
33,850	-3,617	-0,062
33,900	-3,632	-0,062
33,950	-3,645	-0,062
34,000	-3,658	-0,062
34,050	-3,672	-0,062
34,100	-3,688	-0,062
34,150	-3,707	-0,062
34,200	-3,723	-0,063
34,250	-3,741	-0,062
34,300	-3,761	-0,063
34,350	-3,789	-0,062
34,400	-3,815	-0,063
34,450	-3,838	-0,063
34,500	-3,851	-0,063
34,550	-3,866	-0,063
34,600	-3,884	-0,063
34,650	-3,907	-0,063
34,700	-3,929	-0,063
34,750	-3,950	-0,063
34,800	-3,969	-0,064
34,850	-3,991	-0,064
34,900	-4,012	-0,064
34,950	-4,043	-0,064
35,000	-4,080	-0,064
35,050	-4,122	-0,064
35,100	-4,152	-0,065
35,150	-4,173	-0,064
35,200	-4,188	-0,065
35,250	-4,201	-0,064
35,300	-4,212	-0,065
35,350	-4,227	-0,064
35,400	-4,247	-0,065
35,450	-4,265	-0,065
35,500	-4,279	-0,065
35,550	-4,289	-0,065
35,600	-4,300	-0,066
35,650	-4,307	-0,065
35,700	-4,317	-0,065
35,750	-4,326	-0,065
35,800	-4,337	-0,066
35,850	-4,349	-0,065
35,900	-4,360	-0,066
35,950	-4,374	-0,065
36,000	-4,390	-0,066
36,050	-4,410	-0,065
36,100	-4,428	-0,066
36,150	-4,442	-0,066
36,200	-4,448	-0,066
36,250	-4,452	-0,066
36,300	-4,453	-0,066
36,350	-4,455	-0,066
36,400	-4,455	-0,066
36,450	-4,456	-0,066
36,500	-4,455	-0,067
36,550	-4,456	-0,066
36,600	-4,455	-0,066
36,650	-4,456	-0,066
36,700	-4,462	-0,066
36,750	-4,517	-0,066
36,800	-4,575	-0,067
36,850	-4,618	-0,066
36,900	-4,646	-0,067
36,950	-4,666	-0,067
37,000	-4,680	-0,067
37,050	-4,702	-0,067
37,100	-4,727	-0,068
37,150	-4,756	-0,067
37,200	-4,786	-0,068
37,250	-4,815	-0,067
37,300	-4,845	-0,068
37,350	-4,878	-0,068
37,400	-4,908	-0,068
37,450	-4,940	-0,068
37,500	-4,973	-0,069
37,550	-5,002	-0,068
37,600	-5,023	-0,069
37,650	-5,042	-0,068
37,700	-5,058	-0,069
37,750	-5,082	-0,069
37,800	-5,109	-0,069
37,850	-5,132	-0,069
37,900	-5,150	-0,069
37,950	-5,162	-0,069
38,000	-5,174	-0,070
38,050	-5,191	-0,069
38,100	-5,209	-0,070
38,150	-5,230	-0,069
38,200	-5,248	-0,070
38,250	-5,266	-0,070
38,300	-5,287	-0,070
38,350	-5,306	-0,070
38,400	-5,321	-0,071
38,450	-5,339	-0,070
38,500	-5,359	-0,071
38,550	-5,379	-0,070
38,600	-5,391	-0,071
38,650	-5,401	-0,070
38,700	-5,416	-0,071
38,750	-5,435	-0,070
38,800	-5,450	-0,071
38,850	-5,465	-0,071
38,900	-5,479	-0,071
38,950	-5,488	-0,071
39,000	-5,502	-0,071
39,050	-5,528	-0,071
39,100	-5,561	-0,072
39,150	-5,589	-0,071
39,200	-5,604	-0,072
39,250	-5,612	-0,071
39,300	-5,616	-0,072
39,350	-5,619	-0,071
39,400	-5,619	-0,072
39,450	-5,620	-0,071
39,500	-5,620	-0,072
39,550	-5,620	-0,071
39,600	-5,620	-0,072
39,650	-5,622	-0,072
39,700	-5,621	-0,072
39,750	-5,625	-0,072
39,800	-5,643	-0,072
39,850	-5,668	-0,071
39,900	-5,689	-0,073
39,950	-5,724	-0,072
40,000	-5,766	-0,073
40,050	-5,810	-0,072
40,100	-5,847	-0,073
40,150	-5,875	-0,073
40,200	-5,900	-0,073
40,250	-5,923	-0,073
40,300	-5,944	-0,074
40,350	-5,985	-0,073
40,400	-6,028	-0,074
40,450	-6,058	-0,073
40,500	-6,071	-0,074
40,550	-6,079	-0,073
40,600	-6,084	-0,074
40,650	-6,096	-0,074
40,700	-6,111	-0,074
40,750	-6,129	-0,074
40,800	-6,144	-0,074
40,850	-6,164	-0,074
40,900	-6,194	-0,075
40,950	-6,234	-0,074
41,000	-6,272	-0,075
41,050	-6,307	-0,075
41,100	-6,340	-0,075
41,150	-6,373	-0,075
41,200	-6,403	-0,076
41,250	-6,433	-0,075
41,300	-6,457	-0,076
41,350	-6,477	-0,075
41,400	-6,489	-0,076
41,450	-6,502	-0,075
41,500	-6,515	-0,076
41,550	-6,539	-0,076
41,600	-6,571	-0,077
41,650	-6,598	-0,076
41,700	-6,612	-0,077
41,750	-6,624	-0,076
41,800	-6,634	-0,077
41,850	-6,646	-0,076
41,900	-6,656	-0,077
41,950	-6,675	-0,076
42,000	-6,695	-0,077
42,050	-6,708	-0,077
42,100	-6,720	-0,077
42,150	-6,733	-0,076
42,200	-6,746	-0,078
42,250	-6,767	-0,077
42,300	-6,796	-0,078
42,350	-6,826	-0,077
42,400	-6,843	-0,078
42,450	-6,853	-0,077
42,500	-6,861	-0,078
42,550	-6,871	-0,078
42,600	-6,880	-0,078
42,650	-6,890	-0,078
42,700	-6,894	-0,078
42,750	-6,896	-0,078
42,800	-6,897	-0,078
42,850	-6,895	-0,077
42,900	-6,885	-0,078
42,950	-6,873	-0,078
43,000	-6,859	-0,079
43,050	-6,843	-0,077
43,100	-6,827	-0,078
43,150	-6,819	-0,077
43,200	-6,814	-0,078
43,250	-6,811	-0,077
43,300	-6,804	-0,079
43,350	-6,792	-0,077
43,400	-6,774	-0,078
43,450	-6,750	-0,077
43,500	-6,723	-0,078
43,550	-6,699	-0,078
43,600	-6,671	-0,078
43,650	-6,642	-0,077
43,700	-6,607	-0,078
43,750	-6,575	-0,077
43,800	-6,546	-0,078
43,850	-6,518	-0,077
43,900	-6,488	-0,078
43,950	-6,458	-0,077
44,000	-6,432	-0,077
44,050	-6,413	-0,077
44,100	-6,391	-0,077
44,150	-6,374	-0,076
44,200	-6,354	-0,077
44,250	-6,330	-0,076
44,300	-6,305	-0,077
44,350	-6,288	-0,076
44,400	-6,273	-0,077
44,450	-6,258	-0,076
44,500	-6,235	-0,077
44,550	-6,215	-0,076
44,600	-6,198	-0,077
44,650	-6,191	-0,076
44,700	-6,184	-0,077
44,750	-6,175	-0,076
44,800	-6,160	-0,077
44,850	-6,142	-0,076
44,900	-6,121	-0,077
44,950	-6,105	-0,076
45,000	-6,089	-0,077
45,050	-6,079	-0,076
45,100	-6,063	-0,077
45,150	-6,048	-0,076
45,200	-6,029	-0,076
45,250	-6,011	-0,076
45,300	-5,997	-0,077
45,350	-5,984	-0,076
45,400	-5,967	-0,077
45,450	-5,947	-0,076
45,500	-5,930	-0,077
45,550	-5,923	-0,076
45,600	-5,912	-0,077
45,650	-5,904	-0,076
45,700	-5,896	-0,077
45,750	-5,888	-0,076
45,800	-5,879	-0,077
45,850	-5,870	-0,076
45,900	-5,863	-0,077
45,950	-5,853	-0,075
46,000	-5,844	-0,077
46,050	-5,832	-0,075
46,100	-5,819	-0,076
46,150	-5,810	-0,076
46,200	-5,798	-0,076
46,250	-5,790	-0,076
46,300	-5,780	-0,077
46,350	-5,775	-0,076
46,400	-5,769	-0,077
46,450	-5,759	-0,076
46,500	-5,737	-0,076
46,550	-5,705	-0,076
46,600	-5,675	-0,076
46,650	-5,660	-0,075
46,700	-5,651	-0,076
46,750	-5,648	-0,075
46,800	-5,642	-0,077
46,850	-5,628	-0,075
46,900	-5,615	-0,076
46,950	-5,601	-0,076
47,000	-5,586	-0,076
47,050	-5,579	-0,075
47,100	-5,568	-0,077
47,150	-5,556	-0,075
47,200	-5,544	-0,076
47,250	-5,529	-0,075
47,300	-5,512	-0,076
47,350	-5,495	-0,075
47,400	-5,475	-0,076
47,450	-5,453	-0,075
47,500	-5,433	-0,076
47,550	-5,419	-0,075
47,600	-5,403	-0,076
47,650	-5,389	-0,075
47,700	-5,374	-0,076
47,750	-5,362	-0,074
47,800	-5,347	-0,076
47,850	-5,331	-0,075
47,900	-5,312	-0,076
47,950	-5,297	-0,075
48,000	-5,279	-0,076
48,050	-5,260	-0,075
48,100	-5,241	-0,076
48,150	-5,222	-0,075
48,200	-5,202	-0,076
48,250	-5,183	-0,075
48,300	-5,168	-0,076
48,350	-5,154	-0,074
48,400	-5,136	-0,076
48,450	-5,112	-0,074
48,500	-5,083	-0,075
48,550	-5,053	-0,074
48,600	-5,015	-0,075
48,650	-4,975	-0,074
48,700	-4,936	-0,075
48,750	-4,902	-0,074
48,800	-4,872	-0,075
48,850	-4,850	-0,074
48,900	-4,834	-0,075
48,950	-4,821	-0,074
49,000	-4,809	-0,075
49,050	-4,796	-0,074
49,100	-4,779	-0,075
49,150	-4,763	-0,073
49,200	-4,745	-0,075
49,250	-4,728	-0,074
49,300	-4,711	-0,074
49,350	-4,696	-0,073
49,400	-4,679	-0,075
49,450	-4,663	-0,073
49,500	-4,645	-0,074
49,550	-4,627	-0,073
49,600	-4,606	-0,074
49,650	-4,580	-0,073
49,700	-4,554	-0,074
49,750	-4,530	-0,073
49,800	-4,505	-0,074
49,850	-4,483	-0,073
49,900	-4,461	-0,074
49,950	-4,438	-0,073
50,000	-4,414	-0,074
50,050	-4,393	-0,073
50,100	-4,373	-0,074
50,150	-4,357	-0,072
50,200	-4,340	-0,074
50,250	-4,324	-0,072
50,300	-4,303	-0,074
50,350	-4,279	-0,073
50,400	-4,253	-0,074
50,450	-4,230	-0,072
50,500	-4,211	-0,073
50,550	-4,197	-0,072
50,600	-4,180	-0,073
50,650	-4,162	-0,072
50,700	-4,146	-0,073
50,750	-4,132	-0,072
50,800	-4,115	-0,073
50,850	-4,096	-0,072
50,900	-4,073	-0,073
50,950	-4,053	-0,072
51,000	-4,034	-0,073
51,050	-4,025	-0,072
51,100	-4,015	-0,073
51,150	-4,002	-0,072
51,200	-3,982	-0,073
51,250	-3,960	-0,072
51,300	-3,937	-0,073
51,350	-3,916	-0,072
51,400	-3,895	-0,073
51,450	-3,874	-0,071
51,500	-3,850	-0,073
51,550	-3,827	-0,071
51,600	-3,803	-0,073
51,650	-3,776	-0,071
51,700	-3,746	-0,072
51,750	-3,720	-0,071
51,800	-3,698	-0,072
51,850	-3,677	-0,071
51,900	-3,658	-0,072
51,950	-3,649	-0,071
52,000	-3,643	-0,072
52,050	-3,641	-0,071
52,100	-3,635	-0,072
52,150	-3,628	-0,071
52,200	-3,621	-0,072
52,250	-3,609	-0,071
52,300	-3,593	-0,072
52,350	-3,574	-0,071
52,400	-3,556	-0,072
52,450	-3,544	-0,071
52,500	-3,530	-0,072
52,550	-3,522	-0,071
52,600	-3,517	-0,072
52,650	-3,515	-0,071
52,700	-3,513	-0,072
52,750	-3,513	-0,071
52,800	-3,512	-0,072
52,850	-3,512	-0,071
52,900	-3,512	-0,072
52,950	-3,512	-0,071
53,000	-3,512	-0,072
53,050	-3,512	-0,071
53,100	-3,507	-0,072
53,150	-3,483	-0,071
53,200	-3,453	-0,072
53,250	-3,432	-0,071
53,300	-3,417	-0,072
53,350	-3,392	-0,071
53,400	-3,362	-0,072
53,450	-3,337	-0,071
53,500	-3,316	-0,072
53,550	-3,298	-0,071
53,600	-3,280	-0,072
53,650	-3,261	-0,071
53,700	-3,238	-0,072
53,750	-3,217	-0,071
53,800	-3,195	-0,071
53,850	-3,174	-0,070
53,900	-3,152	-0,071
53,950	-3,130	-0,070
54,000	-3,106	-0,071
54,050	-3,082	-0,070
54,100	-3,057	-0,071
54,150	-3,030	-0,070
54,200	-3,004	-0,071
54,250	-2,982	-0,070
54,300	-2,960	-0,071
54,350	-2,937	-0,070
54,400	-2,910	-0,071
54,450	-2,882	-0,070
54,500	-2,854	-0,071
54,550	-2,829	-0,070
54,600	-2,805	-0,071
54,650	-2,783	-0,070
54,700	-2,757	-0,071
54,750	-2,730	-0,069
54,800	-2,700	-0,070
54,850	-2,670	-0,069
54,900	-2,640	-0,070
54,950	-2,611	-0,069
55,000	-2,581	-0,070
55,050	-2,551	-0,069
55,100	-2,522	-0,070
55,150	-2,494	-0,069
55,200	-2,466	-0,070
55,250	-2,436	-0,069
55,300	-2,407	-0,070
55,350	-2,375	-0,069
55,400	-2,341	-0,069
55,450	-2,310	-0,068
55,500	-2,283	-0,069
55,550	-2,266	-0,068
55,600	-2,250	-0,070
55,650	-2,229	-0,068
55,700	-2,189	-0,069
55,750	-2,135	-0,068
55,800	-2,082	-0,069
55,850	-2,044	-0,068
55,900	-2,019	-0,069
55,950	-1,997	-0,068
56,000	-1,970	-0,068
56,050	-1,937	-0,067
56,100	-1,900	-0,069
56,150	-1,868	-0,067
56,200	-1,842	-0,068
56,250	-1,824	-0,067
56,300	-1,810	-0,068
56,350	-1,800	-0,067
56,400	-1,794	-0,068
56,450	-1,787	-0,067
56,500	-1,779	-0,068
56,550	-1,775	-0,067
56,600	-1,773	-0,068
56,650	-1,772	-0,067
56,700	-1,771	-0,068
56,750	-1,771	-0,067
56,800	-1,770	-0,068
56,850	-1,764	-0,067
56,900	-1,733	-0,068
56,950	-1,698	-0,067
57,000	-1,672	-0,068
57,050	-1,659	-0,067
57,100	-1,645	-0,068
57,150	-1,622	-0,067
57,200	-1,589	-0,068
57,250	-1,553	-0,067
57,300	-1,516	-0,068
57,350	-1,483	-0,067
57,400	-1,452	-0,068
57,450	-1,420	-0,067
57,500	-1,383	-0,068
57,550	-1,346	-0,067
57,600	-1,309	-0,067
57,650	-1,282	-0,066
57,700	-1,258	-0,067
57,750	-1,235	-0,066
57,800	-1,210	-0,067
57,850	-1,188	-0,066
57,900	-1,165	-0,067
57,950	-1,138	-0,066
58,000	-1,106	-0,067
58,050	-1,076	-0,066
58,100	-1,049	-0,067
58,150	-1,024	-0,066
58,200	-0,998	-0,067
58,250	-0,974	-0,066
58,300	-0,951	-0,066
58,350	-0,930	-0,065
58,400	-0,908	-0,066
58,450	-0,883	-0,066
58,500	-0,853	-0,066
58,550	-0,823	-0,065
58,600	-0,792	-0,066
58,650	-0,760	-0,065
58,700	-0,720	-0,066
58,750	-0,676	-0,065
58,800	-0,631	-0,066
58,850	-0,591	-0,065
58,900	-0,559	-0,066
58,950	-0,535	-0,064
59,000	-0,515	-0,065
59,050	-0,501	-0,064
59,100	-0,494	-0,065
59,150	-0,490	-0,064
59,200	-0,488	-0,065
59,250	-0,488	-0,065
59,300	-0,487	-0,065
59,350	-0,487	-0,065
59,400	-0,487	-0,066
59,450	-0,487	-0,065
59,500	-0,487	-0,065
59,550	-0,486	-0,064
59,600	-0,477	-0,066
59,650	-0,457	-0,064
59,700	-0,432	-0,065
59,750	-0,406	-0,064
59,800	-0,383	-0,065
59,850	-0,360	-0,064
59,900	-0,335	-0,065
59,950	-0,308	-0,064
60,000	-0,283	-0,065
60,050	-0,263	-0,064
60,100	-0,246	-0,065
60,150	-0,231	-0,064
60,200	-0,213	-0,065
60,250	-0,196	-0,064
60,300	-0,182	-0,065
60,350	-0,167	-0,064
60,400	-0,146	-0,065
60,450	-0,124	-0,064
60,500	-0,099	-0,064
60,550	-0,076	-0,064
60,600	-0,055	-0,064
60,650	-0,045	-0,063
60,700	-0,039	-0,065
60,750	-0,037	-0,064
60,800	-0,030	-0,064
60,850	-0,023	-0,064
60,900	-0,012	-0,064
60,950	-0,002	-0,063
61,000	0,014	-0,065
61,050	0,032	-0,064
61,100	0,046	-0,065
61,150	0,053	-0,064
61,200	0,056	-0,065
61,250	0,058	-0,064
61,300	0,059	-0,064
61,350	0,060	-0,064
61,400	0,060	-0,064
61,450	0,060	-0,064
61,500	0,060	-0,065
61,550	0,060	-0,064
61,600	0,060	-0,065
61,650	0,060	-0,064
61,700	0,060	-0,065
61,750	0,060	-0,064
61,800	0,060	-0,065
61,850	0,061	-0,064
61,900	0,060	-0,065
61,950	0,060	-0,064
62,000	0,036	-0,065
62,050	-0,063	-0,064
62,100	-0,060	-0,065
62,150	-0,059	-0,065
62,200	-0,058	-0,065
62,250	-0,056	-0,064
62,300	-0,045	-0,065
62,350	-0,025	-0,065
62,400	0,005	-0,065
62,450	0,042	-0,064
62,500	0,080	-0,065
62,550	0,118	-0,064
62,600	0,150	-0,065
62,650	0,183	-0,064
62,700	0,210	-0,065
62,750	0,228	-0,064
62,800	0,252	-0,065
62,850	0,285	-0,064
62,900	0,325	-0,065
62,950	0,364	-0,064
63,000	0,402	-0,064
63,050	0,441	-0,064
63,100	0,473	-0,064
63,150	0,498	-0,063
63,200	0,520	-0,064
63,250	0,545	-0,063
63,300	0,571	-0,064
63,350	0,602	-0,063
63,400	0,634	-0,064
63,450	0,665	-0,063
63,500	0,693	-0,064
63,550	0,719	-0,063
63,600	0,747	-0,063
63,650	0,782	-0,063
63,700	0,823	-0,063
63,750	0,862	-0,062
63,800	0,896	-0,063
63,850	0,921	-0,062
63,900	0,942	-0,063
63,950	0,962	-0,062
64,000	0,984	-0,063
64,050	1,009	-0,062
64,100	1,035	-0,063
64,150	1,058	-0,062
64,200	1,083	-0,062
64,250	1,115	-0,062
64,300	1,146	-0,063
64,350	1,175	-0,062
64,400	1,205	-0,062
64,450	1,234	-0,061
64,500	1,266	-0,062
64,550	1,302	-0,061
64,600	1,339	-0,062
64,650	1,375	-0,061
64,700	1,415	-0,061
64,750	1,454	-0,061
64,800	1,489	-0,061
64,850	1,519	-0,060
64,900	1,552	-0,061
64,950	1,584	-0,061
65,000	1,616	-0,061
65,050	1,651	-0,060
65,100	1,687	-0,061
65,150	1,715	-0,060
65,200	1,742	-0,061
65,250	1,763	-0,060
65,300	1,782	-0,061
65,350	1,808	-0,060
65,400	1,832	-0,061
65,450	1,852	-0,060
65,500	1,869	-0,060
65,550	1,893	-0,060
65,600	1,926	-0,060
65,650	1,968	-0,060
65,700	2,014	-0,060
65,750	2,054	-0,059
65,800	2,087	-0,060
65,850	2,118	-0,059
65,900	2,152	-0,060
65,950	2,193	-0,059
66,000	2,233	-0,059
66,050	2,271	-0,059
66,100	2,302	-0,059
66,150	2,332	-0,059
66,200	2,363	-0,059
66,250	2,391	-0,058
66,300	2,416	-0,059
66,350	2,433	-0,058
66,400	2,447	-0,059
66,450	2,461	-0,058
66,500	2,485	-0,059
66,550	2,520	-0,058
66,600	2,564	-0,059
66,650	2,599	-0,058
66,700	2,617	-0,059
66,750	2,626	-0,058
66,800	2,631	-0,059
66,850	2,642	-0,058
66,900	2,671	-0,058
66,950	2,701	-0,058
67,000	2,722	-0,058
67,050	2,741	-0,057
67,100	2,759	-0,058
67,150	2,779	-0,057
67,200	2,802	-0,058
67,250	2,824	-0,057
67,300	2,845	-0,058
67,350	2,867	-0,057
67,400	2,892	-0,058
67,450	2,928	-0,057
67,500	2,960	-0,058
67,550	2,983	-0,057
67,600	2,997	-0,058
67,650	3,011	-0,057
67,700	3,030	-0,058
67,750	3,066	-0,057
67,800	3,116	-0,057
67,850	3,154	-0,057
67,900	3,180	-0,057
67,950	3,193	-0,056
68,000	3,203	-0,057
68,050	3,214	-0,057
68,100	3,221	-0,057
68,150	3,234	-0,057
68,200	3,251	-0,057
68,250	3,265	-0,056
68,300	3,271	-0,057
68,350	3,280	-0,057
68,400	3,292	-0,057
68,450	3,313	-0,056
68,500	3,335	-0,057
68,550	3,351	-0,056
68,600	3,359	-0,057
68,650	3,364	-0,056
68,700	3,372	-0,057
68,750	3,379	-0,056
68,800	3,382	-0,057
68,850	3,384	-0,056
68,900	3,384	-0,057
68,950	3,385	-0,057
69,000	3,385	-0,057
69,050	3,385	-0,057
69,100	3,385	-0,057
69,150	3,385	-0,057
69,200	3,386	-0,057
69,250	3,386	-0,056
69,300	3,387	-0,057
69,350	3,405	-0,056
69,400	3,451	-0,057
69,450	3,520	-0,056
69,500	3,575	-0,057
69,550	3,606	-0,056
69,600	3,631	-0,056
69,650	3,659	-0,056
69,700	3,690	-0,056
69,750	3,721	-0,055
69,800	3,748	-0,056
69,850	3,772	-0,056
69,900	3,795	-0,056
69,950	3,817	-0,056
70,000	3,841	-0,056
70,050	3,867	-0,056
70,100	3,894	-0,056
70,150	3,917	-0,055
70,200	3,937	-0,056
70,250	3,956	-0,055
70,300	3,979	-0,056
70,350	4,003	-0,055
70,400	4,027	-0,056
70,450	4,048	-0,055
70,500	4,069	-0,056
70,550	4,085	-0,055
70,600	4,101	-0,056
70,650	4,117	-0,055
70,700	4,144	-0,055
70,750	4,184	-0,055
70,800	4,217	-0,055
70,850	4,238	-0,055
70,900	4,249	-0,055
70,950	4,254	-0,054
71,000	4,262	-0,055
71,050	4,271	-0,054
71,100	4,283	-0,055
71,150	4,297	-0,054
71,200	4,313	-0,055
71,250	4,327	-0,054
71,300	4,339	-0,055
71,350	4,351	-0,054
71,400	4,360	-0,055
71,450	4,368	-0,054
71,500	4,377	-0,055
71,550	4,386	-0,054
71,600	4,395	-0,055
71,650	4,400	-0,055
71,700	4,409	-0,055
71,750	4,420	-0,054
71,800	4,430	-0,055
71,850	4,441	-0,054
71,900	4,449	-0,055
71,950	4,454	-0,055
72,000	4,457	-0,055
72,050	4,458	-0,054
72,100	4,460	-0,055
72,150	4,460	-0,054
72,200	4,460	-0,055
72,250	4,459	-0,054
72,300	4,459	-0,055
72,350	4,459	-0,055
72,400	4,459	-0,055
72,450	4,459	-0,055
72,500	4,459	-0,055
72,550	4,463	-0,055
72,600	4,479	-0,055
72,650	4,528	-0,054
72,700	4,580	-0,055
72,750	4,616	-0,054
72,800	4,645	-0,055
72,850	4,671	-0,054
72,900	4,695	-0,055
72,950	4,714	-0,054
73,000	4,735	-0,054
73,050	4,756	-0,054
73,100	4,781	-0,054
73,150	4,802	-0,054
73,200	4,821	-0,054
73,250	4,841	-0,054
73,300	4,861	-0,054
73,350	4,881	-0,054
73,400	4,902	-0,054
73,450	4,926	-0,053
73,500	4,948	-0,054
73,550	4,968	-0,053
73,600	4,989	-0,054
73,650	5,010	-0,053
73,700	5,033	-0,054
73,750	5,053	-0,053
73,800	5,071	-0,054
73,850	5,086	-0,053
73,900	5,099	-0,054
73,950	5,111	-0,053
74,000	5,126	-0,054
74,050	5,143	-0,053
74,100	5,158	-0,054
74,150	5,166	-0,053
74,200	5,170	-0,054
74,250	5,171	-0,053
74,300	5,177	-0,054
74,350	5,185	-0,053
74,400	5,196	-0,054
74,450	5,206	-0,054
74,500	5,220	-0,054
74,550	5,235	-0,054
74,600	5,252	-0,053
74,650	5,266	-0,053
74,700	5,276	-0,053
74,750	5,288	-0,053
74,800	5,301	-0,053
74,850	5,311	-0,053
74,900	5,323	-0,054
74,950	5,329	-0,053
75,000	5,333	-0,054
75,050	5,334	-0,053
75,100	5,338	-0,054
75,150	5,345	-0,053
75,200	5,356	-0,053
75,250	5,364	-0,053
75,300	5,372	-0,053
75,350	5,381	-0,053
75,400	5,386	-0,053
75,450	5,389	-0,053
75,500	5,397	-0,054
75,550	5,403	-0,053
75,600	5,411	-0,054
75,650	5,419	-0,053
75,700	5,429	-0,053
75,750	5,441	-0,054
75,800	5,452	-0,053
75,850	5,458	-0,053
75,900	5,471	-0,053
75,950	5,485	-0,053
76,000	5,501	-0,053
76,050	5,508	-0,053
76,100	5,512	-0,053
76,150	5,513	-0,053
76,200	5,515	-0,053
76,250	5,516	-0,053
76,300	5,524	-0,053
76,350	5,531	-0,053
76,400	5,543	-0,053
76,450	5,558	-0,053
76,500	5,573	-0,053
76,550	5,580	-0,053
76,600	5,591	-0,053
76,650	5,598	-0,053
76,700	5,608	-0,053
76,750	5,631	-0,053
76,800	5,666	-0,053
76,850	5,696	-0,053
76,900	5,714	-0,053
76,950	5,722	-0,053
77,000	5,727	-0,053
77,050	5,728	-0,053
77,100	5,730	-0,053
77,150	5,731	-0,053
77,200	5,739	-0,053
77,250	5,744	-0,053
77,300	5,747	-0,053
77,350	5,748	-0,053
77,400	5,749	-0,053
77,450	5,750	-0,053
77,500	5,751	-0,053
77,550	5,751	-0,053
77,600	5,752	-0,053
77,650	5,767	-0,053
77,700	5,799	-0,053
77,750	5,828	-0,053
77,800	5,843	-0,053
77,850	5,851	-0,053
77,900	5,862	-0,053
77,950	5,877	-0,053
78,000	5,894	-0,053
78,050	5,902	-0,053
78,100	5,913	-0,053
78,150	5,927	-0,053
78,200	5,939	-0,053
78,250	5,951	-0,053
78,300	5,964	-0,053
78,350	5,974	-0,053
78,400	5,984	-0,053
78,450	5,993	-0,053
78,500	6,011	-0,053
78,550	6,037	-0,053
78,600	6,055	-0,053
78,650	6,064	-0,053
78,700	6,069	-0,052
78,750	6,071	-0,053
78,800	6,072	-0,053
78,850	6,073	-0,053
78,900	6,077	-0,053
78,950	6,090	-0,053
79,000	6,108	-0,053
79,050	6,119	-0,053
79,100	6,131	-0,053
79,150	6,138	-0,053
79,200	6,143	-0,053
79,250	6,152	-0,053
79,300	6,161	-0,052
79,350	6,170	-0,053
79,400	6,176	-0,052
79,450	6,179	-0,053
79,500	6,189	-0,053
79,550	6,196	-0,053
79,600	6,211	-0,052
79,650	6,233	-0,052
79,700	6,255	-0,053
79,750	6,271	-0,053
79,800	6,280	-0,052
79,850	6,284	-0,053
79,900	6,287	-0,053
79,950	6,288	-0,053
80,000	6,295	-0,053
80,050	6,301	-0,053
80,100	6,308	-0,053
80,150	6,317	-0,053
80,200	6,328	-0,052
80,250	6,336	-0,053
80,300	6,344	-0,052
80,350	6,355	-0,053
80,400	6,369	-0,052
80,450	6,385	-0,053
80,500	6,405	-0,052
80,550	6,426	-0,053
80,600	6,449	-0,052
80,650	6,468	-0,052
80,700	6,485	-0,052
80,750	6,498	-0,052
80,800	6,511	-0,052
80,850	6,525	-0,052
80,900	6,541	-0,052
80,950	6,558	-0,052
81,000	6,575	-0,052
81,050	6,591	-0,052
81,100	6,605	-0,052
81,150	6,618	-0,052
81,200	6,633	-0,052
81,250	6,648	-0,052
81,300	6,669	-0,052
81,350	6,695	-0,052
81,400	6,717	-0,052
81,450	6,732	-0,052
81,500	6,745	-0,052
81,550	6,751	-0,052
81,600	6,755	-0,052
81,650	6,763	-0,052
81,700	6,775	-0,052
81,750	6,784	-0,052
81,800	6,796	-0,051
81,850	6,807	-0,052
81,900	6,819	-0,051
81,950	6,831	-0,052
82,000	6,839	-0,052
82,050	6,843	-0,052
82,100	6,846	-0,052
82,150	6,847	-0,052
82,200	6,848	-0,052
82,250	6,848	-0,052
82,300	6,848	-0,052
82,350	6,848	-0,052
82,400	6,849	-0,052
