Zeit (s) Messreihe #1	Spannung, Ch A (V) Messreihe #1	Spannung, Ch B (V) Messreihe #1
0,000	6,693	-0,026
0,050	6,694	-0,026
0,100	6,693	-0,026
0,150	6,693	-0,026
0,200	6,693	-0,026
0,250	6,693	-0,026
0,300	6,693	-0,027
0,350	6,693	-0,026
0,400	6,693	-0,026
0,450	6,693	-0,026
0,500	6,693	-0,026
0,550	6,693	-0,026
0,600	6,693	-0,026
0,650	6,694	-0,026
0,700	6,693	-0,026
0,750	6,694	-0,026
0,800	6,693	-0,026
0,850	6,694	-0,026
0,900	6,693	-0,026
0,950	6,681	-0,026
1,000	6,629	-0,027
1,050	6,572	-0,027
1,100	6,543	-0,027
1,150	6,527	-0,027
1,200	6,506	-0,028
1,250	6,479	-0,028
1,300	6,452	-0,028
1,350	6,431	-0,028
1,400	6,414	-0,028
1,450	6,393	-0,028
1,500	6,361	-0,029
1,550	6,326	-0,029
1,600	6,290	-0,029
1,650	6,258	-0,029
1,700	6,230	-0,029
1,750	6,199	-0,030
1,800	6,162	-0,031
1,850	6,128	-0,030
1,900	6,104	-0,031
1,950	6,084	-0,031
2,000	6,065	-0,031
2,050	6,049	-0,031
2,100	6,029	-0,031
2,150	6,005	-0,032
2,200	5,977	-0,032
2,250	5,951	-0,032
2,300	5,936	-0,032
2,350	5,922	-0,032
2,400	5,904	-0,033
2,450	5,886	-0,032
2,500	5,868	-0,033
2,550	5,847	-0,033
2,600	5,830	-0,033
2,650	5,815	-0,033
2,700	5,806	-0,033
2,750	5,797	-0,033
2,800	5,780	-0,034
2,850	5,762	-0,034
2,900	5,749	-0,033
2,950	5,735	-0,034
3,000	5,719	-0,034
3,050	5,697	-0,034
3,100	5,668	-0,035
3,150	5,642	-0,034
3,200	5,619	-0,035
3,250	5,598	-0,035
3,300	5,579	-0,035
3,350	5,561	-0,035
3,400	5,545	-0,035
3,450	5,530	-0,036
3,500	5,509	-0,036
3,550	5,483	-0,036
3,600	5,457	-0,036
3,650	5,433	-0,037
3,700	5,411	-0,037
3,750	5,389	-0,037
3,800	5,366	-0,037
3,850	5,338	-0,037
3,900	5,307	-0,038
3,950	5,278	-0,038
4,000	5,251	-0,038
4,050	5,229	-0,039
4,100	5,210	-0,039
4,150	5,184	-0,039
4,200	5,155	-0,039
4,250	5,125	-0,040
4,300	5,098	-0,040
4,350	5,075	-0,040
4,400	5,051	-0,040
4,450	5,024	-0,040
4,500	4,996	-0,041
4,550	4,971	-0,041
4,600	4,949	-0,041
4,650	4,927	-0,041
4,700	4,903	-0,042
4,750	4,875	-0,042
4,800	4,846	-0,042
4,850	4,824	-0,042
4,900	4,805	-0,043
4,950	4,786	-0,043
5,000	4,767	-0,043
5,050	4,745	-0,043
5,100	4,721	-0,044
5,150	4,695	-0,044
5,200	4,671	-0,044
5,250	4,651	-0,044
5,300	4,634	-0,045
5,350	4,619	-0,045
5,400	4,603	-0,045
5,450	4,581	-0,045
5,500	4,552	-0,046
5,550	4,527	-0,046
5,600	4,508	-0,046
5,650	4,490	-0,046
5,700	4,477	-0,047
5,750	4,463	-0,046
5,800	4,447	-0,047
5,850	4,428	-0,047
5,900	4,410	-0,047
5,950	4,393	-0,047
6,000	4,373	-0,048
6,050	4,353	-0,048
6,100	4,333	-0,048
6,150	4,315	-0,048
6,200	4,297	-0,049
6,250	4,278	-0,049
6,300	4,261	-0,049
6,350	4,246	-0,049
6,400	4,233	-0,049
6,450	4,221	-0,050
6,500	4,207	-0,050
6,550	4,195	-0,050
6,600	4,180	-0,050
6,650	4,163	-0,050
6,700	4,145	-0,051
6,750	4,126	-0,051
6,800	4,107	-0,051
6,850	4,085	-0,051
6,900	4,062	-0,052
6,950	4,041	-0,052
7,000	4,017	-0,052
7,050	3,991	-0,052
7,100	3,965	-0,053
7,150	3,941	-0,053
7,200	3,919	-0,054
7,250	3,897	-0,054
7,300	3,872	-0,055
7,350	3,845	-0,055
7,400	3,821	-0,055
7,450	3,804	-0,055
7,500	3,785	-0,056
7,550	3,762	-0,056
7,600	3,726	-0,057
7,650	3,683	-0,057
7,700	3,634	-0,058
7,750	3,582	-0,059
7,800	3,538	-0,060
7,850	3,494	-0,060
7,900	3,451	-0,061
7,950	3,398	-0,062
8,000	3,329	-0,063
8,050	3,259	-0,064
8,100	3,201	-0,065
8,150	3,164	-0,066
8,200	3,145	-0,067
8,250	3,121	-0,067
8,300	3,086	-0,068
8,350	3,051	-0,068
8,400	3,023	-0,069
8,450	2,999	-0,069
8,500	2,983	-0,070
8,550	2,964	-0,070
8,600	2,936	-0,071
8,650	2,908	-0,071
8,700	2,885	-0,072
8,750	2,874	-0,072
8,800	2,864	-0,073
8,850	2,848	-0,072
8,900	2,828	-0,074
8,950	2,807	-0,074
9,000	2,790	-0,074
9,050	2,781	-0,074
9,100	2,762	-0,075
9,150	2,735	-0,075
9,200	2,717	-0,076
9,250	2,709	-0,076
9,300	2,693	-0,076
9,350	2,656	-0,077
9,400	2,616	-0,078
9,450	2,587	-0,079
9,500	2,568	-0,080
9,550	2,537	-0,080
9,600	2,496	-0,082
9,650	2,454	-0,082
9,700	2,425	-0,083
9,750	2,410	-0,084
9,800	2,381	-0,085
9,850	2,328	-0,086
9,900	2,256	-0,088
9,950	2,171	-0,091
10,000	2,099	-0,093
10,050	2,052	-0,094
10,100	2,020	-0,096
10,150	1,989	-0,097
10,200	1,958	-0,098
10,250	1,934	-0,099
10,300	1,918	-0,100
10,350	1,906	-0,100
10,400	1,892	-0,100
10,450	1,863	-0,101
10,500	1,814	-0,103
10,550	1,759	-0,105
10,600	1,719	-0,107
10,650	1,693	-0,108
10,700	1,674	-0,109
10,750	1,654	-0,109
10,800	1,629	-0,110
10,850	1,597	-0,111
10,900	1,563	-0,113
10,950	1,532	-0,114
11,000	1,502	-0,116
11,050	1,475	-0,117
11,100	1,442	-0,119
11,150	1,405	-0,120
11,200	1,364	-0,122
11,250	1,324	-0,124
11,300	1,289	-0,126
11,350	1,258	-0,127
11,400	1,228	-0,129
11,450	1,196	-0,130
11,500	1,161	-0,132
11,550	1,126	-0,134
11,600	1,091	-0,136
11,650	1,057	-0,138
11,700	1,027	-0,140
11,750	0,998	-0,141
11,800	0,969	-0,143
11,850	0,937	-0,145
11,900	0,902	-0,147
11,950	0,858	-0,149
12,000	0,817	-0,152
12,050	0,783	-0,154
12,100	0,749	-0,157
12,150	0,714	-0,159
12,200	0,681	-0,162
12,250	0,645	-0,164
12,300	0,601	-0,167
12,350	0,551	-0,171
12,400	0,509	-0,175
12,450	0,484	-0,177
12,500	0,464	-0,179
12,550	0,435	-0,181
12,600	0,382	-0,186
12,650	0,308	-0,192
12,700	0,233	-0,201
12,750	0,172	-0,208
12,800	0,124	-0,215
12,850	0,084	-0,220
12,900	0,050	-0,226
12,950	0,018	-0,230
13,000	-0,012	-0,236
13,050	-0,040	-0,241
13,100	-0,063	-0,246
13,150	-0,079	-0,250
13,200	-0,087	-0,252
13,250	-0,090	-0,254
13,300	-0,088	-0,255
13,350	-0,084	-0,255
13,400	-0,080	-0,255
13,450	-0,077	-0,255
13,500	-0,075	-0,255
13,550	-0,074	-0,255
13,600	-0,074	-0,255
13,650	-0,074	-0,255
13,700	-0,074	-0,255
13,750	-0,074	-0,255
13,800	-0,074	-0,255
13,850	-0,074	-0,255
13,900	-0,074	-0,255
13,950	-0,074	-0,254
14,000	-0,074	-0,255
14,050	-0,074	-0,255
14,100	-0,074	-0,255
14,150	-0,074	-0,255
14,200	-0,074	-0,255
14,250	-0,074	-0,255
14,300	-0,074	-0,255
14,350	-0,074	-0,255
14,400	-0,074	-0,255
14,450	-0,074	-0,255
14,500	-0,075	-0,255
14,550	-0,074	-0,255
14,600	-0,075	-0,255
14,650	-0,074	-0,255
14,700	-0,075	-0,255
14,750	-0,074	-0,255
14,800	-0,075	-0,255
14,850	-0,074	-0,255
14,900	-0,075	-0,255
14,950	-0,075	-0,255
15,000	-0,075	-0,255
15,050	-0,075	-0,255
15,100	-0,075	-0,255
15,150	-0,075	-0,255
15,200	-0,075	-0,255
15,250	-0,075	-0,255
15,300	-0,075	-0,255
15,350	-0,075	-0,255
15,400	-0,075	-0,255
15,450	-0,075	-0,255
15,500	-0,075	-0,255
15,550	-0,075	-0,255
15,600	-0,075	-0,255
15,650	-0,075	-0,255
15,700	-0,075	-0,255
15,750	-0,075	-0,255
15,800	-0,075	-0,255
15,850	-0,075	-0,255
15,900	-0,075	-0,255
15,950	-0,075	-0,255
16,000	-0,075	-0,255
16,050	-0,075	-0,255
16,100	-0,075	-0,255
16,150	-0,075	-0,255
16,200	-0,075	-0,255
16,250	-0,075	-0,255
16,300	-0,075	-0,255
16,350	-0,075	-0,255
16,400	-0,075	-0,255
16,450	-0,075	-0,255
16,500	-0,075	-0,255
16,550	-0,075	-0,255
16,600	-0,075	-0,255
16,650	-0,075	-0,255
16,700	-0,075	-0,255
16,750	-0,075	-0,255
16,800	-0,075	-0,255
16,850	-0,075	-0,255
16,900	-0,075	-0,255
16,950	-0,075	-0,255
17,000	-0,075	-0,255
17,050	-0,075	-0,255
17,100	-0,075	-0,255
17,150	-0,075	-0,255
17,200	-0,075	-0,255
17,250	-0,075	-0,255
17,300	-0,075	-0,255
17,350	-0,075	-0,255
17,400	-0,075	-0,255
17,450	-0,075	-0,255
17,500	-0,075	-0,255
17,550	-0,075	-0,255
17,600	-0,075	-0,255
17,650	-0,075	-0,255
17,700	-0,075	-0,255
17,750	-0,075	-0,255
17,800	-0,075	-0,255
17,850	-0,075	-0,255
17,900	-0,076	-0,256
17,950	-0,075	-0,255
18,000	-0,019	-0,253
18,050	0,076	-0,250
18,100	0,093	-0,249
18,150	0,089	-0,249
18,200	0,084	-0,249
18,250	0,081	-0,249
18,300	0,080	-0,249
18,350	0,079	-0,249
18,400	0,079	-0,249
18,450	0,079	-0,249
18,500	0,079	-0,249
18,550	0,078	-0,249
18,600	0,079	-0,249
18,650	0,078	-0,249
18,700	0,079	-0,249
18,750	0,079	-0,249
18,800	0,079	-0,249
18,850	0,079	-0,249
18,900	0,079	-0,249
18,950	0,078	-0,249
19,000	0,079	-0,249
19,050	0,078	-0,249
19,100	0,079	-0,249
19,150	0,079	-0,249
19,200	0,079	-0,249
19,250	0,079	-0,249
19,300	0,078	-0,249
19,350	0,079	-0,249
19,400	0,078	-0,250
19,450	0,079	-0,249
19,500	0,078	-0,250
19,550	0,079	-0,249
19,600	0,079	-0,249
19,650	0,079	-0,249
19,700	0,079	-0,249
19,750	0,079	-0,249
19,800	0,079	-0,249
19,850	0,079	-0,249
19,900	0,079	-0,249
19,950	0,079	-0,249
20,000	0,079	-0,250
20,050	0,079	-0,249
20,100	0,079	-0,249
20,150	0,078	-0,249
20,200	0,079	-0,250
20,250	0,079	-0,249
20,300	0,078	-0,250
20,350	0,079	-0,249
20,400	0,079	-0,249
20,450	0,079	-0,249
20,500	0,079	-0,249
20,550	0,079	-0,249
20,600	0,079	-0,249
20,650	0,079	-0,249
20,700	0,079	-0,249
20,750	0,079	-0,249
20,800	0,079	-0,249
20,850	0,079	-0,249
20,900	0,079	-0,249
20,950	0,079	-0,249
21,000	0,079	-0,249
21,050	0,079	-0,249
21,100	0,079	-0,249
21,150	0,079	-0,249
21,200	0,079	-0,249
21,250	0,079	-0,249
21,300	0,079	-0,249
21,350	0,079	-0,249
21,400	0,079	-0,249
21,450	0,079	-0,249
21,500	0,079	-0,249
21,550	0,079	-0,249
21,600	0,079	-0,249
21,650	0,079	-0,249
21,700	0,079	-0,249
21,750	0,079	-0,249
21,800	0,079	-0,249
21,850	0,079	-0,249
21,900	0,079	-0,249
21,950	0,079	-0,249
22,000	0,079	-0,250
22,050	0,078	-0,249
22,100	0,079	-0,249
22,150	0,079	-0,249
22,200	0,079	-0,249
22,250	0,079	-0,249
22,300	0,079	-0,249
22,350	0,079	-0,249
22,400	0,079	-0,249
22,450	0,079	-0,249
22,500	0,075	-0,249
22,550	0,065	-0,249
22,600	0,048	-0,250
22,650	0,023	-0,251
22,700	-0,005	-0,252
22,750	-0,036	-0,252
22,800	-0,074	-0,255
22,850	-0,103	-0,256
22,900	-0,127	-0,261
22,950	-0,153	-0,266
23,000	-0,182	-0,275
23,050	-0,209	-0,286
23,100	-0,232	-0,299
23,150	-0,247	-0,313
23,200	-0,258	-0,332
23,250	-0,266	-0,355
23,300	-0,276	-0,385
23,350	-0,287	-0,422
23,400	-0,303	-0,468
23,450	-0,328	-0,522
23,500	-0,368	-0,585
23,550	-0,453	-0,656
23,600	-0,612	-0,729
23,650	-0,856	-0,789
23,700	-1,082	-0,825
23,750	-1,117	-0,833
23,800	-0,957	-0,829
23,850	-0,822	-0,824
23,900	-0,759	-0,821
23,950	-0,746	-0,820
24,000	-0,758	-0,821
24,050	-0,776	-0,821
24,100	-0,795	-0,822
24,150	-0,812	-0,822
24,200	-0,824	-0,822
24,250	-0,829	-0,822
24,300	-0,834	-0,822
24,350	-0,842	-0,822
24,400	-0,847	-0,823
24,450	-0,852	-0,823
24,500	-0,860	-0,823
24,550	-0,869	-0,823
24,600	-0,882	-0,824
24,650	-0,896	-0,824
24,700	-0,909	-0,825
24,750	-0,916	-0,824
24,800	-0,925	-0,825
24,850	-0,934	-0,825
24,900	-0,947	-0,826
24,950	-0,966	-0,826
25,000	-0,986	-0,827
25,050	-0,999	-0,827
25,100	-1,010	-0,828
25,150	-1,021	-0,828
25,200	-1,034	-0,829
25,250	-1,049	-0,829
25,300	-1,063	-0,830
25,350	-1,073	-0,830
25,400	-1,084	-0,831
25,450	-1,098	-0,831
25,500	-1,113	-0,832
25,550	-1,131	-0,832
25,600	-1,149	-0,834
25,650	-1,165	-0,835
25,700	-1,183	-0,837
25,750	-1,200	-0,838
25,800	-1,216	-0,840
25,850	-1,229	-0,841
25,900	-1,237	-0,842
25,950	-1,245	-0,843
26,000	-1,254	-0,844
26,050	-1,266	-0,845
26,100	-1,280	-0,846
26,150	-1,295	-0,848
26,200	-1,308	-0,849
26,250	-1,320	-0,850
26,300	-1,331	-0,851
26,350	-1,342	-0,852
26,400	-1,353	-0,853
26,450	-1,363	-0,854
26,500	-1,374	-0,855
26,550	-1,383	-0,856
26,600	-1,391	-0,857
26,650	-1,399	-0,857
26,700	-1,408	-0,858
26,750	-1,418	-0,858
26,800	-1,430	-0,860
26,850	-1,442	-0,860
26,900	-1,453	-0,862
26,950	-1,465	-0,863
27,000	-1,476	-0,864
27,050	-1,489	-0,864
27,100	-1,503	-0,866
27,150	-1,513	-0,866
27,200	-1,523	-0,868
27,250	-1,532	-0,868
27,300	-1,543	-0,869
27,350	-1,555	-0,870
27,400	-1,567	-0,871
27,450	-1,578	-0,871
27,500	-1,589	-0,872
27,550	-1,600	-0,873
27,600	-1,612	-0,874
27,650	-1,624	-0,875
27,700	-1,637	-0,876
27,750	-1,649	-0,877
27,800	-1,662	-0,878
27,850	-1,676	-0,878
27,900	-1,691	-0,880
27,950	-1,705	-0,880
28,000	-1,719	-0,881
28,050	-1,732	-0,882
28,100	-1,743	-0,883
28,150	-1,755	-0,884
28,200	-1,767	-0,885
28,250	-1,781	-0,885
28,300	-1,794	-0,887
28,350	-1,806	-0,887
28,400	-1,816	-0,888
28,450	-1,825	-0,888
28,500	-1,837	-0,890
28,550	-1,848	-0,890
28,600	-1,864	-0,891
28,650	-1,877	-0,892
28,700	-1,887	-0,892
28,750	-1,898	-0,893
28,800	-1,911	-0,894
28,850	-1,925	-0,894
28,900	-1,941	-0,896
28,950	-1,951	-0,896
29,000	-1,963	-0,896
29,050	-1,976	-0,897
29,100	-1,990	-0,898
29,150	-2,005	-0,899
29,200	-2,020	-0,900
29,250	-2,034	-0,901
29,300	-2,048	-0,902
29,350	-2,062	-0,902
29,400	-2,077	-0,903
29,450	-2,089	-0,904
29,500	-2,099	-0,904
29,550	-2,108	-0,905
29,600	-2,118	-0,906
29,650	-2,127	-0,906
29,700	-2,136	-0,906
29,750	-2,145	-0,907
29,800	-2,155	-0,907
29,850	-2,164	-0,908
29,900	-2,175	-0,908
29,950	-2,187	-0,909
30,000	-2,203	-0,910
30,050	-2,219	-0,910
30,100	-2,235	-0,911
30,150	-2,248	-0,912
30,200	-2,256	-0,913
30,250	-2,266	-0,913
30,300	-2,280	-0,914
30,350	-2,296	-0,914
30,400	-2,313	-0,915
30,450	-2,329	-0,916
30,500	-2,343	-0,916
30,550	-2,355	-0,917
30,600	-2,360	-0,918
30,650	-2,367	-0,918
30,700	-2,373	-0,918
30,750	-2,382	-0,918
30,800	-2,393	-0,919
30,850	-2,408	-0,920
30,900	-2,423	-0,920
30,950	-2,438	-0,921
31,000	-2,452	-0,922
31,050	-2,464	-0,922
31,100	-2,477	-0,923
31,150	-2,490	-0,923
31,200	-2,501	-0,924
31,250	-2,511	-0,924
31,300	-2,519	-0,925
31,350	-2,528	-0,925
31,400	-2,538	-0,925
31,450	-2,549	-0,926
31,500	-2,563	-0,926
31,550	-2,580	-0,927
31,600	-2,599	-0,928
31,650	-2,622	-0,929
31,700	-2,649	-0,930
31,750	-2,678	-0,931
31,800	-2,704	-0,932
31,850	-2,722	-0,933
31,900	-2,730	-0,933
31,950	-2,733	-0,933
32,000	-2,734	-0,933
32,050	-2,741	-0,933
32,100	-2,753	-0,934
32,150	-2,762	-0,934
32,200	-2,773	-0,935
32,250	-2,789	-0,935
32,300	-2,810	-0,936
32,350	-2,835	-0,937
32,400	-2,863	-0,938
32,450	-2,881	-0,939
32,500	-2,894	-0,939
32,550	-2,912	-0,939
32,600	-2,945	-0,941
32,650	-2,995	-0,942
32,700	-3,050	-0,944
32,750	-3,095	-0,946
32,800	-3,125	-0,947
32,850	-3,138	-0,948
32,900	-3,148	-0,947
32,950	-3,169	-0,948
33,000	-3,200	-0,949
33,050	-3,231	-0,950
33,100	-3,252	-0,951
33,150	-3,263	-0,952
33,200	-3,267	-0,952
33,250	-3,273	-0,952
33,300	-3,280	-0,952
33,350	-3,289	-0,952
33,400	-3,298	-0,953
33,450	-3,308	-0,952
33,500	-3,323	-0,953
33,550	-3,339	-0,954
33,600	-3,352	-0,954
33,650	-3,363	-0,955
33,700	-3,370	-0,955
33,750	-3,373	-0,955
33,800	-3,377	-0,955
33,850	-3,388	-0,955
33,900	-3,404	-0,955
33,950	-3,421	-0,956
34,000	-3,435	-0,957
34,050	-3,446	-0,957
34,100	-3,458	-0,957
34,150	-3,472	-0,957
34,200	-3,488	-0,958
34,250	-3,502	-0,958
34,300	-3,510	-0,959
34,350	-3,514	-0,959
34,400	-3,522	-0,959
34,450	-3,529	-0,959
34,500	-3,539	-0,959
34,550	-3,553	-0,960
34,600	-3,577	-0,960
34,650	-3,607	-0,961
34,700	-3,634	-0,962
34,750	-3,651	-0,962
34,800	-3,667	-0,963
34,850	-3,682	-0,963
34,900	-3,700	-0,964
34,950	-3,719	-0,964
35,000	-3,738	-0,964
35,050	-3,756	-0,965
35,100	-3,771	-0,965
35,150	-3,784	-0,966
35,200	-3,797	-0,966
35,250	-3,810	-0,966
35,300	-3,824	-0,967
35,350	-3,840	-0,967
35,400	-3,856	-0,968
35,450	-3,865	-0,968
35,500	-3,876	-0,968
35,550	-3,884	-0,968
35,600	-3,888	-0,968
35,650	-3,889	-0,968
35,700	-3,890	-0,969
35,750	-3,883	-0,968
35,800	-3,878	-0,968
35,850	-3,875	-0,968
35,900	-3,874	-0,968
35,950	-3,873	-0,968
36,000	-3,873	-0,968
36,050	-3,873	-0,968
36,100	-3,873	-0,968
36,150	-3,872	-0,968
36,200	-3,873	-0,968
36,250	-3,873	-0,968
36,300	-3,873	-0,968
36,350	-3,872	-0,968
36,400	-3,873	-0,968
36,450	-3,873	-0,968
36,500	-3,873	-0,968
36,550	-3,873	-0,968
36,600	-3,873	-0,968
36,650	-3,872	-0,968
36,700	-3,873	-0,968
36,750	-3,873	-0,968
36,800	-3,873	-0,968
36,850	-3,873	-0,968
36,900	-3,873	-0,968
36,950	-3,873	-0,968
37,000	-3,878	-0,968
37,050	-3,886	-0,969
37,100	-3,897	-0,969
37,150	-3,919	-0,969
37,200	-3,954	-0,970
37,250	-3,986	-0,970
37,300	-4,004	-0,971
37,350	-4,016	-0,971
37,400	-4,040	-0,972
37,450	-4,065	-0,972
37,500	-4,090	-0,973
37,550	-4,109	-0,973
37,600	-4,125	-0,974
37,650	-4,142	-0,974
37,700	-4,160	-0,975
37,750	-4,176	-0,975
37,800	-4,187	-0,975
37,850	-4,191	-0,975
37,900	-4,193	-0,975
37,950	-4,193	-0,975
38,000	-4,199	-0,975
38,050	-4,208	-0,976
38,100	-4,219	-0,976
38,150	-4,230	-0,976
38,200	-4,240	-0,976
38,250	-4,246	-0,976
38,300	-4,258	-0,977
38,350	-4,274	-0,977
38,400	-4,289	-0,977
38,450	-4,297	-0,977
38,500	-4,300	-0,977
38,550	-4,302	-0,977
38,600	-4,312	-0,978
38,650	-4,326	-0,978
38,700	-4,343	-0,978
38,750	-4,358	-0,978
38,800	-4,367	-0,979
38,850	-4,377	-0,979
38,900	-4,392	-0,979
38,950	-4,407	-0,979
39,000	-4,421	-0,980
39,050	-4,433	-0,980
39,100	-4,447	-0,980
39,150	-4,456	-0,980
39,200	-4,466	-0,981
39,250	-4,478	-0,981
39,300	-4,491	-0,981
39,350	-4,504	-0,981
39,400	-4,517	-0,982
39,450	-4,529	-0,982
39,500	-4,542	-0,982
39,550	-4,556	-0,982
39,600	-4,571	-0,983
39,650	-4,581	-0,983
39,700	-4,592	-0,983
39,750	-4,604	-0,983
39,800	-4,617	-0,983
39,850	-4,632	-0,984
39,900	-4,648	-0,984
39,950	-4,662	-0,984
40,000	-4,670	-0,984
40,050	-4,676	-0,984
40,100	-4,686	-0,984
40,150	-4,698	-0,985
40,200	-4,712	-0,985
40,250	-4,722	-0,985
40,300	-4,734	-0,985
40,350	-4,742	-0,985
40,400	-4,753	-0,986
40,450	-4,763	-0,986
40,500	-4,774	-0,986
40,550	-4,785	-0,986
40,600	-4,797	-0,987
40,650	-4,808	-0,987
40,700	-4,815	-0,987
40,750	-4,818	-0,986
40,800	-4,827	-0,987
40,850	-4,833	-0,987
40,900	-4,842	-0,987
40,950	-4,855	-0,987
41,000	-4,867	-0,988
41,050	-4,879	-0,988
41,100	-4,885	-0,988
41,150	-4,888	-0,988
41,200	-4,893	-0,988
41,250	-4,900	-0,988
41,300	-4,909	-0,988
41,350	-4,920	-0,989
41,400	-4,932	-0,989
41,450	-4,939	-0,989
41,500	-4,949	-0,989
41,550	-4,958	-0,989
41,600	-4,971	-0,990
41,650	-4,984	-0,990
41,700	-4,994	-0,990
41,750	-5,004	-0,990
41,800	-5,011	-0,990
41,850	-5,021	-0,990
41,900	-5,031	-0,990
41,950	-5,043	-0,990
42,000	-5,056	-0,990
42,050	-5,066	-0,991
42,100	-5,077	-0,991
42,150	-5,087	-0,991
42,200	-5,098	-0,991
42,250	-5,113	-0,991
42,300	-5,133	-0,992
42,350	-5,157	-0,992
42,400	-5,192	-0,993
42,450	-5,233	-0,993
42,500	-5,268	-0,994
42,550	-5,287	-0,994
42,600	-5,297	-0,995
42,650	-5,300	-0,994
42,700	-5,302	-0,995
42,750	-5,303	-0,994
42,800	-5,312	-0,995
42,850	-5,324	-0,995
42,900	-5,340	-0,995
42,950	-5,356	-0,995
43,000	-5,367	-0,995
43,050	-5,376	-0,995
43,100	-5,394	-0,996
43,150	-5,422	-0,996
43,200	-5,466	-0,997
43,250	-5,518	-0,997
43,300	-5,558	-0,998
43,350	-5,583	-0,999
43,400	-5,597	-0,999
43,450	-5,603	-0,999
43,500	-5,612	-0,999
43,550	-5,624	-0,999
43,600	-5,639	-0,999
43,650	-5,655	-1,000
43,700	-5,674	-1,000
43,750	-5,693	-1,000
43,800	-5,711	-1,000
43,850	-5,726	-1,000
43,900	-5,741	-1,001
43,950	-5,755	-1,001
44,000	-5,768	-1,001
44,050	-5,779	-1,001
44,100	-5,789	-1,001
44,150	-5,799	-1,001
44,200	-5,812	-1,002
44,250	-5,824	-1,001
44,300	-5,837	-1,002
44,350	-5,849	-1,002
44,400	-5,861	-1,003
44,450	-5,874	-1,002
44,500	-5,892	-1,003
44,550	-5,909	-1,003
44,600	-5,925	-1,003
44,650	-5,938	-1,003
44,700	-5,951	-1,004
44,750	-5,962	-1,003
44,800	-5,976	-1,004
44,850	-5,993	-1,004
44,900	-6,012	-1,004
44,950	-6,027	-1,004
45,000	-6,034	-1,005
45,050	-6,043	-1,005
45,100	-6,052	-1,005
45,150	-6,061	-1,004
45,200	-6,069	-1,005
45,250	-6,073	-1,005
45,300	-6,075	-1,005
45,350	-6,075	-1,005
45,400	-6,076	-1,005
45,450	-6,076	-1,005
45,500	-6,077	-1,005
45,550	-6,077	-1,005
45,600	-6,077	-1,005
45,650	-6,076	-1,005
45,700	-6,077	-1,005
45,750	-6,077	-1,005
45,800	-6,077	-1,005
45,850	-6,076	-1,005
45,900	-6,077	-1,005
45,950	-6,077	-1,005
46,000	-6,078	-1,005
46,050	-6,077	-1,005
46,100	-6,077	-1,005
46,150	-6,077	-1,005
46,200	-6,077	-1,005
46,250	-6,077	-1,005
46,300	-6,078	-1,005
46,350	-6,077	-1,005
46,400	-6,078	-1,005
46,450	-6,077	-1,005
46,500	-6,078	-1,005
46,550	-6,077	-1,005
46,600	-6,078	-1,005
46,650	-6,078	-1,005
46,700	-6,078	-1,005
46,750	-6,077	-1,005
46,800	-6,078	-1,005
46,850	-6,078	-1,005
46,900	-6,078	-1,005
46,950	-6,078	-1,005
47,000	-6,078	-1,005
47,050	-6,078	-1,005
47,100	-6,078	-1,005
47,150	-6,078	-1,005
47,200	-6,078	-1,005
47,250	-6,077	-1,005
47,300	-6,078	-1,005
47,350	-6,078	-1,005
47,400	-6,078	-1,005
47,450	-6,085	-1,005
47,500	-6,107	-1,005
47,550	-6,142	-1,005
47,600	-6,181	-1,006
47,650	-6,202	-1,006
47,700	-6,216	-1,006
47,750	-6,234	-1,006
47,800	-6,260	-1,007
47,850	-6,286	-1,007
47,900	-6,300	-1,008
47,950	-6,313	-1,008
48,000	-6,325	-1,008
48,050	-6,339	-1,008
48,100	-6,359	-1,008
48,150	-6,372	-1,008
48,200	-6,378	-1,008
48,250	-6,381	-1,008
48,300	-6,383	-1,009
48,350	-6,384	-1,008
48,400	-6,391	-1,009
48,450	-6,401	-1,008
48,500	-6,417	-1,009
48,550	-6,434	-1,009
48,600	-6,446	-1,009
48,650	-6,458	-1,009
48,700	-6,472	-1,009
48,750	-6,487	-1,009
48,800	-6,501	-1,010
48,850	-6,514	-1,010
48,900	-6,522	-1,010
48,950	-6,526	-1,010
49,000	-6,534	-1,010
49,050	-6,540	-1,010
49,100	-6,544	-1,010
49,150	-6,545	-1,010
49,200	-6,546	-1,011
49,250	-6,548	-1,010
49,300	-6,556	-1,010
49,350	-6,560	-1,010
49,400	-6,564	-1,011
49,450	-6,570	-1,010
49,500	-6,577	-1,011
49,550	-6,581	-1,010
49,600	-6,589	-1,011
49,650	-6,595	-1,010
49,700	-6,599	-1,011
49,750	-6,602	-1,011
49,800	-6,610	-1,011
49,850	-6,615	-1,011
49,900	-6,618	-1,011
49,950	-6,625	-1,011
50,000	-6,632	-1,011
50,050	-6,635	-1,011
50,100	-6,636	-1,011
50,150	-6,637	-1,011
50,200	-6,641	-1,011
50,250	-6,649	-1,012
50,300	-6,652	-1,012
50,350	-6,653	-1,011
50,400	-6,655	-1,012
50,450	-6,656	-1,011
50,500	-6,658	-1,012
50,550	-6,665	-1,012
50,600	-6,670	-1,012
50,650	-6,672	-1,011
50,700	-6,680	-1,012
50,750	-6,686	-1,012
50,800	-6,689	-1,012
50,850	-6,691	-1,012
50,900	-6,692	-1,012
50,950	-6,692	-1,012
51,000	-6,693	-1,012
51,050	-6,692	-1,012
51,100	-6,693	-1,012
51,150	-6,692	-1,012
51,200	-6,692	-1,012
51,250	-6,692	-1,012
51,300	-6,693	-1,012
51,350	-6,692	-1,012
51,400	-6,692	-1,012
51,450	-6,691	-1,012
51,500	-6,684	-1,012
51,550	-6,679	-1,012
51,600	-6,676	-1,012
51,650	-6,675	-1,011
51,700	-6,675	-1,012
51,750	-6,674	-1,011
51,800	-6,674	-1,012
51,850	-6,674	-1,012
51,900	-6,674	-1,012
51,950	-6,674	-1,011
52,000	-6,674	-1,012
52,050	-6,674	-1,011
52,100	-6,674	-1,012
52,150	-6,674	-1,011
52,200	-6,674	-1,012
52,250	-6,674	-1,012
52,300	-6,674	-1,012
52,350	-6,674	-1,011
52,400	-6,675	-1,012
52,450	-6,674	-1,012
52,500	-6,674	-1,012
52,550	-6,674	-1,011
52,600	-6,675	-1,012
52,650	-6,674	-1,012
52,700	-6,674	-1,012
52,750	-6,674	-1,011
52,800	-6,674	-1,012
52,850	-6,674	-1,011
52,900	-6,675	-1,012
52,950	-6,674	-1,011
53,000	-6,675	-1,012
53,050	-6,674	-1,011
53,100	-6,675	-1,012
53,150	-6,674	-1,012
53,200	-6,674	-1,012
53,250	-6,663	-1,011
53,300	-6,648	-1,012
53,350	-6,635	-1,011
53,400	-6,629	-1,012
53,450	-6,624	-1,011
53,500	-6,623	-1,011
53,550	-6,616	-1,011
53,600	-6,602	-1,011
53,650	-6,593	-1,011
53,700	-6,590	-1,011
53,750	-6,587	-1,011
53,800	-6,586	-1,011
53,850	-6,578	-1,011
53,900	-6,559	-1,011
53,950	-6,537	-1,010
54,000	-6,519	-1,011
54,050	-6,506	-1,011
54,100	-6,499	-1,011
54,150	-6,484	-1,010
54,200	-6,463	-1,010
54,250	-6,440	-1,010
54,300	-6,419	-1,010
54,350	-6,403	-1,010
54,400	-6,393	-1,010
54,450	-6,380	-1,009
54,500	-6,366	-1,010
54,550	-6,349	-1,009
54,600	-6,320	-1,009
54,650	-6,275	-1,008
54,700	-6,241	-1,009
54,750	-6,223	-1,008
54,800	-6,215	-1,008
54,850	-6,211	-1,008
54,900	-6,209	-1,008
54,950	-6,208	-1,008
55,000	-6,206	-1,008
55,050	-6,198	-1,008
55,100	-6,193	-1,008
55,150	-6,188	-1,008
55,200	-6,178	-1,008
55,250	-6,166	-1,008
55,300	-6,154	-1,008
55,350	-6,142	-1,007
55,400	-6,126	-1,008
55,450	-6,109	-1,007
55,500	-6,093	-1,008
55,550	-6,077	-1,007
55,600	-6,062	-1,007
55,650	-6,050	-1,007
55,700	-6,039	-1,007
55,750	-6,027	-1,006
55,800	-6,012	-1,007
55,850	-6,001	-1,006
55,900	-5,990	-1,007
55,950	-5,977	-1,006
56,000	-5,965	-1,006
56,050	-5,953	-1,006
56,100	-5,938	-1,006
56,150	-5,921	-1,005
56,200	-5,907	-1,006
56,250	-5,895	-1,005
56,300	-5,883	-1,006
56,350	-5,865	-1,005
56,400	-5,846	-1,005
56,450	-5,827	-1,005
56,500	-5,809	-1,005
56,550	-5,792	-1,004
56,600	-5,776	-1,004
56,650	-5,759	-1,004
56,700	-5,750	-1,005
56,750	-5,741	-1,004
56,800	-5,732	-1,005
56,850	-5,726	-1,004
56,900	-5,717	-1,004
56,950	-5,710	-1,004
57,000	-5,707	-1,004
57,050	-5,705	-1,004
57,100	-5,700	-1,004
57,150	-5,692	-1,003
57,200	-5,687	-1,004
57,250	-5,677	-1,003
57,300	-5,672	-1,004
57,350	-5,669	-1,003
57,400	-5,662	-1,004
57,450	-5,655	-1,003
57,500	-5,644	-1,004
57,550	-5,629	-1,003
57,600	-5,620	-1,003
57,650	-5,609	-1,003
57,700	-5,595	-1,003
57,750	-5,580	-1,003
57,800	-5,563	-1,003
57,850	-5,544	-1,002
57,900	-5,527	-1,003
57,950	-5,509	-1,002
58,000	-5,495	-1,003
58,050	-5,480	-1,001
58,100	-5,464	-1,002
58,150	-5,448	-1,001
58,200	-5,432	-1,002
58,250	-5,411	-1,001
58,300	-5,390	-1,001
58,350	-5,370	-1,001
58,400	-5,357	-1,001
58,450	-5,342	-1,000
58,500	-5,322	-1,001
58,550	-5,304	-1,000
58,600	-5,288	-1,000
58,650	-5,273	-1,000
58,700	-5,252	-1,000
58,750	-5,231	-0,999
58,800	-5,213	-0,999
58,850	-5,194	-0,999
58,900	-5,175	-0,999
58,950	-5,160	-0,998
59,000	-5,152	-0,999
59,050	-5,140	-0,998
59,100	-5,127	-0,998
59,150	-5,118	-0,998
59,200	-5,111	-0,999
59,250	-5,092	-0,998
59,300	-5,064	-0,998
59,350	-5,027	-0,997
59,400	-4,988	-0,997
59,450	-4,959	-0,996
59,500	-4,944	-0,997
59,550	-4,930	-0,996
59,600	-4,921	-0,996
59,650	-4,916	-0,996
59,700	-4,907	-0,997
59,750	-4,894	-0,996
59,800	-4,868	-0,996
59,850	-4,831	-0,995
59,900	-4,800	-0,995
59,950	-4,782	-0,994
60,000	-4,767	-0,995
60,050	-4,759	-0,994
60,100	-4,749	-0,995
60,150	-4,738	-0,994
60,200	-4,720	-0,994
60,250	-4,698	-0,994
60,300	-4,677	-0,994
60,350	-4,655	-0,993
60,400	-4,638	-0,994
60,450	-4,619	-0,993
60,500	-4,594	-0,993
60,550	-4,563	-0,992
60,600	-4,535	-0,992
60,650	-4,506	-0,992
60,700	-4,483	-0,992
60,750	-4,463	-0,991
60,800	-4,448	-0,992
60,850	-4,436	-0,990
60,900	-4,417	-0,991
60,950	-4,398	-0,990
61,000	-4,381	-0,991
61,050	-4,363	-0,990
61,100	-4,346	-0,990
61,150	-4,332	-0,989
61,200	-4,317	-0,990
61,250	-4,298	-0,989
61,300	-4,276	-0,989
61,350	-4,241	-0,988
61,400	-4,204	-0,988
61,450	-4,166	-0,987
61,500	-4,132	-0,987
61,550	-4,105	-0,986
61,600	-4,079	-0,987
61,650	-4,056	-0,986
61,700	-4,035	-0,986
61,750	-4,013	-0,985
61,800	-3,994	-0,986
61,850	-3,974	-0,985
61,900	-3,956	-0,985
61,950	-3,937	-0,984
62,000	-3,920	-0,985
62,050	-3,903	-0,984
62,100	-3,890	-0,984
62,150	-3,877	-0,983
62,200	-3,862	-0,984
62,250	-3,845	-0,983
62,300	-3,824	-0,983
62,350	-3,803	-0,982
62,400	-3,783	-0,983
62,450	-3,767	-0,982
62,500	-3,754	-0,982
62,550	-3,742	-0,981
62,600	-3,728	-0,982
62,650	-3,707	-0,981
62,700	-3,686	-0,981
62,750	-3,670	-0,980
62,800	-3,655	-0,981
62,850	-3,640	-0,979
62,900	-3,623	-0,980
62,950	-3,604	-0,979
63,000	-3,585	-0,979
63,050	-3,565	-0,978
63,100	-3,547	-0,979
63,150	-3,528	-0,978
63,200	-3,506	-0,979
63,250	-3,483	-0,977
63,300	-3,462	-0,978
63,350	-3,441	-0,976
63,400	-3,422	-0,977
63,450	-3,405	-0,976
63,500	-3,389	-0,976
63,550	-3,370	-0,975
63,600	-3,345	-0,975
63,650	-3,318	-0,974
63,700	-3,291	-0,975
63,750	-3,265	-0,973
63,800	-3,243	-0,973
63,850	-3,223	-0,972
63,900	-3,206	-0,973
63,950	-3,194	-0,972
64,000	-3,188	-0,973
64,050	-3,179	-0,971
64,100	-3,167	-0,972
64,150	-3,154	-0,971
64,200	-3,142	-0,972
64,250	-3,131	-0,970
64,300	-3,119	-0,972
64,350	-3,104	-0,970
64,400	-3,087	-0,971
64,450	-3,065	-0,969
64,500	-3,042	-0,970
64,550	-3,017	-0,968
64,600	-2,993	-0,969
64,650	-2,974	-0,968
64,700	-2,956	-0,968
64,750	-2,940	-0,967
64,800	-2,920	-0,967
64,850	-2,896	-0,966
64,900	-2,875	-0,966
64,950	-2,857	-0,965
65,000	-2,843	-0,966
65,050	-2,826	-0,964
65,100	-2,809	-0,965
65,150	-2,791	-0,964
65,200	-2,772	-0,964
65,250	-2,749	-0,962
65,300	-2,729	-0,963
65,350	-2,712	-0,962
65,400	-2,694	-0,962
65,450	-2,673	-0,961
65,500	-2,648	-0,961
65,550	-2,620	-0,959
65,600	-2,591	-0,959
65,650	-2,568	-0,958
65,700	-2,552	-0,959
65,750	-2,537	-0,957
65,800	-2,518	-0,958
65,850	-2,495	-0,956
65,900	-2,469	-0,956
65,950	-2,448	-0,955
66,000	-2,427	-0,955
66,050	-2,406	-0,953
66,100	-2,385	-0,954
66,150	-2,362	-0,952
66,200	-2,337	-0,953
66,250	-2,316	-0,951
66,300	-2,299	-0,951
66,350	-2,284	-0,950
66,400	-2,268	-0,951
66,450	-2,251	-0,949
66,500	-2,231	-0,950
66,550	-2,212	-0,948
66,600	-2,192	-0,948
66,650	-2,177	-0,947
66,700	-2,164	-0,947
66,750	-2,151	-0,946
66,800	-2,135	-0,947
66,850	-2,116	-0,945
66,900	-2,096	-0,946
66,950	-2,077	-0,944
67,000	-2,059	-0,944
67,050	-2,040	-0,943
67,100	-2,018	-0,943
67,150	-1,994	-0,941
67,200	-1,972	-0,941
67,250	-1,954	-0,939
67,300	-1,937	-0,940
67,350	-1,916	-0,939
67,400	-1,892	-0,939
67,450	-1,871	-0,937
67,500	-1,859	-0,938
67,550	-1,850	-0,936
67,600	-1,841	-0,937
67,650	-1,831	-0,935
67,700	-1,816	-0,936
67,750	-1,802	-0,934
67,800	-1,790	-0,935
67,850	-1,779	-0,934
67,900	-1,756	-0,934
67,950	-1,719	-0,932
68,000	-1,680	-0,931
68,050	-1,654	-0,929
68,100	-1,643	-0,929
68,150	-1,640	-0,928
68,200	-1,638	-0,929
68,250	-1,632	-0,927
68,300	-1,623	-0,928
68,350	-1,615	-0,927
68,400	-1,601	-0,928
68,450	-1,565	-0,925
68,500	-1,523	-0,924
68,550	-1,496	-0,922
68,600	-1,478	-0,922
68,650	-1,462	-0,920
68,700	-1,452	-0,921
68,750	-1,446	-0,919
68,800	-1,443	-0,920
68,850	-1,432	-0,919
68,900	-1,413	-0,919
68,950	-1,390	-0,917
69,000	-1,367	-0,917
69,050	-1,346	-0,915
69,100	-1,328	-0,915
69,150	-1,315	-0,914
69,200	-1,308	-0,914
69,250	-1,306	-0,913
69,300	-1,307	-0,914
69,350	-1,314	-0,913
69,400	-1,322	-0,914
69,450	-1,331	-0,913
69,500	-1,336	-0,914
69,550	-1,338	-0,913
69,600	-1,339	-0,914
69,650	-1,339	-0,913
69,700	-1,339	-0,915
69,750	-1,339	-0,913
69,800	-1,339	-0,914
69,850	-1,339	-0,913
69,900	-1,339	-0,914
69,950	-1,375	-0,914
70,000	-1,502	-0,917
70,050	-1,599	-0,918
70,100	-1,643	-0,920
70,150	-1,661	-0,920
70,200	-1,669	-0,921
70,250	-1,672	-0,920
70,300	-1,673	-0,921
70,350	-1,673	-0,920
70,400	-1,673	-0,921
70,450	-1,673	-0,920
70,500	-1,673	-0,921
70,550	-1,674	-0,920
70,600	-1,674	-0,921
70,650	-1,674	-0,920
70,700	-1,674	-0,921
70,750	-1,674	-0,920
70,800	-1,674	-0,921
70,850	-1,674	-0,920
70,900	-1,674	-0,921
70,950	-1,674	-0,920
71,000	-1,674	-0,921
71,050	-1,674	-0,920
71,100	-1,674	-0,921
71,150	-1,674	-0,920
71,200	-1,674	-0,921
71,250	-1,674	-0,920
71,300	-1,674	-0,921
71,350	-1,674	-0,920
71,400	-1,674	-0,921
71,450	-1,674	-0,920
71,500	-1,674	-0,921
71,550	-1,674	-0,920
71,600	-1,674	-0,921
71,650	-1,674	-0,920
71,700	-1,674	-0,921
71,750	-1,674	-0,920
71,800	-1,674	-0,921
71,850	-1,674	-0,920
71,900	-1,674	-0,921
71,950	-1,674	-0,920
72,000	-1,674	-0,921
72,050	-1,674	-0,920
72,100	-1,674	-0,921
72,150	-1,674	-0,920
72,200	-1,674	-0,921
72,250	-1,674	-0,920
72,300	-1,674	-0,921
72,350	-1,674	-0,920
72,400	-1,674	-0,921
72,450	-1,674	-0,920
72,500	-1,674	-0,921
72,550	-1,674	-0,920
72,600	-1,674	-0,921
72,650	-1,674	-0,920
72,700	-1,674	-0,921
72,750	-1,674	-0,920
72,800	-1,673	-0,921
72,850	-1,674	-0,920
72,900	-1,674	-0,921
72,950	-1,672	-0,920
73,000	-1,664	-0,921
73,050	-1,654	-0,920
73,100	-1,640	-0,920
73,150	-1,626	-0,919
73,200	-1,599	-0,920
73,250	-1,560	-0,918
73,300	-1,524	-0,919
73,350	-1,497	-0,917
73,400	-1,478	-0,917
73,450	-1,457	-0,916
73,500	-1,429	-0,917
73,550	-1,409	-0,915
73,600	-1,394	-0,916
73,650	-1,382	-0,915
73,700	-1,366	-0,915
73,750	-1,343	-0,914
73,800	-1,322	-0,914
73,850	-1,308	-0,913
73,900	-1,296	-0,913
73,950	-1,284	-0,912
74,000	-1,271	-0,913
74,050	-1,255	-0,911
74,100	-1,240	-0,911
74,150	-1,225	-0,909
74,200	-1,207	-0,910
74,250	-1,187	-0,908
74,300	-1,163	-0,907
74,350	-1,132	-0,905
74,400	-1,093	-0,904
74,450	-1,053	-0,900
74,500	-1,021	-0,900
74,550	-0,999	-0,897
74,600	-0,981	-0,897
74,650	-0,957	-0,895
74,700	-0,924	-0,894
74,750	-0,891	-0,891
74,800	-0,864	-0,890
74,850	-0,845	-0,887
74,900	-0,832	-0,888
74,950	-0,816	-0,886
75,000	-0,790	-0,885
75,050	-0,755	-0,882
75,100	-0,716	-0,880
75,150	-0,679	-0,877
75,200	-0,647	-0,875
75,250	-0,616	-0,872
75,300	-0,582	-0,870
75,350	-0,546	-0,866
75,400	-0,512	-0,865
75,450	-0,482	-0,861
75,500	-0,451	-0,859
75,550	-0,415	-0,855
75,600	-0,370	-0,852
75,650	-0,324	-0,847
75,700	-0,283	-0,843
75,750	-0,255	-0,839
75,800	-0,237	-0,837
75,850	-0,223	-0,835
75,900	-0,206	-0,834
75,950	-0,180	-0,830
76,000	-0,143	-0,827
76,050	-0,098	-0,820
76,100	-0,047	-0,814
76,150	0,004	-0,804
76,200	0,047	-0,797
76,250	0,078	-0,789
76,300	0,096	-0,786
76,350	0,104	-0,782
76,400	0,103	-0,782
76,450	0,098	-0,780
76,500	0,090	-0,781
76,550	0,084	-0,780
76,600	0,080	-0,781
76,650	0,078	-0,780
76,700	0,078	-0,781
76,750	0,078	-0,780
76,800	0,078	-0,781
76,850	0,078	-0,780
76,900	0,078	-0,781
76,950	0,078	-0,780
77,000	0,078	-0,781
77,050	0,078	-0,780
77,100	0,078	-0,781
77,150	0,078	-0,780
77,200	0,078	-0,782
77,250	0,078	-0,780
77,300	0,078	-0,781
77,350	0,078	-0,780
77,400	0,078	-0,781
77,450	0,078	-0,780
77,500	0,078	-0,781
77,550	0,078	-0,780
77,600	0,078	-0,781
77,650	0,078	-0,780
77,700	0,078	-0,781
77,750	0,078	-0,780
77,800	0,078	-0,782
77,850	0,079	-0,780
77,900	0,078	-0,781
77,950	0,078	-0,780
78,000	0,078	-0,781
78,050	0,078	-0,781
78,100	0,079	-0,781
78,150	0,078	-0,780
78,200	0,078	-0,781
78,250	0,078	-0,780
78,300	0,079	-0,781
78,350	0,078	-0,781
78,400	0,078	-0,781
78,450	0,078	-0,780
78,500	0,079	-0,781
78,550	0,079	-0,780
78,600	0,078	-0,782
78,650	0,066	-0,781
78,700	-0,043	-0,786
78,750	-0,088	-0,787
78,800	-0,090	-0,788
78,850	-0,084	-0,787
78,900	-0,079	-0,788
78,950	-0,076	-0,786
79,000	-0,076	-0,787
79,050	-0,075	-0,787
79,100	-0,075	-0,788
79,150	-0,075	-0,787
79,200	-0,075	-0,788
79,250	-0,075	-0,787
79,300	-0,075	-0,788
79,350	-0,076	-0,787
79,400	-0,075	-0,788
79,450	-0,075	-0,787
79,500	-0,075	-0,788
79,550	-0,075	-0,787
79,600	-0,075	-0,787
79,650	-0,075	-0,787
79,700	-0,076	-0,788
79,750	-0,075	-0,787
79,800	-0,075	-0,788
79,850	-0,075	-0,786
79,900	-0,075	-0,788
79,950	-0,076	-0,787
80,000	-0,075	-0,787
80,050	-0,076	-0,787
80,100	-0,076	-0,788
80,150	-0,075	-0,787
80,200	-0,075	-0,788
80,250	-0,076	-0,787
80,300	-0,075	-0,787
80,350	-0,076	-0,787
80,400	-0,076	-0,788
80,450	-0,075	-0,787
80,500	-0,075	-0,788
80,550	-0,075	-0,787
80,600	-0,076	-0,788
80,650	-0,076	-0,787
80,700	-0,076	-0,788
80,750	-0,076	-0,787
80,800	-0,075	-0,788
80,850	-0,076	-0,787
80,900	-0,075	-0,788
80,950	-0,076	-0,787
81,000	-0,075	-0,788
81,050	-0,075	-0,787
81,100	-0,075	-0,788
81,150	-0,072	-0,787
81,200	-0,064	-0,788
81,250	-0,048	-0,786
81,300	-0,030	-0,786
81,350	-0,014	-0,785
81,400	-0,002	-0,785
81,450	0,013	-0,784
81,500	0,029	-0,785
81,550	0,047	-0,783
81,600	0,067	-0,783
81,650	0,093	-0,781
81,700	0,113	-0,780
81,750	0,129	-0,777
81,800	0,147	-0,773
81,850	0,167	-0,767
81,900	0,190	-0,761
81,950	0,214	-0,750
82,000	0,236	-0,740
82,050	0,254	-0,723
82,100	0,265	-0,703
82,150	0,275	-0,675
82,200	0,285	-0,641
82,250	0,298	-0,597
82,300	0,317	-0,547
82,350	0,344	-0,489
82,400	0,392	-0,427
82,450	0,487	-0,361
82,500	0,634	-0,301
82,550	0,821	-0,254
82,600	0,962	-0,229
82,650	0,951	-0,224
82,700	0,812	-0,229
82,750	0,703	-0,233
82,800	0,652	-0,235
82,850	0,638	-0,236
82,900	0,637	-0,237
82,950	0,645	-0,236
83,000	0,655	-0,236
83,050	0,671	-0,235
83,100	0,685	-0,236
83,150	0,697	-0,234
83,200	0,706	-0,235
83,250	0,711	-0,234
83,300	0,720	-0,235
83,350	0,731	-0,234
83,400	0,745	-0,234
83,450	0,759	-0,232
83,500	0,772	-0,233
83,550	0,779	-0,232
83,600	0,787	-0,233
83,650	0,796	-0,231
83,700	0,806	-0,232
83,750	0,818	-0,231
83,800	0,830	-0,231
83,850	0,843	-0,230
83,900	0,855	-0,230
83,950	0,863	-0,229
84,000	0,868	-0,230
84,050	0,876	-0,229
84,100	0,886	-0,229
84,150	0,898	-0,228
84,200	0,911	-0,228
84,250	0,921	-0,227
84,300	0,931	-0,228
84,350	0,942	-0,226
84,400	0,953	-0,226
84,450	0,964	-0,225
84,500	0,976	-0,225
84,550	0,988	-0,224
84,600	1,004	-0,223
84,650	1,023	-0,220
84,700	1,044	-0,219
84,750	1,066	-0,215
84,800	1,087	-0,213
84,850	1,107	-0,210
84,900	1,125	-0,209
84,950	1,144	-0,206
85,000	1,162	-0,205
85,050	1,180	-0,202
85,100	1,200	-0,201
85,150	1,218	-0,198
85,200	1,235	-0,197
85,250	1,252	-0,195
85,300	1,272	-0,193
85,350	1,294	-0,191
85,400	1,314	-0,189
85,450	1,330	-0,187
85,500	1,342	-0,187
85,550	1,352	-0,185
85,600	1,363	-0,185
85,650	1,378	-0,183
85,700	1,395	-0,182
85,750	1,414	-0,180
85,800	1,432	-0,179
85,850	1,449	-0,177
85,900	1,465	-0,176
85,950	1,481	-0,174
86,000	1,495	-0,174
86,050	1,508	-0,172
86,100	1,520	-0,172
86,150	1,536	-0,170
86,200	1,556	-0,169
86,250	1,579	-0,167
86,300	1,604	-0,166
86,350	1,629	-0,163
86,400	1,650	-0,162
86,450	1,668	-0,160
86,500	1,683	-0,160
86,550	1,697	-0,158
86,600	1,711	-0,158
86,650	1,725	-0,156
86,700	1,739	-0,156
86,750	1,754	-0,155
86,800	1,769	-0,154
86,850	1,784	-0,152
86,900	1,796	-0,152
86,950	1,810	-0,151
87,000	1,826	-0,151
87,050	1,844	-0,149
87,100	1,863	-0,148
87,150	1,885	-0,147
87,200	1,910	-0,145
87,250	1,934	-0,144
87,300	1,957	-0,143
87,350	1,974	-0,141
87,400	1,992	-0,141
87,450	2,011	-0,139
87,500	2,032	-0,138
87,550	2,056	-0,137
87,600	2,081	-0,136
87,650	2,105	-0,134
87,700	2,131	-0,133
87,750	2,159	-0,131
87,800	2,191	-0,130
87,850	2,223	-0,128
87,900	2,254	-0,127
87,950	2,283	-0,125
88,000	2,314	-0,124
88,050	2,349	-0,122
88,100	2,390	-0,120
88,150	2,440	-0,118
88,200	2,500	-0,116
88,250	2,569	-0,112
88,300	2,650	-0,109
88,350	2,729	-0,106
88,400	2,788	-0,104
88,450	2,826	-0,102
88,500	2,858	-0,101
88,550	2,891	-0,099
88,600	2,923	-0,099
88,650	2,960	-0,097
88,700	3,004	-0,096
88,750	3,058	-0,094
88,800	3,119	-0,092
88,850	3,176	-0,090
88,900	3,229	-0,089
88,950	3,276	-0,087
89,000	3,308	-0,086
89,050	3,327	-0,085
89,100	3,336	-0,085
89,150	3,339	-0,085
89,200	3,341	-0,085
89,250	3,353	-0,084
89,300	3,374	-0,084
89,350	3,394	-0,083
89,400	3,405	-0,083
89,450	3,409	-0,082
89,500	3,410	-0,083
89,550	3,411	-0,082
89,600	3,411	-0,083
89,650	3,411	-0,082
89,700	3,412	-0,083
89,750	3,411	-0,082
89,800	3,411	-0,083
89,850	3,412	-0,082
89,900	3,411	-0,083
89,950	3,411	-0,082
90,000	3,411	-0,082
90,050	3,411	-0,082
90,100	3,411	-0,083
90,150	3,412	-0,082
90,200	3,411	-0,083
90,250	3,412	-0,082
90,300	3,412	-0,083
90,350	3,412	-0,082
90,400	3,412	-0,083
90,450	3,412	-0,082
90,500	3,412	-0,083
90,550	3,418	-0,082
90,600	3,441	-0,082
90,650	3,474	-0,081
90,700	3,508	-0,081
90,750	3,541	-0,079
90,800	3,580	-0,079
90,850	3,638	-0,076
90,900	3,697	-0,076
90,950	3,732	-0,074
91,000	3,754	-0,074
91,050	3,773	-0,073
91,100	3,800	-0,072
91,150	3,840	-0,071
91,200	3,872	-0,071
91,250	3,897	-0,070
91,300	3,915	-0,070
91,350	3,926	-0,069
91,400	3,937	-0,069
91,450	3,943	-0,069
91,500	3,950	-0,069
91,550	3,959	-0,068
91,600	3,974	-0,068
91,650	3,996	-0,068
91,700	4,017	-0,068
91,750	4,033	-0,067
91,800	4,044	-0,067
91,850	4,054	-0,066
91,900	4,074	-0,066
91,950	4,121	-0,065
92,000	4,173	-0,064
92,050	4,206	-0,063
92,100	4,221	-0,063
92,150	4,228	-0,063
92,200	4,237	-0,063
92,250	4,253	-0,062
92,300	4,274	-0,062
92,350	4,290	-0,061
92,400	4,298	-0,061
92,450	4,302	-0,061
92,500	4,312	-0,061
92,550	4,333	-0,060
92,600	4,353	-0,060
92,650	4,366	-0,060
92,700	4,371	-0,060
92,750	4,374	-0,059
92,800	4,378	-0,060
92,850	4,401	-0,059
92,900	4,433	-0,059
92,950	4,460	-0,058
93,000	4,483	-0,058
93,050	4,503	-0,057
93,100	4,520	-0,057
93,150	4,537	-0,057
93,200	4,558	-0,057
93,250	4,591	-0,056
93,300	4,633	-0,055
93,350	4,671	-0,054
93,400	4,696	-0,054
93,450	4,720	-0,054
93,500	4,751	-0,053
93,550	4,785	-0,052
93,600	4,828	-0,052
93,650	4,878	-0,051
93,700	4,925	-0,050
93,750	4,968	-0,049
93,800	5,003	-0,049
93,850	5,020	-0,048
93,900	5,028	-0,048
93,950	5,025	-0,048
94,000	5,020	-0,048
94,050	5,018	-0,048
94,100	5,017	-0,049
94,150	5,017	-0,048
94,200	5,017	-0,049
94,250	5,017	-0,048
94,300	5,017	-0,048
94,350	5,018	-0,048
94,400	5,024	-0,049
94,450	5,030	-0,048
94,500	5,045	-0,048
94,550	5,072	-0,048
94,600	5,092	-0,047
94,650	5,107	-0,047
94,700	5,130	-0,047
94,750	5,169	-0,046
94,800	5,210	-0,046
94,850	5,233	-0,045
94,900	5,243	-0,045
94,950	5,254	-0,045
95,000	5,270	-0,045
95,050	5,298	-0,044
95,100	5,334	-0,044
95,150	5,358	-0,043
95,200	5,370	-0,044
95,250	5,383	-0,043
95,300	5,393	-0,043
95,350	5,408	-0,042
95,400	5,435	-0,043
95,450	5,466	-0,042
95,500	5,494	-0,042
95,550	5,509	-0,041
95,600	5,520	-0,041
95,650	5,536	-0,041
95,700	5,566	-0,041
95,750	5,611	-0,039
95,800	5,647	-0,040
95,850	5,667	-0,039
95,900	5,675	-0,039
95,950	5,680	-0,039
96,000	5,693	-0,039
96,050	5,721	-0,038
96,100	5,757	-0,038
96,150	5,785	-0,037
96,200	5,806	-0,038
96,250	5,817	-0,037
96,300	5,826	-0,037
96,350	5,840	-0,037
96,400	5,861	-0,037
96,450	5,889	-0,036
96,500	5,919	-0,036
96,550	5,945	-0,035
96,600	5,958	-0,036
96,650	5,969	-0,035
96,700	5,987	-0,035
96,750	6,016	-0,035
96,800	6,051	-0,035
96,850	6,075	-0,034
96,900	6,095	-0,034
96,950	6,122	-0,033
97,000	6,146	-0,033
97,050	6,163	-0,033
97,100	6,176	-0,033
97,150	6,183	-0,032
97,200	6,198	-0,033
97,250	6,217	-0,032
97,300	6,232	-0,033
97,350	6,246	-0,032
97,400	6,258	-0,032
97,450	6,275	-0,032
97,500	6,294	-0,032
97,550	6,310	-0,031
97,600	6,329	-0,031
97,650	6,347	-0,031
97,700	6,365	-0,031
97,750	6,388	-0,030
97,800	6,408	-0,031
97,850	6,428	-0,030
97,900	6,450	-0,030
97,950	6,477	-0,029
98,000	6,495	-0,029
98,050	6,504	-0,029
98,100	6,508	-0,029
98,150	6,510	-0,029
98,200	6,512	-0,029
98,250	6,513	-0,029
98,300	6,514	-0,029
98,350	6,514	-0,029
98,400	6,514	-0,029
98,450	6,514	-0,029
98,500	6,514	-0,029
98,550	6,514	-0,029
98,600	6,514	-0,029
98,650	6,514	-0,029
98,700	6,516	-0,029
98,750	6,528	-0,029
98,800	6,543	-0,029
98,850	6,568	-0,028
98,900	6,600	-0,029
98,950	6,628	-0,028
99,000	6,649	-0,028
99,050	6,680	-0,027
99,100	6,722	-0,027
99,150	6,754	-0,026
99,200	6,769	-0,026
99,250	6,776	-0,026
99,300	6,780	-0,026
99,350	6,793	-0,026
99,400	6,817	-0,026
99,450	6,843	-0,025
99,500	6,859	-0,026
99,550	6,866	-0,025
99,600	6,869	-0,026
99,650	6,870	-0,025
99,700	6,871	-0,025
99,750	6,871	-0,025
99,800	6,872	-0,026
99,850	6,872	-0,025
99,900	6,872	-0,025
99,950	6,872	-0,025
100,000	6,873	-0,025
100,050	6,872	-0,025
100,100	6,873	-0,025
100,150	6,873	-0,025
100,200	6,873	-0,025
100,250	6,873	-0,025
100,300	6,873	-0,026
100,350	6,873	-0,025
100,400	6,873	-0,025
100,450	6,873	-0,025
100,500	6,873	-0,026
100,550	6,873	-0,025
100,600	6,873	-0,025
100,650	6,874	-0,025
100,700	6,873	-0,026
100,750	6,874	-0,025
100,800	6,874	-0,025
100,850	6,873	-0,025
100,900	6,873	-0,026
100,950	6,874	-0,025
101,000	6,873	-0,026
101,050	6,874	-0,025
101,100	6,873	-0,026
101,150	6,874	-0,025
101,200	6,874	-0,025
101,250	6,874	-0,025
