Zeit (s) Messreihe #6	Spannung, Ch A (V) Messreihe #6	Spannung, Ch B (V) Messreihe #6
0,000	0,465	0,133
0,050	0,465	0,134
0,100	0,465	0,133
0,150	0,465	0,134
0,200	0,465	0,133
0,250	0,465	0,134
0,300	0,465	0,133
0,350	0,465	0,134
0,400	0,465	0,133
0,450	0,465	0,134
0,500	0,465	0,133
0,550	0,465	0,134
0,600	0,465	0,133
0,650	0,465	0,134
0,700	0,464	0,133
0,750	0,463	0,134
0,800	0,459	0,133
0,850	0,451	0,133
0,900	0,448	0,133
0,950	0,444	0,133
1,000	0,444	0,133
1,050	0,444	0,133
1,100	0,444	0,133
1,150	0,444	0,134
1,200	0,444	0,133
1,250	0,444	0,134
1,300	0,445	0,133
1,350	0,444	0,134
1,400	0,444	0,133
1,450	0,444	0,133
1,500	0,444	0,133
1,550	0,444	0,134
1,600	0,444	0,133
1,650	0,444	0,134
1,700	0,444	0,133
1,750	0,445	0,134
1,800	0,444	0,133
1,850	0,445	0,134
1,900	0,444	0,133
1,950	0,444	0,133
2,000	0,444	0,133
2,050	0,444	0,134
2,100	0,445	0,133
2,150	0,444	0,134
2,200	0,444	0,133
2,250	0,445	0,134
2,300	0,444	0,133
2,350	0,444	0,133
2,400	0,444	0,133
2,450	0,444	0,133
2,500	0,445	0,133
2,550	0,444	0,134
2,600	0,444	0,133
2,650	0,444	0,133
2,700	0,444	0,132
2,750	0,444	0,134
2,800	0,444	0,133
2,850	0,444	0,134
2,900	0,443	0,133
2,950	0,439	0,133
3,000	0,438	0,132
3,050	0,438	0,133
3,100	0,437	0,132
3,150	0,438	0,134
3,200	0,437	0,132
3,250	0,437	0,133
3,300	0,437	0,132
3,350	0,437	0,133
3,400	0,437	0,133
3,450	0,436	0,133
3,500	0,434	0,132
3,550	0,432	0,133
3,600	0,430	0,132
3,650	0,430	0,134
3,700	0,430	0,133
3,750	0,429	0,133
3,800	0,429	0,133
3,850	0,429	0,133
3,900	0,429	0,133
3,950	0,429	0,133
4,000	0,429	0,132
4,050	0,429	0,134
4,100	0,429	0,132
4,150	0,428	0,133
4,200	0,428	0,132
4,250	0,428	0,133
4,300	0,428	0,132
4,350	0,429	0,133
4,400	0,428	0,132
4,450	0,429	0,134
4,500	0,429	0,133
4,550	0,429	0,134
4,600	0,428	0,132
4,650	0,429	0,134
4,700	0,428	0,132
4,750	0,427	0,134
4,800	0,427	0,133
4,850	0,426	0,133
4,900	0,426	0,132
4,950	0,426	0,134
5,000	0,426	0,133
5,050	0,426	0,133
5,100	0,425	0,133
5,150	0,424	0,133
5,200	0,424	0,132
5,250	0,424	0,133
5,300	0,424	0,132
5,350	0,424	0,134
5,400	0,424	0,133
5,450	0,424	0,134
5,500	0,424	0,133
5,550	0,424	0,133
5,600	0,423	0,132
5,650	0,423	0,134
5,700	0,422	0,132
5,750	0,422	0,133
5,800	0,422	0,132
5,850	0,422	0,134
5,900	0,422	0,132
5,950	0,422	0,134
6,000	0,421	0,132
6,050	0,421	0,133
6,100	0,421	0,132
6,150	0,421	0,134
6,200	0,421	0,132
6,250	0,421	0,133
6,300	0,421	0,132
6,350	0,421	0,133
6,400	0,421	0,133
6,450	0,420	0,133
6,500	0,421	0,133
6,550	0,420	0,134
6,600	0,420	0,133
6,650	0,420	0,133
6,700	0,419	0,132
6,750	0,419	0,134
6,800	0,419	0,133
6,850	0,419	0,134
6,900	0,419	0,133
6,950	0,419	0,133
7,000	0,418	0,132
7,050	0,418	0,133
7,100	0,418	0,132
7,150	0,418	0,133
7,200	0,418	0,132
7,250	0,418	0,133
7,300	0,418	0,132
7,350	0,418	0,134
7,400	0,418	0,132
7,450	0,418	0,133
7,500	0,418	0,132
7,550	0,418	0,134
7,600	0,418	0,132
7,650	0,418	0,133
7,700	0,418	0,132
7,750	0,418	0,133
7,800	0,418	0,132
7,850	0,418	0,133
7,900	0,417	0,132
7,950	0,417	0,133
8,000	0,417	0,132
8,050	0,417	0,133
8,100	0,417	0,132
8,150	0,416	0,133
8,200	0,415	0,132
8,250	0,415	0,133
8,300	0,414	0,133
8,350	0,414	0,134
8,400	0,413	0,132
8,450	0,413	0,133
8,500	0,413	0,133
8,550	0,413	0,134
8,600	0,413	0,132
8,650	0,413	0,134
8,700	0,413	0,132
8,750	0,413	0,134
8,800	0,413	0,132
8,850	0,413	0,134
8,900	0,413	0,133
8,950	0,413	0,133
9,000	0,412	0,132
9,050	0,413	0,133
9,100	0,413	0,132
9,150	0,412	0,134
9,200	0,411	0,132
9,250	0,411	0,133
9,300	0,411	0,132
9,350	0,411	0,133
9,400	0,411	0,132
9,450	0,411	0,134
9,500	0,411	0,132
9,550	0,411	0,134
9,600	0,411	0,132
9,650	0,411	0,133
9,700	0,411	0,132
9,750	0,411	0,133
9,800	0,411	0,132
9,850	0,410	0,133
9,900	0,409	0,132
9,950	0,409	0,133
10,000	0,409	0,132
10,050	0,409	0,133
10,100	0,409	0,132
10,150	0,409	0,133
10,200	0,409	0,133
10,250	0,409	0,133
10,300	0,408	0,132
10,350	0,409	0,133
10,400	0,409	0,132
10,450	0,409	0,134
10,500	0,409	0,132
10,550	0,408	0,133
10,600	0,408	0,132
10,650	0,408	0,133
10,700	0,407	0,132
10,750	0,406	0,133
10,800	0,406	0,132
10,850	0,406	0,134
10,900	0,405	0,132
10,950	0,405	0,133
11,000	0,404	0,132
11,050	0,403	0,133
11,100	0,403	0,132
11,150	0,402	0,133
11,200	0,402	0,132
11,250	0,402	0,133
11,300	0,402	0,132
11,350	0,402	0,134
11,400	0,402	0,132
11,450	0,401	0,133
11,500	0,402	0,132
11,550	0,401	0,133
11,600	0,401	0,132
11,650	0,401	0,133
11,700	0,401	0,132
11,750	0,401	0,133
11,800	0,401	0,132
11,850	0,401	0,133
11,900	0,401	0,132
11,950	0,401	0,133
12,000	0,401	0,132
12,050	0,401	0,133
12,100	0,401	0,132
12,150	0,401	0,133
12,200	0,401	0,132
12,250	0,401	0,133
12,300	0,401	0,132
12,350	0,401	0,133
12,400	0,401	0,132
12,450	0,401	0,133
12,500	0,401	0,132
12,550	0,401	0,133
12,600	0,400	0,132
12,650	0,400	0,133
12,700	0,399	0,132
12,750	0,399	0,133
12,800	0,399	0,132
12,850	0,399	0,133
12,900	0,399	0,132
12,950	0,399	0,133
13,000	0,398	0,132
13,050	0,398	0,133
13,100	0,398	0,132
13,150	0,398	0,133
13,200	0,399	0,132
13,250	0,398	0,133
13,300	0,398	0,132
13,350	0,398	0,133
13,400	0,398	0,132
13,450	0,398	0,133
13,500	0,398	0,132
13,550	0,398	0,133
13,600	0,398	0,132
13,650	0,398	0,133
13,700	0,398	0,132
13,750	0,398	0,133
13,800	0,396	0,132
13,850	0,396	0,133
13,900	0,396	0,132
13,950	0,395	0,133
14,000	0,394	0,132
14,050	0,394	0,133
14,100	0,394	0,132
14,150	0,392	0,133
14,200	0,392	0,132
14,250	0,389	0,133
14,300	0,389	0,132
14,350	0,388	0,133
14,400	0,388	0,132
14,450	0,388	0,133
14,500	0,387	0,132
14,550	0,387	0,133
14,600	0,387	0,132
14,650	0,387	0,133
14,700	0,387	0,132
14,750	0,387	0,133
14,800	0,387	0,132
14,850	0,387	0,133
14,900	0,387	0,132
14,950	0,387	0,133
15,000	0,387	0,132
15,050	0,386	0,133
15,100	0,384	0,132
15,150	0,383	0,133
15,200	0,383	0,132
15,250	0,383	0,133
15,300	0,383	0,132
15,350	0,383	0,133
15,400	0,383	0,132
15,450	0,383	0,133
15,500	0,383	0,132
15,550	0,383	0,133
15,600	0,383	0,132
15,650	0,382	0,133
15,700	0,381	0,132
15,750	0,378	0,133
15,800	0,378	0,132
15,850	0,378	0,133
15,900	0,378	0,132
15,950	0,378	0,133
16,000	0,377	0,132
16,050	0,376	0,133
16,100	0,376	0,132
16,150	0,376	0,133
16,200	0,376	0,132
16,250	0,376	0,133
16,300	0,376	0,132
16,350	0,376	0,133
16,400	0,375	0,132
16,450	0,375	0,133
16,500	0,375	0,132
16,550	0,374	0,133
16,600	0,374	0,132
16,650	0,374	0,133
16,700	0,374	0,132
16,750	0,373	0,133
16,800	0,373	0,132
16,850	0,372	0,133
16,900	0,372	0,132
16,950	0,372	0,133
17,000	0,373	0,132
17,050	0,372	0,133
17,100	0,372	0,132
17,150	0,372	0,133
17,200	0,372	0,132
17,250	0,371	0,133
17,300	0,371	0,132
17,350	0,371	0,133
17,400	0,370	0,132
17,450	0,369	0,133
17,500	0,369	0,132
17,550	0,368	0,133
17,600	0,368	0,132
17,650	0,368	0,133
17,700	0,367	0,132
17,750	0,367	0,133
17,800	0,365	0,132
17,850	0,364	0,133
17,900	0,363	0,132
17,950	0,362	0,133
18,000	0,362	0,132
18,050	0,361	0,133
18,100	0,360	0,132
18,150	0,360	0,133
18,200	0,360	0,132
18,250	0,360	0,133
18,300	0,359	0,131
18,350	0,359	0,133
18,400	0,359	0,132
18,450	0,357	0,133
18,500	0,357	0,132
18,550	0,357	0,133
18,600	0,356	0,132
18,650	0,353	0,133
18,700	0,353	0,132
18,750	0,352	0,133
18,800	0,352	0,132
18,850	0,352	0,133
18,900	0,351	0,131
18,950	0,351	0,133
19,000	0,351	0,132
19,050	0,351	0,133
19,100	0,350	0,131
19,150	0,350	0,133
19,200	0,350	0,131
19,250	0,349	0,132
19,300	0,350	0,132
19,350	0,349	0,133
19,400	0,349	0,131
19,450	0,348	0,133
19,500	0,348	0,131
19,550	0,348	0,133
19,600	0,348	0,132
19,650	0,347	0,132
19,700	0,347	0,131
19,750	0,347	0,133
19,800	0,346	0,131
19,850	0,345	0,133
19,900	0,344	0,131
19,950	0,343	0,133
20,000	0,342	0,131
20,050	0,342	0,133
20,100	0,342	0,131
20,150	0,342	0,133
20,200	0,342	0,131
20,250	0,341	0,133
20,300	0,341	0,131
20,350	0,340	0,133
20,400	0,338	0,131
20,450	0,337	0,132
20,500	0,336	0,131
20,550	0,335	0,132
20,600	0,335	0,131
20,650	0,335	0,132
20,700	0,335	0,131
20,750	0,335	0,133
20,800	0,334	0,131
20,850	0,332	0,132
20,900	0,331	0,131
20,950	0,330	0,132
21,000	0,330	0,131
21,050	0,330	0,132
21,100	0,330	0,131
21,150	0,329	0,132
21,200	0,328	0,131
21,250	0,327	0,132
21,300	0,327	0,131
21,350	0,326	0,132
21,400	0,326	0,131
21,450	0,325	0,132
21,500	0,325	0,131
21,550	0,324	0,132
21,600	0,324	0,131
21,650	0,323	0,132
21,700	0,323	0,131
21,750	0,323	0,132
21,800	0,323	0,131
21,850	0,321	0,132
21,900	0,321	0,131
21,950	0,321	0,132
22,000	0,321	0,131
22,050	0,320	0,132
22,100	0,320	0,131
22,150	0,319	0,132
22,200	0,319	0,131
22,250	0,318	0,132
22,300	0,317	0,131
22,350	0,317	0,132
22,400	0,317	0,131
22,450	0,316	0,132
22,500	0,316	0,131
22,550	0,315	0,132
22,600	0,315	0,131
22,650	0,315	0,132
22,700	0,314	0,131
22,750	0,313	0,132
22,800	0,310	0,130
22,850	0,308	0,132
22,900	0,307	0,131
22,950	0,306	0,132
23,000	0,304	0,130
23,050	0,303	0,132
23,100	0,302	0,130
23,150	0,302	0,131
23,200	0,302	0,130
23,250	0,301	0,131
23,300	0,301	0,130
23,350	0,300	0,132
23,400	0,299	0,130
23,450	0,296	0,131
23,500	0,294	0,130
23,550	0,294	0,131
23,600	0,294	0,131
23,650	0,294	0,131
23,700	0,293	0,130
23,750	0,292	0,131
23,800	0,291	0,130
23,850	0,288	0,131
23,900	0,287	0,130
23,950	0,287	0,131
24,000	0,287	0,130
24,050	0,286	0,131
24,100	0,286	0,130
24,150	0,284	0,131
24,200	0,284	0,130
24,250	0,283	0,131
24,300	0,283	0,130
24,350	0,283	0,131
24,400	0,282	0,130
24,450	0,282	0,131
24,500	0,281	0,130
24,550	0,281	0,131
24,600	0,280	0,130
24,650	0,279	0,131
24,700	0,279	0,130
24,750	0,278	0,131
24,800	0,278	0,130
24,850	0,276	0,131
24,900	0,274	0,129
24,950	0,272	0,130
25,000	0,271	0,129
25,050	0,271	0,131
25,100	0,270	0,129
25,150	0,269	0,130
25,200	0,268	0,129
25,250	0,268	0,130
25,300	0,268	0,129
25,350	0,267	0,130
25,400	0,267	0,129
25,450	0,265	0,130
25,500	0,264	0,129
25,550	0,263	0,130
25,600	0,263	0,129
25,650	0,262	0,130
25,700	0,262	0,129
25,750	0,261	0,130
25,800	0,260	0,129
25,850	0,260	0,130
25,900	0,258	0,128
25,950	0,258	0,130
26,000	0,257	0,128
26,050	0,258	0,130
26,100	0,257	0,128
26,150	0,257	0,130
26,200	0,256	0,128
26,250	0,256	0,130
26,300	0,256	0,128
26,350	0,256	0,130
26,400	0,256	0,128
26,450	0,254	0,129
26,500	0,254	0,128
26,550	0,253	0,129
26,600	0,253	0,128
26,650	0,253	0,129
26,700	0,253	0,128
26,750	0,253	0,129
26,800	0,253	0,128
26,850	0,252	0,129
26,900	0,252	0,128
26,950	0,252	0,129
27,000	0,252	0,128
27,050	0,252	0,129
27,100	0,252	0,128
27,150	0,251	0,129
27,200	0,251	0,128
27,250	0,251	0,129
27,300	0,251	0,128
27,350	0,251	0,129
27,400	0,251	0,128
27,450	0,250	0,129
27,500	0,249	0,128
27,550	0,249	0,129
27,600	0,250	0,128
27,650	0,250	0,129
27,700	0,249	0,128
27,750	0,249	0,129
27,800	0,249	0,128
27,850	0,249	0,129
27,900	0,248	0,128
27,950	0,247	0,129
28,000	0,247	0,128
28,050	0,246	0,129
28,100	0,245	0,128
28,150	0,243	0,129
28,200	0,239	0,127
28,250	0,237	0,128
28,300	0,237	0,127
28,350	0,237	0,128
28,400	0,237	0,127
28,450	0,237	0,128
28,500	0,237	0,127
28,550	0,237	0,128
28,600	0,237	0,127
28,650	0,237	0,128
28,700	0,236	0,127
28,750	0,236	0,128
28,800	0,235	0,127
28,850	0,234	0,128
28,900	0,234	0,127
28,950	0,233	0,128
29,000	0,231	0,126
29,050	0,231	0,128
29,100	0,231	0,126
29,150	0,230	0,128
29,200	0,230	0,126
29,250	0,230	0,128
29,300	0,230	0,126
29,350	0,230	0,128
29,400	0,229	0,126
29,450	0,229	0,128
29,500	0,229	0,126
29,550	0,228	0,128
29,600	0,227	0,126
29,650	0,227	0,127
29,700	0,227	0,126
29,750	0,227	0,127
29,800	0,227	0,126
29,850	0,227	0,127
29,900	0,227	0,126
29,950	0,227	0,127
30,000	0,226	0,126
30,050	0,226	0,127
30,100	0,225	0,126
30,150	0,224	0,127
30,200	0,224	0,126
30,250	0,222	0,127
30,300	0,220	0,125
30,350	0,219	0,127
30,400	0,219	0,125
30,450	0,218	0,126
30,500	0,218	0,125
30,550	0,218	0,126
30,600	0,217	0,125
30,650	0,215	0,126
30,700	0,214	0,125
30,750	0,213	0,126
30,800	0,213	0,125
30,850	0,213	0,126
30,900	0,212	0,125
30,950	0,211	0,126
31,000	0,211	0,125
31,050	0,210	0,126
31,100	0,210	0,125
31,150	0,210	0,126
31,200	0,210	0,125
31,250	0,210	0,126
31,300	0,209	0,124
31,350	0,209	0,125
31,400	0,210	0,125
31,450	0,210	0,126
31,500	0,209	0,125
31,550	0,208	0,125
31,600	0,207	0,124
31,650	0,207	0,126
31,700	0,207	0,124
31,750	0,206	0,125
31,800	0,207	0,124
31,850	0,206	0,125
31,900	0,207	0,124
31,950	0,206	0,125
32,000	0,206	0,124
32,050	0,205	0,125
32,100	0,203	0,124
32,150	0,203	0,125
32,200	0,202	0,124
32,250	0,202	0,125
32,300	0,202	0,124
32,350	0,202	0,125
32,400	0,202	0,124
32,450	0,202	0,125
32,500	0,202	0,124
32,550	0,202	0,125
32,600	0,201	0,124
32,650	0,201	0,125
32,700	0,201	0,123
32,750	0,200	0,125
32,800	0,200	0,123
32,850	0,199	0,125
32,900	0,198	0,123
32,950	0,197	0,124
33,000	0,196	0,123
33,050	0,196	0,125
33,100	0,196	0,123
33,150	0,195	0,124
33,200	0,195	0,123
33,250	0,194	0,124
33,300	0,193	0,122
33,350	0,192	0,123
33,400	0,192	0,123
33,450	0,191	0,124
33,500	0,191	0,123
33,550	0,190	0,124
33,600	0,189	0,122
33,650	0,188	0,123
33,700	0,187	0,122
33,750	0,187	0,123
33,800	0,187	0,122
33,850	0,187	0,123
33,900	0,187	0,122
33,950	0,187	0,123
34,000	0,187	0,122
34,050	0,186	0,123
34,100	0,186	0,122
34,150	0,186	0,123
34,200	0,186	0,122
34,250	0,185	0,123
34,300	0,183	0,122
34,350	0,182	0,122
34,400	0,182	0,121
34,450	0,181	0,122
34,500	0,181	0,121
34,550	0,180	0,122
34,600	0,179	0,121
34,650	0,178	0,122
34,700	0,177	0,120
34,750	0,177	0,122
34,800	0,176	0,121
34,850	0,176	0,122
34,900	0,176	0,120
34,950	0,175	0,122
35,000	0,173	0,120
35,050	0,173	0,121
35,100	0,173	0,120
35,150	0,172	0,121
35,200	0,172	0,120
35,250	0,171	0,121
35,300	0,171	0,120
35,350	0,170	0,121
35,400	0,170	0,120
35,450	0,169	0,121
35,500	0,169	0,119
35,550	0,169	0,121
35,600	0,169	0,119
35,650	0,168	0,121
35,700	0,168	0,119
35,750	0,168	0,120
35,800	0,168	0,119
35,850	0,166	0,120
35,900	0,166	0,119
35,950	0,165	0,120
36,000	0,165	0,119
36,050	0,164	0,120
36,100	0,162	0,118
36,150	0,161	0,120
36,200	0,161	0,118
36,250	0,160	0,119
36,300	0,160	0,118
36,350	0,160	0,119
36,400	0,160	0,118
36,450	0,160	0,119
36,500	0,160	0,118
36,550	0,160	0,119
36,600	0,160	0,118
36,650	0,161	0,119
36,700	0,161	0,118
36,750	0,160	0,119
36,800	0,160	0,118
36,850	0,159	0,119
36,900	0,158	0,118
36,950	0,158	0,119
37,000	0,157	0,117
37,050	0,157	0,119
37,100	0,157	0,118
37,150	0,157	0,119
37,200	0,157	0,117
37,250	0,156	0,119
37,300	0,156	0,117
37,350	0,156	0,118
37,400	0,156	0,117
37,450	0,155	0,118
37,500	0,155	0,117
37,550	0,154	0,118
37,600	0,154	0,117
37,650	0,154	0,118
37,700	0,153	0,117
37,750	0,152	0,118
37,800	0,151	0,116
37,850	0,150	0,118
37,900	0,150	0,117
37,950	0,150	0,117
38,000	0,150	0,117
38,050	0,150	0,118
38,100	0,150	0,116
38,150	0,149	0,117
38,200	0,149	0,116
38,250	0,149	0,117
38,300	0,149	0,116
38,350	0,149	0,118
38,400	0,148	0,116
38,450	0,147	0,117
38,500	0,145	0,115
38,550	0,146	0,117
38,600	0,146	0,116
38,650	0,146	0,117
38,700	0,145	0,116
38,750	0,143	0,116
38,800	0,142	0,115
38,850	0,141	0,116
38,900	0,142	0,115
38,950	0,141	0,116
39,000	0,141	0,115
39,050	0,140	0,116
39,100	0,139	0,114
39,150	0,139	0,116
39,200	0,138	0,114
39,250	0,138	0,115
39,300	0,137	0,114
39,350	0,138	0,116
39,400	0,138	0,114
39,450	0,137	0,115
39,500	0,138	0,114
39,550	0,138	0,116
39,600	0,137	0,114
39,650	0,137	0,115
39,700	0,137	0,114
39,750	0,136	0,115
39,800	0,133	0,113
39,850	0,132	0,114
39,900	0,131	0,113
39,950	0,132	0,114
40,000	0,131	0,113
40,050	0,131	0,114
40,100	0,131	0,113
40,150	0,130	0,114
40,200	0,130	0,112
40,250	0,129	0,114
40,300	0,129	0,113
40,350	0,129	0,114
40,400	0,129	0,112
40,450	0,128	0,113
40,500	0,128	0,112
40,550	0,128	0,114
40,600	0,128	0,112
40,650	0,128	0,114
40,700	0,128	0,112
40,750	0,126	0,113
40,800	0,125	0,112
40,850	0,124	0,112
40,900	0,124	0,111
40,950	0,123	0,112
41,000	0,123	0,111
41,050	0,123	0,112
41,100	0,123	0,111
41,150	0,122	0,112
41,200	0,122	0,111
41,250	0,121	0,112
41,300	0,121	0,111
41,350	0,121	0,112
41,400	0,121	0,111
41,450	0,121	0,112
41,500	0,120	0,111
41,550	0,120	0,112
41,600	0,119	0,110
41,650	0,118	0,111
41,700	0,118	0,110
41,750	0,118	0,111
41,800	0,117	0,110
41,850	0,117	0,111
41,900	0,116	0,109
41,950	0,115	0,111
42,000	0,114	0,109
42,050	0,113	0,110
42,100	0,113	0,109
42,150	0,113	0,110
42,200	0,113	0,109
42,250	0,113	0,110
42,300	0,112	0,109
42,350	0,112	0,110
42,400	0,112	0,109
42,450	0,112	0,110
42,500	0,112	0,109
42,550	0,112	0,110
42,600	0,112	0,109
42,650	0,112	0,110
42,700	0,112	0,109
42,750	0,112	0,110
42,800	0,111	0,108
42,850	0,111	0,110
42,900	0,110	0,108
42,950	0,108	0,109
43,000	0,106	0,107
43,050	0,103	0,107
43,100	0,102	0,106
43,150	0,102	0,107
43,200	0,102	0,106
43,250	0,102	0,107
43,300	0,103	0,106
43,350	0,102	0,107
43,400	0,102	0,106
43,450	0,102	0,107
43,500	0,100	0,106
43,550	0,098	0,106
43,600	0,095	0,104
43,650	0,094	0,105
43,700	0,094	0,104
43,750	0,093	0,105
43,800	0,091	0,103
43,850	0,090	0,104
43,900	0,089	0,102
43,950	0,087	0,103
44,000	0,086	0,101
44,050	0,086	0,102
44,100	0,086	0,101
44,150	0,085	0,102
44,200	0,085	0,101
44,250	0,085	0,102
44,300	0,085	0,101
44,350	0,085	0,102
44,400	0,086	0,101
44,450	0,086	0,103
44,500	0,086	0,101
44,550	0,086	0,103
44,600	0,085	0,101
44,650	0,084	0,102
44,700	0,082	0,100
44,750	0,078	0,100
44,800	0,076	0,098
44,850	0,075	0,099
44,900	0,076	0,098
44,950	0,075	0,099
45,000	0,075	0,098
45,050	0,075	0,099
45,100	0,075	0,098
45,150	0,073	0,098
45,200	0,070	0,096
45,250	0,064	0,094
45,300	0,063	0,093
45,350	0,063	0,093
45,400	0,063	0,093
45,450	0,063	0,093
45,500	0,062	0,092
45,550	0,062	0,093
45,600	0,061	0,092
45,650	0,061	0,093
45,700	0,060	0,091
45,750	0,058	0,091
45,800	0,058	0,090
45,850	0,057	0,091
45,900	0,058	0,090
45,950	0,057	0,091
46,000	0,057	0,090
46,050	0,056	0,091
46,100	0,056	0,089
46,150	0,055	0,090
46,200	0,054	0,088
46,250	0,053	0,089
46,300	0,053	0,088
46,350	0,053	0,089
46,400	0,053	0,087
46,450	0,051	0,088
46,500	0,050	0,086
46,550	0,049	0,086
46,600	0,048	0,085
46,650	0,047	0,085
46,700	0,047	0,084
46,750	0,047	0,085
46,800	0,046	0,083
46,850	0,046	0,084
46,900	0,045	0,083
46,950	0,045	0,084
47,000	0,045	0,083
47,050	0,045	0,084
47,100	0,045	0,083
47,150	0,045	0,084
47,200	0,043	0,082
47,250	0,041	0,081
47,300	0,041	0,080
47,350	0,040	0,080
47,400	0,039	0,079
47,450	0,037	0,078
47,500	0,037	0,077
47,550	0,036	0,077
47,600	0,035	0,076
47,650	0,035	0,077
47,700	0,035	0,075
47,750	0,033	0,075
47,800	0,033	0,074
47,850	0,033	0,075
47,900	0,033	0,074
47,950	0,033	0,075
48,000	0,033	0,074
48,050	0,032	0,074
48,100	0,032	0,073
48,150	0,032	0,074
48,200	0,032	0,073
48,250	0,032	0,074
48,300	0,031	0,072
48,350	0,032	0,074
48,400	0,031	0,073
48,450	0,031	0,073
48,500	0,031	0,072
48,550	0,031	0,073
48,600	0,031	0,072
48,650	0,031	0,073
48,700	0,031	0,072
48,750	0,031	0,073
48,800	0,031	0,072
48,850	0,030	0,073
48,900	0,031	0,072
48,950	0,030	0,072
49,000	0,029	0,071
49,050	0,029	0,071
49,100	0,028	0,069
49,150	0,028	0,070
49,200	0,027	0,068
49,250	0,023	0,066
49,300	0,022	0,063
49,350	0,022	0,064
49,400	0,022	0,063
49,450	0,021	0,063
49,500	0,022	0,063
49,550	0,022	0,064
49,600	0,021	0,062
49,650	0,021	0,063
49,700	0,022	0,063
49,750	0,021	0,063
49,800	0,022	0,063
49,850	0,021	0,063
49,900	0,021	0,062
49,950	0,021	0,063
50,000	0,021	0,062
50,050	0,021	0,063
50,100	0,020	0,061
50,150	0,020	0,062
50,200	0,020	0,061
50,250	0,020	0,062
50,300	0,019	0,059
50,350	0,019	0,060
50,400	0,019	0,059
50,450	0,018	0,059
50,500	0,017	0,057
50,550	0,017	0,058
50,600	0,017	0,057
50,650	0,017	0,058
50,700	0,017	0,056
50,750	0,016	0,057
50,800	0,014	0,052
50,850	0,014	0,053
50,900	0,014	0,052
50,950	0,014	0,052
51,000	0,013	0,051
51,050	0,013	0,052
51,100	0,013	0,050
51,150	0,012	0,050
51,200	0,012	0,049
51,250	0,012	0,050
51,300	0,012	0,048
51,350	0,012	0,050
51,400	0,012	0,049
51,450	0,012	0,050
51,500	0,012	0,048
51,550	0,012	0,050
51,600	0,012	0,048
51,650	0,012	0,049
51,700	0,012	0,048
51,750	0,012	0,049
51,800	0,012	0,048
51,850	0,012	0,050
51,900	0,012	0,048
51,950	0,012	0,049
52,000	0,011	0,047
52,050	0,011	0,048
52,100	0,011	0,046
52,150	0,010	0,045
52,200	0,010	0,044
52,250	0,010	0,045
52,300	0,010	0,044
52,350	0,009	0,043
52,400	0,007	0,038
52,450	0,008	0,040
52,500	0,007	0,036
52,550	0,006	0,036
52,600	0,005	0,033
52,650	0,005	0,034
52,700	0,005	0,033
52,750	0,005	0,034
52,800	0,005	0,032
52,850	0,005	0,034
52,900	0,005	0,033
52,950	0,005	0,034
53,000	0,005	0,032
53,050	0,005	0,034
53,100	0,005	0,033
53,150	0,005	0,034
53,200	0,005	0,032
53,250	0,005	0,033
53,300	0,005	0,032
53,350	0,005	0,034
53,400	0,005	0,032
53,450	0,005	0,033
53,500	0,005	0,032
53,550	0,005	0,033
53,600	0,005	0,032
53,650	0,005	0,033
53,700	0,005	0,031
53,750	0,005	0,033
53,800	0,005	0,032
53,850	0,005	0,033
53,900	0,005	0,031
53,950	0,005	0,033
54,000	0,005	0,032
54,050	0,005	0,033
54,100	0,005	0,032
54,150	0,005	0,033
54,200	0,005	0,032
54,250	0,005	0,033
54,300	0,005	0,032
54,350	0,005	0,032
54,400	0,005	0,031
54,450	0,005	0,033
54,500	0,005	0,032
54,550	0,005	0,033
54,600	0,005	0,032
54,650	0,005	0,033
54,700	0,005	0,032
54,750	0,005	0,033
54,800	0,005	0,031
54,850	0,005	0,033
54,900	0,004	0,029
54,950	0,004	0,030
55,000	0,004	0,029
55,050	0,004	0,030
55,100	0,004	0,029
55,150	0,004	0,030
55,200	0,004	0,029
55,250	0,004	0,029
55,300	0,004	0,028
55,350	0,004	0,029
55,400	0,004	0,028
55,450	0,003	0,029
55,500	0,004	0,028
55,550	0,004	0,028
55,600	0,004	0,027
55,650	0,002	0,024
55,700	0,002	0,019
55,750	0,002	0,021
55,800	0,002	0,019
55,850	0,002	0,020
55,900	0,002	0,020
55,950	0,003	0,021
56,000	0,002	0,017
56,050	0,001	0,016
56,100	0,001	0,015
56,150	0,002	0,017
56,200	0,001	0,015
56,250	0,001	0,017
56,300	0,001	0,015
56,350	0,001	0,017
56,400	0,001	0,015
56,450	8,262E-4	0,014
56,500	7,261E-4	0,011
56,550	5,613E-4	0,012
56,600	8,469E-4	0,011
56,650	5,967E-4	0,011
56,700	5,027E-4	0,006
56,750	5,576E-4	0,006
56,800	6,943E-4	0,005
56,850	1,011E-4	0,006
56,900	3,196E-4	0,005
56,950	6,431E-4	0,006
57,000	1,560E-4	0,005
57,050	3,879E-4	0,006
57,100	2,549E-4	0,005
57,150	5,808E-4	0,006
57,200	4,539E-4	0,005
57,250	3,782E-4	0,006
57,300	1,963E-4	0,005
57,350	8,521E-5	0,006
57,400	2,366E-4	0,005
57,450	1,523E-4	0,006
57,500	7,871E-4	0,005
57,550	4,111E-4	0,006
57,600	3,855E-4	0,005
57,650	4,526E-4	0,006
57,700	5,234E-4	0,005
57,750	3,416E-4	0,006
57,800	6,064E-4	0,005
57,850	5,063E-4	0,006
57,900	2,329E-4	0,005
57,950	4,880E-4	0,006
58,000	4,722E-4	0,005
58,050	2,769E-4	0,006
58,100	3,367E-4	0,005
58,150	1,560E-4	0,006
58,200	3,843E-4	0,005
58,250	3,782E-4	0,006
58,300	4,429E-4	0,005
58,350	3,342E-4	0,006
58,400	6,699E-4	0,005
58,450	2,915E-4	0,006
58,500	2,390E-4	0,005
58,550	4,514E-4	0,006
58,600	7,615E-4	0,005
58,650	2,878E-4	0,006
58,700	4,539E-4	0,005
58,750	1,633E-4	0,006
58,800	6,333E-4	0,005
58,850	3,452E-4	0,006
58,900	3,550E-4	0,005
58,950	5,735E-4	0,006
59,000	4,453E-4	0,005
59,050	7,041E-4	0,006
59,100	6,785E-4	0,005
59,150	3,904E-4	0,006
59,200	6,150E-4	0,005
59,250	4,954E-4	0,006
59,300	3,147E-4	0,005
59,350	2,329E-4	0,006
59,400	4,111E-4	0,005
59,450	5,137E-4	0,006
59,500	5,161E-4	0,005
59,550	1,707E-4	0,006
59,600	4,404E-4	0,005
59,650	2,109E-4	0,006
59,700	4,282E-4	0,005
59,750	3,733E-4	0,006
59,800	6,504E-4	0,005
59,850	3,367E-4	0,006
59,900	3,599E-4	0,005
59,950	6,858E-4	0,006
60,000	3,733E-4	0,005
60,050	3,638E-5	0,006
60,100	3,989E-4	0,005
60,150	1,902E-4	0,006
60,200	4,880E-4	0,005
60,250	6,626E-4	0,006
60,300	2,830E-4	0,005
60,350	3,477E-4	0,006
60,400	1,707E-4	0,005
60,450	5,906E-4	0,006
60,500	4,185E-4	0,005
60,550	3,525E-4	0,006
60,600	5,662E-4	0,005
60,650	3,501E-4	0,006
60,700	3,879E-4	0,005
60,750	1,902E-4	0,006
60,800	2,695E-4	0,005
60,850	3,281E-4	0,006
60,900	2,952E-4	0,005
60,950	3,000E-4	0,006
61,000	-8,325E-5	0,005
61,050	4,014E-4	0,006
61,100	1,536E-4	0,005
61,150	4,197E-4	0,006
61,200	2,573E-4	0,005
61,250	4,185E-4	0,006
61,300	4,783E-4	0,005
61,350	3,818E-4	0,006
61,400	3,538E-4	0,005
61,450	5,015E-4	0,006
61,500	3,770E-4	0,005
61,550	2,109E-4	0,006
61,600	2,866E-4	0,005
61,650	2,427E-4	0,006
61,700	2,952E-4	0,005
61,750	1,487E-4	0,006
61,800	3,394E-5	0,005
61,850	1,548E-4	0,006
61,900	3,733E-4	0,005
61,950	2,793E-4	0,006
62,000	1,792E-4	0,005
62,050	4,404E-4	0,006
62,100	2,476E-4	0,005
62,150	1,475E-4	0,006
62,200	4,368E-4	0,005
62,250	6,479E-4	0,006
62,300	1,340E-4	0,005
62,350	3,281E-4	0,006
62,400	3,916E-4	0,005
62,450	1,074E-5	0,006
62,500	7,407E-4	0,005
62,550	5,833E-4	0,006
62,600	5,564E-4	0,005
62,650	6,711E-4	0,006
62,700	4,697E-4	0,005
62,750	4,026E-4	0,006
62,800	3,135E-4	0,005
62,850	3,452E-4	0,006
62,900	3,330E-4	0,005
62,950	5,591E-5	-0,005
63,000	-6,960E-4	-0,079
63,050	-0,001	-0,218
63,100	-0,001	-0,419
63,150	-0,016	-0,648
63,200	-0,010	-0,670
63,250	-0,001	-0,646
63,300	-0,004	-0,652
63,350	-0,003	-0,649
63,400	-0,003	-0,651
63,450	-0,003	-0,650
63,500	-0,003	-0,650
63,550	-0,003	-0,649
63,600	-0,003	-0,650
63,650	-0,003	-0,649
63,700	-0,003	-0,650
63,750	-0,003	-0,649
63,800	-0,003	-0,650
63,850	-0,003	-0,649
63,900	-0,003	-0,650
63,950	-0,003	-0,649
64,000	-0,003	-0,650
64,050	-0,003	-0,649
64,100	-0,003	-0,650
64,150	-0,004	-0,651
64,200	-0,003	-0,651
64,250	-0,004	-0,651
64,300	-0,004	-0,651
64,350	-0,003	-0,650
64,400	-0,003	-0,651
64,450	-0,004	-0,651
64,500	-0,004	-0,652
64,550	-0,004	-0,651
64,600	-0,004	-0,651
64,650	-0,004	-0,650
64,700	-0,004	-0,651
64,750	-0,004	-0,651
64,800	-0,003	-0,650
64,850	-0,004	-0,651
64,900	-0,004	-0,651
64,950	-0,004	-0,651
65,000	-0,004	-0,652
65,050	-0,005	-0,653
65,100	-0,004	-0,653
65,150	-0,004	-0,652
65,200	-0,004	-0,653
65,250	-0,004	-0,652
65,300	-0,004	-0,652
65,350	-0,004	-0,653
65,400	-0,004	-0,653
65,450	-0,004	-0,652
65,500	-0,004	-0,653
65,550	-0,004	-0,652
65,600	-0,004	-0,653
65,650	-0,004	-0,652
65,700	-0,004	-0,653
65,750	-0,005	-0,653
65,800	-0,004	-0,653
65,850	-0,005	-0,653
65,900	-0,005	-0,653
65,950	-0,005	-0,653
66,000	-0,005	-0,653
66,050	-0,005	-0,653
66,100	-0,005	-0,653
66,150	-0,005	-0,653
66,200	-0,004	-0,653
66,250	-0,005	-0,653
66,300	-0,005	-0,654
66,350	-0,005	-0,653
66,400	-0,005	-0,655
66,450	-0,005	-0,655
66,500	-0,005	-0,655
66,550	-0,006	-0,656
66,600	-0,007	-0,658
66,650	-0,008	-0,661
66,700	-0,009	-0,664
66,750	-0,009	-0,664
66,800	-0,009	-0,665
66,850	-0,009	-0,665
66,900	-0,009	-0,665
66,950	-0,009	-0,665
67,000	-0,009	-0,664
67,050	-0,009	-0,665
67,100	-0,009	-0,665
67,150	-0,009	-0,665
67,200	-0,009	-0,665
67,250	-0,009	-0,665
67,300	-0,009	-0,665
67,350	-0,009	-0,665
67,400	-0,009	-0,665
67,450	-0,009	-0,665
67,500	-0,009	-0,665
67,550	-0,009	-0,665
67,600	-0,009	-0,665
67,650	-0,010	-0,665
67,700	-0,009	-0,665
67,750	-0,010	-0,665
67,800	-0,010	-0,666
67,850	-0,010	-0,666
67,900	-0,010	-0,666
67,950	-0,011	-0,667
68,000	-0,011	-0,667
68,050	-0,011	-0,668
68,100	-0,011	-0,668
68,150	-0,011	-0,668
68,200	-0,011	-0,668
68,250	-0,011	-0,668
68,300	-0,011	-0,668
68,350	-0,011	-0,668
68,400	-0,011	-0,669
68,450	-0,011	-0,668
68,500	-0,011	-0,668
68,550	-0,011	-0,669
68,600	-0,013	-0,671
68,650	-0,013	-0,671
68,700	-0,012	-0,670
68,750	-0,012	-0,671
68,800	-0,012	-0,671
68,850	-0,013	-0,671
68,900	-0,012	-0,671
68,950	-0,012	-0,671
69,000	-0,012	-0,671
69,050	-0,012	-0,671
69,100	-0,013	-0,671
69,150	-0,013	-0,672
69,200	-0,013	-0,671
69,250	-0,013	-0,672
69,300	-0,013	-0,672
69,350	-0,013	-0,672
69,400	-0,013	-0,672
69,450	-0,014	-0,673
69,500	-0,014	-0,673
69,550	-0,014	-0,674
69,600	-0,014	-0,674
69,650	-0,015	-0,675
69,700	-0,016	-0,676
69,750	-0,017	-0,678
69,800	-0,017	-0,678
69,850	-0,016	-0,678
69,900	-0,017	-0,678
69,950	-0,017	-0,678
70,000	-0,017	-0,677
70,050	-0,017	-0,678
70,100	-0,017	-0,677
70,150	-0,017	-0,678
70,200	-0,017	-0,677
70,250	-0,017	-0,678
70,300	-0,016	-0,677
70,350	-0,016	-0,678
70,400	-0,017	-0,677
70,450	-0,017	-0,678
70,500	-0,017	-0,677
70,550	-0,017	-0,678
70,600	-0,017	-0,677
70,650	-0,016	-0,678
70,700	-0,017	-0,677
70,750	-0,016	-0,677
70,800	-0,016	-0,677
70,850	-0,016	-0,678
70,900	-0,017	-0,677
70,950	-0,016	-0,678
71,000	-0,017	-0,678
71,050	-0,017	-0,678
71,100	-0,016	-0,677
71,150	-0,017	-0,678
71,200	-0,017	-0,677
71,250	-0,017	-0,678
71,300	-0,017	-0,677
71,350	-0,017	-0,678
71,400	-0,016	-0,677
71,450	-0,016	-0,678
71,500	-0,017	-0,677
71,550	-0,017	-0,678
71,600	-0,017	-0,677
71,650	-0,017	-0,678
71,700	-0,017	-0,677
71,750	-0,017	-0,678
71,800	-0,017	-0,677
71,850	-0,017	-0,678
71,900	-0,017	-0,677
71,950	-0,017	-0,678
72,000	-0,017	-0,678
72,050	-0,017	-0,678
72,100	-0,017	-0,678
72,150	-0,017	-0,679
72,200	-0,018	-0,679
72,250	-0,018	-0,679
72,300	-0,018	-0,679
72,350	-0,018	-0,680
72,400	-0,020	-0,682
72,450	-0,021	-0,683
72,500	-0,021	-0,683
72,550	-0,021	-0,683
72,600	-0,021	-0,683
72,650	-0,021	-0,684
72,700	-0,022	-0,684
72,750	-0,023	-0,686
72,800	-0,023	-0,686
72,850	-0,024	-0,687
72,900	-0,024	-0,686
72,950	-0,023	-0,687
73,000	-0,024	-0,686
73,050	-0,024	-0,687
73,100	-0,024	-0,686
73,150	-0,024	-0,687
73,200	-0,024	-0,686
73,250	-0,024	-0,687
73,300	-0,024	-0,686
73,350	-0,024	-0,687
73,400	-0,024	-0,686
73,450	-0,024	-0,687
73,500	-0,024	-0,686
73,550	-0,024	-0,687
73,600	-0,024	-0,686
73,650	-0,024	-0,687
73,700	-0,024	-0,686
73,750	-0,024	-0,687
73,800	-0,024	-0,686
73,850	-0,024	-0,687
73,900	-0,024	-0,686
73,950	-0,024	-0,687
74,000	-0,024	-0,687
74,050	-0,024	-0,688
74,100	-0,025	-0,687
74,150	-0,025	-0,688
74,200	-0,025	-0,687
74,250	-0,024	-0,688
74,300	-0,024	-0,687
74,350	-0,025	-0,688
74,400	-0,024	-0,687
74,450	-0,024	-0,688
74,500	-0,024	-0,687
74,550	-0,025	-0,688
74,600	-0,024	-0,686
74,650	-0,024	-0,687
74,700	-0,024	-0,687
74,750	-0,024	-0,687
74,800	-0,025	-0,687
74,850	-0,025	-0,688
74,900	-0,025	-0,687
74,950	-0,025	-0,689
75,000	-0,026	-0,688
75,050	-0,026	-0,689
75,100	-0,026	-0,688
75,150	-0,026	-0,689
75,200	-0,026	-0,688
75,250	-0,027	-0,690
75,300	-0,027	-0,689
75,350	-0,027	-0,690
75,400	-0,027	-0,689
75,450	-0,027	-0,690
75,500	-0,027	-0,689
75,550	-0,027	-0,690
75,600	-0,027	-0,689
75,650	-0,027	-0,690
75,700	-0,027	-0,689
75,750	-0,027	-0,690
75,800	-0,027	-0,689
75,850	-0,027	-0,690
75,900	-0,027	-0,689
75,950	-0,028	-0,691
76,000	-0,027	-0,689
76,050	-0,027	-0,690
76,100	-0,027	-0,689
76,150	-0,027	-0,690
76,200	-0,027	-0,689
76,250	-0,027	-0,690
76,300	-0,027	-0,689
76,350	-0,027	-0,690
76,400	-0,027	-0,689
76,450	-0,027	-0,690
76,500	-0,027	-0,689
76,550	-0,027	-0,691
76,600	-0,027	-0,689
76,650	-0,027	-0,690
76,700	-0,027	-0,689
76,750	-0,027	-0,690
76,800	-0,027	-0,689
76,850	-0,027	-0,690
76,900	-0,027	-0,689
76,950	-0,027	-0,690
77,000	-0,027	-0,689
77,050	-0,027	-0,690
77,100	-0,027	-0,689
77,150	-0,027	-0,690
77,200	-0,027	-0,689
77,250	-0,027	-0,691
77,300	-0,027	-0,689
77,350	-0,027	-0,691
77,400	-0,027	-0,689
77,450	-0,027	-0,690
77,500	-0,027	-0,689
77,550	-0,027	-0,690
77,600	-0,027	-0,690
77,650	-0,027	-0,690
77,700	-0,027	-0,689
77,750	-0,027	-0,691
77,800	-0,027	-0,690
77,850	-0,027	-0,691
77,900	-0,027	-0,690
77,950	-0,027	-0,690
78,000	-0,027	-0,689
78,050	-0,028	-0,691
78,100	-0,028	-0,689
78,150	-0,027	-0,691
78,200	-0,027	-0,689
78,250	-0,027	-0,690
78,300	-0,027	-0,689
78,350	-0,028	-0,691
78,400	-0,029	-0,691
78,450	-0,029	-0,692
78,500	-0,029	-0,691
78,550	-0,030	-0,693
78,600	-0,030	-0,692
78,650	-0,030	-0,693
78,700	-0,030	-0,692
78,750	-0,030	-0,693
78,800	-0,030	-0,692
78,850	-0,030	-0,693
78,900	-0,030	-0,692
78,950	-0,030	-0,693
79,000	-0,030	-0,692
79,050	-0,030	-0,693
79,100	-0,030	-0,692
79,150	-0,030	-0,693
79,200	-0,030	-0,692
79,250	-0,030	-0,693
79,300	-0,030	-0,692
79,350	-0,030	-0,693
79,400	-0,030	-0,692
79,450	-0,030	-0,693
79,500	-0,030	-0,692
79,550	-0,030	-0,693
79,600	-0,030	-0,692
79,650	-0,030	-0,693
79,700	-0,030	-0,692
79,750	-0,030	-0,693
79,800	-0,030	-0,692
79,850	-0,030	-0,693
79,900	-0,030	-0,692
79,950	-0,030	-0,693
80,000	-0,031	-0,692
80,050	-0,031	-0,694
80,100	-0,031	-0,693
80,150	-0,032	-0,695
80,200	-0,032	-0,694
80,250	-0,032	-0,695
80,300	-0,032	-0,694
80,350	-0,033	-0,696
80,400	-0,033	-0,695
80,450	-0,033	-0,696
80,500	-0,033	-0,695
80,550	-0,033	-0,696
80,600	-0,033	-0,695
80,650	-0,033	-0,696
80,700	-0,035	-0,697
80,750	-0,035	-0,697
80,800	-0,035	-0,696
80,850	-0,035	-0,697
80,900	-0,035	-0,696
80,950	-0,035	-0,697
81,000	-0,035	-0,696
81,050	-0,036	-0,698
81,100	-0,036	-0,697
81,150	-0,036	-0,699
81,200	-0,036	-0,698
81,250	-0,037	-0,699
81,300	-0,037	-0,698
81,350	-0,037	-0,699
81,400	-0,038	-0,699
81,450	-0,038	-0,700
81,500	-0,038	-0,699
81,550	-0,038	-0,700
81,600	-0,038	-0,699
81,650	-0,038	-0,700
81,700	-0,038	-0,699
81,750	-0,038	-0,700
81,800	-0,038	-0,699
81,850	-0,038	-0,700
81,900	-0,039	-0,699
81,950	-0,038	-0,700
82,000	-0,039	-0,699
82,050	-0,039	-0,701
82,100	-0,039	-0,700
82,150	-0,039	-0,701
82,200	-0,039	-0,700
82,250	-0,039	-0,701
82,300	-0,039	-0,700
82,350	-0,039	-0,701
82,400	-0,039	-0,700
82,450	-0,039	-0,701
82,500	-0,039	-0,700
82,550	-0,039	-0,701
82,600	-0,039	-0,700
82,650	-0,039	-0,701
82,700	-0,039	-0,699
82,750	-0,039	-0,701
82,800	-0,039	-0,699
82,850	-0,039	-0,701
82,900	-0,039	-0,700
82,950	-0,039	-0,701
83,000	-0,039	-0,700
83,050	-0,039	-0,701
83,100	-0,039	-0,700
83,150	-0,039	-0,701
83,200	-0,039	-0,700
83,250	-0,039	-0,701
83,300	-0,039	-0,699
83,350	-0,042	-0,703
83,400	-0,045	-0,704
83,450	-0,046	-0,706
83,500	-0,046	-0,705
83,550	-0,046	-0,706
83,600	-0,046	-0,705
83,650	-0,047	-0,706
83,700	-0,046	-0,705
83,750	-0,046	-0,706
83,800	-0,047	-0,705
83,850	-0,046	-0,706
83,900	-0,046	-0,704
83,950	-0,046	-0,706
84,000	-0,047	-0,705
84,050	-0,046	-0,706
84,100	-0,047	-0,705
84,150	-0,047	-0,706
84,200	-0,047	-0,705
84,250	-0,047	-0,707
84,300	-0,048	-0,706
84,350	-0,048	-0,707
84,400	-0,048	-0,706
84,450	-0,048	-0,707
84,500	-0,048	-0,706
84,550	-0,048	-0,707
84,600	-0,048	-0,706
84,650	-0,048	-0,707
84,700	-0,048	-0,706
84,750	-0,048	-0,707
84,800	-0,048	-0,706
84,850	-0,049	-0,708
84,900	-0,049	-0,707
84,950	-0,049	-0,708
85,000	-0,050	-0,707
85,050	-0,049	-0,708
85,100	-0,049	-0,706
85,150	-0,050	-0,708
85,200	-0,049	-0,707
85,250	-0,049	-0,708
85,300	-0,050	-0,707
85,350	-0,050	-0,708
85,400	-0,050	-0,707
85,450	-0,049	-0,708
85,500	-0,050	-0,707
85,550	-0,049	-0,708
85,600	-0,050	-0,707
85,650	-0,050	-0,708
85,700	-0,050	-0,707
85,750	-0,050	-0,708
85,800	-0,050	-0,707
85,850	-0,050	-0,708
85,900	-0,050	-0,707
85,950	-0,051	-0,709
86,000	-0,052	-0,708
86,050	-0,052	-0,709
86,100	-0,053	-0,709
86,150	-0,053	-0,710
86,200	-0,053	-0,709
86,250	-0,054	-0,711
86,300	-0,055	-0,710
86,350	-0,055	-0,711
86,400	-0,055	-0,710
86,450	-0,055	-0,711
86,500	-0,055	-0,710
86,550	-0,055	-0,711
86,600	-0,055	-0,710
86,650	-0,054	-0,711
86,700	-0,054	-0,710
86,750	-0,055	-0,711
86,800	-0,056	-0,710
86,850	-0,057	-0,712
86,900	-0,057	-0,711
86,950	-0,059	-0,713
87,000	-0,060	-0,713
87,050	-0,061	-0,714
87,100	-0,062	-0,714
87,150	-0,062	-0,715
87,200	-0,062	-0,714
87,250	-0,063	-0,715
87,300	-0,063	-0,714
87,350	-0,063	-0,715
87,400	-0,063	-0,714
87,450	-0,063	-0,715
87,500	-0,063	-0,714
87,550	-0,063	-0,715
87,600	-0,063	-0,714
87,650	-0,063	-0,715
87,700	-0,063	-0,714
87,750	-0,063	-0,715
87,800	-0,063	-0,714
87,850	-0,063	-0,715
87,900	-0,063	-0,714
87,950	-0,063	-0,715
88,000	-0,063	-0,714
88,050	-0,063	-0,715
88,100	-0,063	-0,714
88,150	-0,063	-0,715
88,200	-0,064	-0,714
88,250	-0,064	-0,715
88,300	-0,064	-0,714
88,350	-0,063	-0,715
88,400	-0,063	-0,714
88,450	-0,064	-0,715
88,500	-0,064	-0,715
88,550	-0,064	-0,715
88,600	-0,063	-0,714
88,650	-0,064	-0,715
88,700	-0,064	-0,714
88,750	-0,064	-0,715
88,800	-0,063	-0,714
88,850	-0,064	-0,715
88,900	-0,063	-0,714
88,950	-0,064	-0,715
89,000	-0,063	-0,714
89,050	-0,063	-0,715
89,100	-0,063	-0,714
89,150	-0,064	-0,715
89,200	-0,063	-0,714
89,250	-0,064	-0,715
89,300	-0,064	-0,715
89,350	-0,063	-0,715
89,400	-0,063	-0,714
89,450	-0,063	-0,715
89,500	-0,064	-0,714
89,550	-0,063	-0,715
89,600	-0,064	-0,714
89,650	-0,064	-0,715
89,700	-0,063	-0,714
89,750	-0,063	-0,715
89,800	-0,063	-0,714
89,850	-0,064	-0,715
89,900	-0,063	-0,714
89,950	-0,064	-0,715
90,000	-0,064	-0,714
90,050	-0,064	-0,715
90,100	-0,064	-0,714
90,150	-0,064	-0,715
90,200	-0,063	-0,714
90,250	-0,064	-0,715
90,300	-0,063	-0,714
90,350	-0,064	-0,715
90,400	-0,063	-0,714
90,450	-0,063	-0,715
90,500	-0,063	-0,714
90,550	-0,064	-0,715
90,600	-0,064	-0,714
90,650	-0,064	-0,715
90,700	-0,063	-0,714
90,750	-0,064	-0,715
90,800	-0,063	-0,714
90,850	-0,063	-0,715
90,900	-0,063	-0,714
90,950	-0,063	-0,714
91,000	-0,064	-0,714
91,050	-0,063	-0,715
91,100	-0,063	-0,714
91,150	-0,063	-0,715
91,200	-0,064	-0,714
91,250	-0,064	-0,715
91,300	-0,064	-0,714
91,350	-0,063	-0,715
91,400	-0,063	-0,714
91,450	-0,064	-0,715
91,500	-0,064	-0,714
91,550	-0,063	-0,715
91,600	-0,064	-0,714
91,650	-0,064	-0,715
91,700	-0,063	-0,714
91,750	-0,064	-0,715
91,800	-0,064	-0,714
91,850	-0,063	-0,715
91,900	-0,064	-0,714
91,950	-0,063	-0,715
92,000	-0,064	-0,714
92,050	-0,064	-0,715
92,100	-0,064	-0,715
92,150	-0,063	-0,715
92,200	-0,063	-0,714
92,250	-0,064	-0,715
92,300	-0,064	-0,715
92,350	-0,064	-0,715
92,400	-0,064	-0,714
92,450	-0,063	-0,715
92,500	-0,063	-0,714
92,550	-0,064	-0,715
92,600	-0,064	-0,715
92,650	-0,064	-0,715
92,700	-0,063	-0,714
92,750	-0,063	-0,715
92,800	-0,064	-0,714
92,850	-0,063	-0,715
92,900	-0,064	-0,714
92,950	-0,064	-0,715
93,000	-0,064	-0,714
93,050	-0,063	-0,715
93,100	-0,064	-0,714
93,150	-0,063	-0,715
93,200	-0,063	-0,714
93,250	-0,064	-0,715
93,300	-0,063	-0,714
93,350	-0,064	-0,715
93,400	-0,063	-0,714
93,450	-0,064	-0,715
93,500	-0,064	-0,714
93,550	-0,063	-0,715
93,600	-0,064	-0,714
93,650	-0,063	-0,715
93,700	-0,063	-0,714
93,750	-0,063	-0,715
93,800	-0,063	-0,714
93,850	-0,063	-0,714
93,900	-0,063	-0,714
93,950	-0,063	-0,715
94,000	-0,063	-0,714
94,050	-0,063	-0,715
94,100	-0,063	-0,714
94,150	-0,063	-0,715
94,200	-0,063	-0,714
94,250	-0,063	-0,714
94,300	-0,063	-0,714
94,350	-0,063	-0,714
94,400	-0,063	-0,714
94,450	-0,063	-0,715
94,500	-0,063	-0,714
94,550	-0,063	-0,715
94,600	-0,063	-0,714
94,650	-0,064	-0,715
94,700	-0,065	-0,715
94,750	-0,070	-0,717
94,800	-0,073	-0,719
94,850	-0,076	-0,720
94,900	-0,077	-0,720
94,950	-0,077	-0,720
95,000	-0,077	-0,720
95,050	-0,077	-0,720
95,100	-0,077	-0,720
95,150	-0,077	-0,720
95,200	-0,077	-0,720
95,250	-0,077	-0,720
95,300	-0,077	-0,720
95,350	-0,077	-0,720
95,400	-0,077	-0,720
95,450	-0,077	-0,720
95,500	-0,077	-0,720
95,550	-0,077	-0,720
95,600	-0,077	-0,720
95,650	-0,077	-0,720
95,700	-0,077	-0,720
95,750	-0,077	-0,720
95,800	-0,077	-0,720
95,850	-0,077	-0,720
95,900	-0,077	-0,720
95,950	-0,077	-0,720
96,000	-0,078	-0,721
96,050	-0,081	-0,722
96,100	-0,082	-0,722
96,150	-0,083	-0,722
96,200	-0,084	-0,723
96,250	-0,085	-0,723
96,300	-0,085	-0,723
96,350	-0,086	-0,723
96,400	-0,086	-0,723
96,450	-0,087	-0,723
96,500	-0,087	-0,724
96,550	-0,087	-0,724
96,600	-0,087	-0,724
96,650	-0,088	-0,724
96,700	-0,088	-0,724
96,750	-0,090	-0,724
96,800	-0,091	-0,725
96,850	-0,092	-0,725
96,900	-0,093	-0,726
96,950	-0,096	-0,726
97,000	-0,098	-0,727
97,050	-0,098	-0,727
97,100	-0,099	-0,727
97,150	-0,099	-0,727
97,200	-0,099	-0,727
97,250	-0,100	-0,728
97,300	-0,100	-0,728
97,350	-0,100	-0,728
97,400	-0,100	-0,728
97,450	-0,101	-0,728
97,500	-0,101	-0,728
97,550	-0,101	-0,728
97,600	-0,101	-0,728
97,650	-0,101	-0,728
97,700	-0,101	-0,728
97,750	-0,102	-0,728
97,800	-0,102	-0,728
97,850	-0,101	-0,728
97,900	-0,102	-0,728
97,950	-0,102	-0,728
98,000	-0,102	-0,728
98,050	-0,102	-0,728
98,100	-0,102	-0,728
98,150	-0,102	-0,728
98,200	-0,102	-0,728
98,250	-0,102	-0,728
98,300	-0,102	-0,728
98,350	-0,102	-0,728
98,400	-0,102	-0,728
98,450	-0,103	-0,728
98,500	-0,103	-0,729
98,550	-0,103	-0,728
98,600	-0,103	-0,728
98,650	-0,104	-0,728
98,700	-0,104	-0,729
98,750	-0,105	-0,729
98,800	-0,104	-0,729
98,850	-0,105	-0,729
98,900	-0,105	-0,729
98,950	-0,105	-0,729
99,000	-0,106	-0,729
99,050	-0,106	-0,729
99,100	-0,107	-0,729
99,150	-0,107	-0,729
99,200	-0,107	-0,730
99,250	-0,109	-0,730
99,300	-0,109	-0,730
99,350	-0,109	-0,730
99,400	-0,109	-0,730
99,450	-0,110	-0,730
99,500	-0,110	-0,730
99,550	-0,110	-0,730
99,600	-0,110	-0,730
99,650	-0,111	-0,730
99,700	-0,112	-0,731
99,750	-0,112	-0,731
99,800	-0,112	-0,731
99,850	-0,112	-0,730
99,900	-0,113	-0,731
99,950	-0,113	-0,731
100,000	-0,113	-0,731
100,050	-0,114	-0,731
100,100	-0,115	-0,732
100,150	-0,116	-0,731
100,200	-0,116	-0,732
100,250	-0,116	-0,732
100,300	-0,116	-0,732
100,350	-0,116	-0,731
100,400	-0,116	-0,732
100,450	-0,116	-0,731
100,500	-0,116	-0,732
100,550	-0,116	-0,732
100,600	-0,116	-0,732
100,650	-0,116	-0,731
100,700	-0,116	-0,732
100,750	-0,116	-0,731
100,800	-0,116	-0,732
100,850	-0,117	-0,731
100,900	-0,120	-0,733
100,950	-0,123	-0,733
101,000	-0,124	-0,734
101,050	-0,124	-0,733
101,100	-0,124	-0,734
101,150	-0,124	-0,733
101,200	-0,124	-0,734
101,250	-0,125	-0,733
101,300	-0,125	-0,734
101,350	-0,125	-0,734
101,400	-0,124	-0,734
101,450	-0,124	-0,733
101,500	-0,125	-0,734
101,550	-0,125	-0,733
101,600	-0,125	-0,734
101,650	-0,127	-0,734
101,700	-0,127	-0,734
101,750	-0,127	-0,734
101,800	-0,126	-0,734
101,850	-0,127	-0,734
101,900	-0,127	-0,734
101,950	-0,126	-0,733
102,000	-0,126	-0,734
102,050	-0,127	-0,734
102,100	-0,128	-0,734
102,150	-0,129	-0,734
102,200	-0,130	-0,735
102,250	-0,130	-0,735
102,300	-0,131	-0,735
102,350	-0,131	-0,735
102,400	-0,131	-0,735
102,450	-0,131	-0,735
102,500	-0,131	-0,735
102,550	-0,131	-0,735
102,600	-0,131	-0,735
102,650	-0,131	-0,735
102,700	-0,132	-0,735
102,750	-0,132	-0,735
102,800	-0,132	-0,736
102,850	-0,132	-0,735
102,900	-0,132	-0,736
102,950	-0,133	-0,735
103,000	-0,134	-0,736
103,050	-0,136	-0,735
103,100	-0,136	-0,736
103,150	-0,136	-0,735
103,200	-0,137	-0,737
103,250	-0,137	-0,736
103,300	-0,137	-0,737
103,350	-0,137	-0,736
103,400	-0,138	-0,737
103,450	-0,139	-0,736
103,500	-0,139	-0,737
103,550	-0,139	-0,736
103,600	-0,139	-0,737
103,650	-0,140	-0,737
103,700	-0,140	-0,737
103,750	-0,141	-0,737
103,800	-0,143	-0,738
103,850	-0,144	-0,737
103,900	-0,143	-0,737
103,950	-0,144	-0,737
104,000	-0,144	-0,738
104,050	-0,144	-0,737
104,100	-0,144	-0,738
104,150	-0,144	-0,737
104,200	-0,144	-0,738
104,250	-0,144	-0,737
104,300	-0,146	-0,738
104,350	-0,148	-0,738
104,400	-0,149	-0,739
104,450	-0,150	-0,738
104,500	-0,150	-0,739
104,550	-0,151	-0,738
104,600	-0,153	-0,739
104,650	-0,155	-0,739
104,700	-0,157	-0,740
104,750	-0,157	-0,739
104,800	-0,157	-0,740
104,850	-0,158	-0,739
104,900	-0,158	-0,741
104,950	-0,159	-0,740
105,000	-0,159	-0,741
105,050	-0,160	-0,740
105,100	-0,162	-0,741
105,150	-0,163	-0,740
105,200	-0,165	-0,741
105,250	-0,165	-0,741
105,300	-0,166	-0,741
105,350	-0,167	-0,741
105,400	-0,168	-0,742
105,450	-0,169	-0,741
105,500	-0,171	-0,742
105,550	-0,172	-0,742
105,600	-0,172	-0,743
105,650	-0,172	-0,742
105,700	-0,172	-0,743
105,750	-0,172	-0,742
105,800	-0,172	-0,742
105,850	-0,172	-0,742
105,900	-0,172	-0,742
105,950	-0,173	-0,742
106,000	-0,175	-0,743
106,050	-0,176	-0,742
106,100	-0,177	-0,743
106,150	-0,177	-0,742
106,200	-0,177	-0,743
106,250	-0,179	-0,743
106,300	-0,181	-0,744
106,350	-0,182	-0,743
106,400	-0,182	-0,744
106,450	-0,182	-0,743
106,500	-0,183	-0,744
106,550	-0,183	-0,743
106,600	-0,183	-0,744
106,650	-0,185	-0,743
106,700	-0,186	-0,745
106,750	-0,187	-0,744
106,800	-0,187	-0,745
106,850	-0,188	-0,744
106,900	-0,189	-0,745
106,950	-0,190	-0,744
107,000	-0,190	-0,745
107,050	-0,191	-0,744
107,100	-0,191	-0,745
107,150	-0,193	-0,744
107,200	-0,194	-0,745
107,250	-0,194	-0,745
107,300	-0,194	-0,745
107,350	-0,194	-0,745
107,400	-0,195	-0,746
107,450	-0,195	-0,745
107,500	-0,196	-0,746
107,550	-0,197	-0,745
107,600	-0,198	-0,746
107,650	-0,200	-0,745
107,700	-0,202	-0,746
107,750	-0,203	-0,745
107,800	-0,203	-0,747
107,850	-0,204	-0,746
107,900	-0,205	-0,747
107,950	-0,206	-0,746
108,000	-0,206	-0,747
108,050	-0,206	-0,746
108,100	-0,205	-0,746
108,150	-0,206	-0,746
108,200	-0,207	-0,747
108,250	-0,208	-0,746
108,300	-0,209	-0,747
108,350	-0,209	-0,746
108,400	-0,209	-0,747
108,450	-0,209	-0,746
108,500	-0,210	-0,747
108,550	-0,213	-0,747
108,600	-0,214	-0,748
108,650	-0,215	-0,747
108,700	-0,214	-0,748
108,750	-0,215	-0,747
108,800	-0,214	-0,748
108,850	-0,214	-0,747
108,900	-0,214	-0,748
108,950	-0,214	-0,747
109,000	-0,215	-0,748
109,050	-0,215	-0,747
109,100	-0,215	-0,748
109,150	-0,215	-0,747
109,200	-0,215	-0,748
109,250	-0,215	-0,747
109,300	-0,215	-0,748
109,350	-0,215	-0,747
109,400	-0,215	-0,748
109,450	-0,215	-0,747
109,500	-0,215	-0,748
109,550	-0,215	-0,747
109,600	-0,215	-0,748
109,650	-0,216	-0,747
109,700	-0,216	-0,748
109,750	-0,217	-0,747
109,800	-0,219	-0,748
109,850	-0,222	-0,747
109,900	-0,225	-0,749
109,950	-0,225	-0,748
110,000	-0,225	-0,749
110,050	-0,225	-0,748
110,100	-0,225	-0,749
110,150	-0,226	-0,748
110,200	-0,225	-0,749
110,250	-0,225	-0,748
110,300	-0,226	-0,749
110,350	-0,227	-0,748
110,400	-0,229	-0,749
110,450	-0,230	-0,748
110,500	-0,230	-0,749
110,550	-0,230	-0,748
110,600	-0,230	-0,749
110,650	-0,233	-0,748
110,700	-0,234	-0,749
110,750	-0,236	-0,749
110,800	-0,236	-0,749
110,850	-0,236	-0,748
110,900	-0,237	-0,750
110,950	-0,239	-0,749
111,000	-0,241	-0,750
111,050	-0,241	-0,749
111,100	-0,241	-0,750
111,150	-0,242	-0,749
111,200	-0,243	-0,750
111,250	-0,243	-0,749
111,300	-0,245	-0,750
111,350	-0,247	-0,749
111,400	-0,248	-0,750
111,450	-0,248	-0,750
111,500	-0,248	-0,751
111,550	-0,248	-0,749
111,600	-0,248	-0,751
111,650	-0,249	-0,750
111,700	-0,249	-0,750
111,750	-0,251	-0,750
111,800	-0,253	-0,751
111,850	-0,254	-0,750
111,900	-0,255	-0,751
111,950	-0,256	-0,750
112,000	-0,259	-0,751
112,050	-0,260	-0,750
112,100	-0,262	-0,752
112,150	-0,263	-0,751
112,200	-0,264	-0,751
112,250	-0,266	-0,751
112,300	-0,267	-0,752
112,350	-0,268	-0,751
112,400	-0,269	-0,752
112,450	-0,270	-0,751
112,500	-0,272	-0,752
112,550	-0,274	-0,751
112,600	-0,276	-0,752
112,650	-0,278	-0,751
112,700	-0,279	-0,752
112,750	-0,281	-0,752
112,800	-0,282	-0,752
112,850	-0,283	-0,752
112,900	-0,283	-0,752
112,950	-0,284	-0,751
113,000	-0,285	-0,753
113,050	-0,285	-0,752
113,100	-0,285	-0,753
113,150	-0,285	-0,751
113,200	-0,285	-0,753
113,250	-0,286	-0,752
113,300	-0,285	-0,753
113,350	-0,286	-0,752
113,400	-0,286	-0,753
113,450	-0,289	-0,752
113,500	-0,292	-0,753
113,550	-0,293	-0,752
113,600	-0,294	-0,753
113,650	-0,294	-0,752
113,700	-0,295	-0,753
113,750	-0,294	-0,752
113,800	-0,294	-0,753
113,850	-0,295	-0,752
113,900	-0,296	-0,753
113,950	-0,297	-0,752
114,000	-0,298	-0,753
114,050	-0,299	-0,752
114,100	-0,300	-0,753
114,150	-0,301	-0,752
114,200	-0,301	-0,753
114,250	-0,301	-0,752
114,300	-0,301	-0,753
114,350	-0,302	-0,752
114,400	-0,303	-0,753
114,450	-0,303	-0,752
114,500	-0,303	-0,753
114,550	-0,303	-0,752
114,600	-0,303	-0,753
114,650	-0,306	-0,752
114,700	-0,306	-0,753
114,750	-0,306	-0,752
114,800	-0,307	-0,753
114,850	-0,308	-0,752
114,900	-0,307	-0,753
114,950	-0,308	-0,752
115,000	-0,307	-0,753
115,050	-0,308	-0,753
115,100	-0,308	-0,753
115,150	-0,309	-0,753
115,200	-0,310	-0,754
115,250	-0,311	-0,753
115,300	-0,312	-0,754
115,350	-0,312	-0,752
115,400	-0,312	-0,753
115,450	-0,312	-0,752
115,500	-0,312	-0,753
115,550	-0,312	-0,752
115,600	-0,314	-0,754
115,650	-0,317	-0,752
115,700	-0,318	-0,754
115,750	-0,318	-0,752
115,800	-0,319	-0,754
115,850	-0,320	-0,753
115,900	-0,320	-0,754
115,950	-0,321	-0,753
116,000	-0,321	-0,754
116,050	-0,321	-0,753
116,100	-0,322	-0,754
116,150	-0,323	-0,752
116,200	-0,324	-0,754
116,250	-0,324	-0,753
116,300	-0,324	-0,754
116,350	-0,324	-0,753
116,400	-0,324	-0,754
116,450	-0,324	-0,752
116,500	-0,325	-0,754
116,550	-0,326	-0,753
116,600	-0,327	-0,754
116,650	-0,328	-0,753
116,700	-0,329	-0,754
116,750	-0,329	-0,753
116,800	-0,329	-0,754
116,850	-0,329	-0,753
116,900	-0,329	-0,754
116,950	-0,330	-0,753
117,000	-0,330	-0,754
117,050	-0,330	-0,753
117,100	-0,330	-0,754
117,150	-0,332	-0,753
117,200	-0,332	-0,754
117,250	-0,332	-0,753
117,300	-0,332	-0,754
117,350	-0,333	-0,753
117,400	-0,334	-0,754
117,450	-0,334	-0,753
117,500	-0,334	-0,754
117,550	-0,336	-0,753
117,600	-0,338	-0,754
117,650	-0,341	-0,753
117,700	-0,342	-0,754
117,750	-0,342	-0,753
117,800	-0,343	-0,754
117,850	-0,344	-0,753
117,900	-0,345	-0,754
117,950	-0,345	-0,753
118,000	-0,347	-0,754
118,050	-0,349	-0,753
118,100	-0,350	-0,754
118,150	-0,350	-0,753
118,200	-0,351	-0,755
118,250	-0,351	-0,753
118,300	-0,350	-0,754
118,350	-0,351	-0,754
118,400	-0,351	-0,754
118,450	-0,351	-0,753
118,500	-0,351	-0,754
118,550	-0,351	-0,753
118,600	-0,352	-0,755
118,650	-0,352	-0,753
118,700	-0,352	-0,754
118,750	-0,353	-0,753
118,800	-0,355	-0,755
118,850	-0,355	-0,753
118,900	-0,355	-0,755
118,950	-0,355	-0,753
119,000	-0,355	-0,754
119,050	-0,356	-0,753
119,100	-0,357	-0,754
119,150	-0,358	-0,753
119,200	-0,358	-0,754
119,250	-0,359	-0,753
119,300	-0,359	-0,755
119,350	-0,359	-0,753
119,400	-0,359	-0,754
119,450	-0,360	-0,753
119,500	-0,360	-0,754
119,550	-0,362	-0,754
119,600	-0,364	-0,755
119,650	-0,366	-0,754
119,700	-0,367	-0,755
119,750	-0,367	-0,753
119,800	-0,369	-0,755
119,850	-0,369	-0,754
119,900	-0,369	-0,755
119,950	-0,369	-0,753
120,000	-0,369	-0,755
120,050	-0,369	-0,754
120,100	-0,369	-0,755
120,150	-0,369	-0,754
120,200	-0,370	-0,755
120,250	-0,371	-0,754
120,300	-0,372	-0,755
120,350	-0,372	-0,753
120,400	-0,374	-0,754
120,450	-0,375	-0,754
120,500	-0,376	-0,755
120,550	-0,377	-0,753
120,600	-0,377	-0,755
120,650	-0,377	-0,754
120,700	-0,377	-0,754
120,750	-0,377	-0,753
120,800	-0,379	-0,755
120,850	-0,380	-0,754
120,900	-0,381	-0,755
120,950	-0,382	-0,754
121,000	-0,385	-0,755
121,050	-0,387	-0,754
121,100	-0,387	-0,755
121,150	-0,388	-0,754
121,200	-0,389	-0,755
121,250	-0,390	-0,754
121,300	-0,391	-0,755
121,350	-0,392	-0,754
121,400	-0,394	-0,755
121,450	-0,394	-0,754
121,500	-0,395	-0,755
121,550	-0,398	-0,754
121,600	-0,400	-0,755
121,650	-0,402	-0,754
121,700	-0,402	-0,755
121,750	-0,403	-0,754
121,800	-0,403	-0,755
121,850	-0,404	-0,754
121,900	-0,405	-0,755
121,950	-0,407	-0,754
122,000	-0,409	-0,755
122,050	-0,411	-0,754
122,100	-0,412	-0,755
122,150	-0,416	-0,754
122,200	-0,418	-0,755
122,250	-0,419	-0,754
122,300	-0,419	-0,755
122,350	-0,419	-0,754
122,400	-0,419	-0,755
122,450	-0,419	-0,754
122,500	-0,420	-0,755
122,550	-0,420	-0,754
122,600	-0,421	-0,755
122,650	-0,421	-0,754
122,700	-0,424	-0,755
122,750	-0,426	-0,754
122,800	-0,427	-0,755
122,850	-0,427	-0,754
122,900	-0,427	-0,755
122,950	-0,427	-0,754
123,000	-0,427	-0,755
123,050	-0,428	-0,754
123,100	-0,427	-0,755
123,150	-0,428	-0,754
123,200	-0,427	-0,755
123,250	-0,428	-0,754
123,300	-0,427	-0,755
123,350	-0,428	-0,754
123,400	-0,428	-0,755
123,450	-0,428	-0,754
123,500	-0,428	-0,755
123,550	-0,428	-0,754
123,600	-0,429	-0,755
123,650	-0,429	-0,754
123,700	-0,430	-0,755
123,750	-0,429	-0,754
123,800	-0,431	-0,756
123,850	-0,432	-0,754
123,900	-0,432	-0,755
123,950	-0,434	-0,754
124,000	-0,435	-0,755
124,050	-0,435	-0,754
124,100	-0,435	-0,755
124,150	-0,435	-0,754
124,200	-0,435	-0,755
124,250	-0,435	-0,754
124,300	-0,436	-0,755
124,350	-0,438	-0,754
124,400	-0,443	-0,755
124,450	-0,446	-0,754
124,500	-0,446	-0,755
124,550	-0,446	-0,754
124,600	-0,446	-0,755
124,650	-0,446	-0,754
124,700	-0,446	-0,755
124,750	-0,446	-0,754
124,800	-0,446	-0,755
124,850	-0,446	-0,754
124,900	-0,446	-0,755
124,950	-0,446	-0,754
125,000	-0,446	-0,755
125,050	-0,446	-0,754
125,100	-0,446	-0,755
125,150	-0,446	-0,754
125,200	-0,446	-0,755
125,250	-0,446	-0,754
125,300	-0,446	-0,756
125,350	-0,446	-0,754
125,400	-0,446	-0,756
125,450	-0,446	-0,754
125,500	-0,446	-0,756
125,550	-0,446	-0,754
125,600	-0,446	-0,755
125,650	-0,446	-0,754
125,700	-0,446	-0,755
125,750	-0,446	-0,754
125,800	-0,446	-0,755
125,850	-0,446	-0,754
125,900	-0,446	-0,756
125,950	-0,446	-0,754
126,000	-0,446	-0,756
126,050	-0,446	-0,754
126,100	-0,446	-0,755
126,150	-0,446	-0,754
126,200	-0,446	-0,756
126,250	-0,446	-0,754
126,300	-0,446	-0,755
126,350	-0,446	-0,754
126,400	-0,446	-0,755
126,450	-0,446	-0,754
126,500	-0,448	-0,755
126,550	-0,449	-0,754
126,600	-0,451	-0,755
126,650	-0,453	-0,754
126,700	-0,455	-0,755
126,750	-0,458	-0,754
126,800	-0,460	-0,756
126,850	-0,460	-0,754
126,900	-0,461	-0,755
126,950	-0,461	-0,754
127,000	-0,463	-0,755
127,050	-0,464	-0,754
127,100	-0,465	-0,755
127,150	-0,465	-0,754
127,200	-0,466	-0,756
127,250	-0,467	-0,754
127,300	-0,469	-0,755
127,350	-0,470	-0,754
127,400	-0,472	-0,755
127,450	-0,473	-0,754
127,500	-0,473	-0,755
127,550	-0,473	-0,754
127,600	-0,473	-0,755
127,650	-0,473	-0,754
127,700	-0,473	-0,755
127,750	-0,473	-0,754
127,800	-0,473	-0,755
127,850	-0,473	-0,754
127,900	-0,473	-0,756
127,950	-0,473	-0,754
128,000	-0,473	-0,756
128,050	-0,473	-0,755
128,100	-0,473	-0,756
128,150	-0,473	-0,755
128,200	-0,473	-0,756
128,250	-0,473	-0,754
128,300	-0,473	-0,755
128,350	-0,473	-0,754
128,400	-0,473	-0,756
128,450	-0,473	-0,754
128,500	-0,473	-0,755
128,550	-0,473	-0,755
128,600	-0,473	-0,755
128,650	-0,473	-0,754
128,700	-0,473	-0,755
128,750	-0,473	-0,754
128,800	-0,473	-0,755
128,850	-0,473	-0,754
128,900	-0,473	-0,755
128,950	-0,473	-0,754
129,000	-0,473	-0,755
129,050	-0,473	-0,754
129,100	-0,473	-0,755
129,150	-0,473	-0,754
129,200	-0,473	-0,755
129,250	-0,473	-0,754
129,300	-0,473	-0,755
129,350	-0,473	-0,754
129,400	-0,473	-0,756
129,450	-0,473	-0,755
129,500	-0,473	-0,755
129,550	-0,473	-0,754
129,600	-0,473	-0,755
129,650	-0,474	-0,754
129,700	-0,473	-0,755
129,750	-0,474	-0,754
129,800	-0,473	-0,755
129,850	-0,474	-0,754
129,900	-0,474	-0,755
129,950	-0,474	-0,754
130,000	-0,474	-0,755
130,050	-0,474	-0,754
130,100	-0,474	-0,755
130,150	-0,474	-0,754
130,200	-0,474	-0,755
130,250	-0,473	-0,754
130,300	-0,474	-0,755
130,350	-0,474	-0,754
130,400	-0,474	-0,755
130,450	-0,474	-0,754
130,500	-0,473	-0,755
130,550	-0,473	-0,754
130,600	-0,471	-0,755
130,650	-0,469	-0,754
130,700	-0,468	-0,755
130,750	-0,467	-0,755
130,800	-0,466	-0,755
130,850	-0,466	-0,754
130,900	-0,466	-0,755
130,950	-0,463	-0,754
131,000	-0,461	-0,755
131,050	-0,459	-0,754
131,100	-0,457	-0,755
131,150	-0,455	-0,754
131,200	-0,454	-0,755
131,250	-0,451	-0,754
131,300	-0,450	-0,755
131,350	-0,449	-0,754
131,400	-0,446	-0,755
131,450	-0,445	-0,754
131,500	-0,445	-0,755
131,550	-0,444	-0,754
131,600	-0,444	-0,755
131,650	-0,445	-0,754
131,700	-0,445	-0,755
131,750	-0,445	-0,754
131,800	-0,444	-0,755
131,850	-0,444	-0,754
131,900	-0,443	-0,755
131,950	-0,443	-0,754
132,000	-0,443	-0,755
132,050	-0,443	-0,754
132,100	-0,441	-0,755
132,150	-0,440	-0,754
132,200	-0,438	-0,755
132,250	-0,438	-0,754
132,300	-0,437	-0,755
132,350	-0,437	-0,754
132,400	-0,437	-0,755
132,450	-0,437	-0,754
132,500	-0,437	-0,755
132,550	-0,437	-0,754
132,600	-0,437	-0,755
132,650	-0,437	-0,754
132,700	-0,437	-0,755
132,750	-0,437	-0,754
132,800	-0,437	-0,755
132,850	-0,437	-0,754
132,900	-0,437	-0,755
132,950	-0,437	-0,754
133,000	-0,437	-0,755
133,050	-0,436	-0,754
133,100	-0,435	-0,755
133,150	-0,434	-0,754
133,200	-0,433	-0,755
133,250	-0,433	-0,754
133,300	-0,433	-0,755
133,350	-0,433	-0,754
133,400	-0,433	-0,755
133,450	-0,431	-0,754
133,500	-0,430	-0,755
133,550	-0,430	-0,754
133,600	-0,430	-0,755
133,650	-0,430	-0,754
133,700	-0,430	-0,755
133,750	-0,430	-0,754
133,800	-0,429	-0,755
133,850	-0,429	-0,754
133,900	-0,429	-0,755
133,950	-0,429	-0,754
134,000	-0,429	-0,755
134,050	-0,429	-0,754
134,100	-0,428	-0,755
134,150	-0,428	-0,754
134,200	-0,426	-0,755
134,250	-0,425	-0,754
134,300	-0,424	-0,755
134,350	-0,424	-0,754
134,400	-0,424	-0,755
134,450	-0,424	-0,754
134,500	-0,424	-0,755
134,550	-0,423	-0,754
134,600	-0,422	-0,755
134,650	-0,421	-0,754
134,700	-0,420	-0,754
134,750	-0,420	-0,753
134,800	-0,420	-0,755
134,850	-0,420	-0,754
134,900	-0,420	-0,755
134,950	-0,420	-0,754
135,000	-0,419	-0,755
135,050	-0,418	-0,754
135,100	-0,417	-0,755
135,150	-0,417	-0,754
135,200	-0,417	-0,755
135,250	-0,417	-0,754
135,300	-0,417	-0,755
135,350	-0,417	-0,754
135,400	-0,416	-0,755
135,450	-0,415	-0,754
135,500	-0,413	-0,754
135,550	-0,413	-0,754
135,600	-0,413	-0,755
135,650	-0,413	-0,754
135,700	-0,413	-0,755
135,750	-0,411	-0,754
135,800	-0,411	-0,755
135,850	-0,411	-0,754
135,900	-0,411	-0,755
135,950	-0,411	-0,754
136,000	-0,411	-0,754
136,050	-0,411	-0,754
136,100	-0,410	-0,755
136,150	-0,409	-0,754
136,200	-0,408	-0,754
136,250	-0,407	-0,754
136,300	-0,405	-0,755
136,350	-0,405	-0,754
136,400	-0,405	-0,755
136,450	-0,405	-0,754
136,500	-0,405	-0,755
136,550	-0,405	-0,754
136,600	-0,403	-0,754
136,650	-0,402	-0,754
136,700	-0,401	-0,754
136,750	-0,400	-0,754
136,800	-0,398	-0,754
136,850	-0,398	-0,754
136,900	-0,396	-0,754
136,950	-0,395	-0,754
137,000	-0,394	-0,754
137,050	-0,393	-0,754
137,100	-0,393	-0,754
137,150	-0,392	-0,754
137,200	-0,392	-0,754
137,250	-0,392	-0,754
137,300	-0,391	-0,754
137,350	-0,391	-0,754
137,400	-0,391	-0,754
137,450	-0,391	-0,754
137,500	-0,389	-0,754
137,550	-0,387	-0,753
137,600	-0,385	-0,754
137,650	-0,383	-0,754
137,700	-0,383	-0,754
137,750	-0,383	-0,753
137,800	-0,383	-0,754
137,850	-0,382	-0,753
137,900	-0,382	-0,754
137,950	-0,382	-0,753
138,000	-0,382	-0,754
138,050	-0,382	-0,753
138,100	-0,382	-0,754
138,150	-0,382	-0,753
138,200	-0,382	-0,754
138,250	-0,381	-0,753
138,300	-0,380	-0,754
138,350	-0,380	-0,754
138,400	-0,379	-0,754
138,450	-0,378	-0,753
138,500	-0,377	-0,754
138,550	-0,378	-0,753
138,600	-0,377	-0,754
138,650	-0,377	-0,753
138,700	-0,377	-0,754
138,750	-0,377	-0,753
138,800	-0,377	-0,754
138,850	-0,377	-0,753
138,900	-0,377	-0,754
138,950	-0,378	-0,754
139,000	-0,377	-0,754
139,050	-0,377	-0,754
139,100	-0,377	-0,754
139,150	-0,377	-0,753
139,200	-0,376	-0,754
139,250	-0,375	-0,753
139,300	-0,375	-0,754
139,350	-0,375	-0,753
139,400	-0,375	-0,754
139,450	-0,375	-0,753
139,500	-0,375	-0,754
139,550	-0,374	-0,753
139,600	-0,373	-0,754
139,650	-0,372	-0,753
139,700	-0,372	-0,754
139,750	-0,372	-0,753
139,800	-0,371	-0,754
139,850	-0,372	-0,753
139,900	-0,372	-0,754
139,950	-0,372	-0,753
140,000	-0,372	-0,754
140,050	-0,372	-0,753
140,100	-0,372	-0,754
140,150	-0,372	-0,753
140,200	-0,372	-0,754
140,250	-0,372	-0,754
140,300	-0,372	-0,754
140,350	-0,372	-0,753
140,400	-0,372	-0,754
140,450	-0,372	-0,753
140,500	-0,372	-0,754
140,550	-0,372	-0,753
140,600	-0,372	-0,754
140,650	-0,371	-0,753
140,700	-0,371	-0,754
140,750	-0,370	-0,753
140,800	-0,370	-0,754
140,850	-0,370	-0,753
140,900	-0,369	-0,754
140,950	-0,368	-0,753
141,000	-0,368	-0,754
141,050	-0,367	-0,753
141,100	-0,367	-0,754
141,150	-0,367	-0,753
141,200	-0,367	-0,753
141,250	-0,367	-0,754
141,300	-0,367	-0,754
141,350	-0,366	-0,753
141,400	-0,366	-0,754
141,450	-0,364	-0,753
141,500	-0,362	-0,754
141,550	-0,360	-0,753
141,600	-0,360	-0,753
141,650	-0,360	-0,753
141,700	-0,359	-0,753
141,750	-0,359	-0,753
141,800	-0,359	-0,754
141,850	-0,359	-0,753
141,900	-0,359	-0,754
141,950	-0,359	-0,753
142,000	-0,359	-0,753
142,050	-0,358	-0,753
142,100	-0,358	-0,753
142,150	-0,358	-0,753
142,200	-0,357	-0,754
142,250	-0,356	-0,753
142,300	-0,356	-0,753
142,350	-0,356	-0,753
142,400	-0,356	-0,753
142,450	-0,356	-0,753
142,500	-0,356	-0,753
142,550	-0,356	-0,753
142,600	-0,355	-0,753
142,650	-0,355	-0,753
142,700	-0,355	-0,753
142,750	-0,355	-0,753
142,800	-0,354	-0,753
142,850	-0,354	-0,753
142,900	-0,354	-0,753
142,950	-0,354	-0,753
143,000	-0,353	-0,753
143,050	-0,353	-0,753
143,100	-0,353	-0,753
143,150	-0,352	-0,753
143,200	-0,352	-0,753
143,250	-0,351	-0,753
143,300	-0,351	-0,753
143,350	-0,352	-0,753
143,400	-0,351	-0,753
143,450	-0,351	-0,753
143,500	-0,351	-0,753
143,550	-0,350	-0,753
143,600	-0,350	-0,753
143,650	-0,349	-0,753
143,700	-0,349	-0,753
143,750	-0,350	-0,753
143,800	-0,349	-0,753
143,850	-0,349	-0,753
143,900	-0,349	-0,753
143,950	-0,348	-0,753
144,000	-0,347	-0,753
144,050	-0,347	-0,753
144,100	-0,345	-0,753
144,150	-0,344	-0,753
144,200	-0,344	-0,753
144,250	-0,343	-0,753
144,300	-0,344	-0,753
144,350	-0,343	-0,753
144,400	-0,343	-0,752
144,450	-0,344	-0,753
144,500	-0,344	-0,753
144,550	-0,344	-0,753
144,600	-0,344	-0,753
144,650	-0,344	-0,753
144,700	-0,344	-0,753
144,750	-0,344	-0,753
144,800	-0,344	-0,753
144,850	-0,344	-0,753
144,900	-0,343	-0,753
144,950	-0,343	-0,753
145,000	-0,343	-0,753
145,050	-0,342	-0,753
145,100	-0,342	-0,753
145,150	-0,342	-0,753
145,200	-0,342	-0,753
145,250	-0,341	-0,753
145,300	-0,341	-0,753
145,350	-0,341	-0,753
145,400	-0,340	-0,753
145,450	-0,337	-0,753
145,500	-0,336	-0,752
145,550	-0,335	-0,753
145,600	-0,334	-0,752
145,650	-0,334	-0,753
145,700	-0,333	-0,753
145,750	-0,331	-0,753
145,800	-0,330	-0,752
145,850	-0,329	-0,753
145,900	-0,329	-0,752
145,950	-0,330	-0,753
146,000	-0,329	-0,753
146,050	-0,328	-0,753
146,100	-0,328	-0,752
146,150	-0,327	-0,753
146,200	-0,327	-0,752
146,250	-0,326	-0,753
146,300	-0,326	-0,753
146,350	-0,325	-0,753
146,400	-0,325	-0,752
146,450	-0,324	-0,753
146,500	-0,323	-0,752
146,550	-0,322	-0,753
146,600	-0,321	-0,752
146,650	-0,321	-0,753
146,700	-0,321	-0,752
146,750	-0,320	-0,753
146,800	-0,320	-0,752
146,850	-0,319	-0,753
146,900	-0,318	-0,752
146,950	-0,317	-0,752
147,000	-0,317	-0,752
147,050	-0,317	-0,752
147,100	-0,316	-0,752
147,150	-0,316	-0,752
147,200	-0,316	-0,752
147,250	-0,315	-0,752
147,300	-0,315	-0,752
147,350	-0,315	-0,753
147,400	-0,314	-0,752
147,450	-0,314	-0,753
147,500	-0,314	-0,752
147,550	-0,313	-0,753
147,600	-0,312	-0,752
147,650	-0,313	-0,753
147,700	-0,312	-0,752
147,750	-0,312	-0,752
147,800	-0,310	-0,752
147,850	-0,307	-0,752
147,900	-0,306	-0,752
147,950	-0,305	-0,752
148,000	-0,305	-0,752
148,050	-0,304	-0,752
148,100	-0,304	-0,752
148,150	-0,303	-0,752
148,200	-0,303	-0,751
148,250	-0,301	-0,752
148,300	-0,301	-0,751
148,350	-0,301	-0,752
148,400	-0,301	-0,751
148,450	-0,301	-0,752
148,500	-0,301	-0,751
148,550	-0,301	-0,752
148,600	-0,301	-0,751
148,650	-0,301	-0,752
148,700	-0,301	-0,751
148,750	-0,300	-0,752
148,800	-0,300	-0,751
148,850	-0,300	-0,752
148,900	-0,299	-0,751
148,950	-0,299	-0,752
149,000	-0,299	-0,751
149,050	-0,298	-0,752
149,100	-0,298	-0,751
149,150	-0,298	-0,752
149,200	-0,297	-0,751
149,250	-0,297	-0,752
149,300	-0,297	-0,751
149,350	-0,297	-0,752
149,400	-0,297	-0,751
149,450	-0,297	-0,752
149,500	-0,297	-0,752
149,550	-0,296	-0,752
149,600	-0,294	-0,751
149,650	-0,294	-0,752
149,700	-0,293	-0,751
149,750	-0,292	-0,752
149,800	-0,290	-0,751
149,850	-0,288	-0,752
149,900	-0,287	-0,751
149,950	-0,287	-0,752
150,000	-0,287	-0,751
150,050	-0,287	-0,752
150,100	-0,286	-0,751
150,150	-0,285	-0,752
150,200	-0,284	-0,751
150,250	-0,283	-0,752
150,300	-0,283	-0,751
150,350	-0,282	-0,752
150,400	-0,282	-0,751
150,450	-0,281	-0,752
150,500	-0,280	-0,750
150,550	-0,280	-0,752
150,600	-0,280	-0,750
150,650	-0,279	-0,751
150,700	-0,279	-0,751
150,750	-0,278	-0,751
150,800	-0,278	-0,750
150,850	-0,278	-0,751
150,900	-0,279	-0,750
150,950	-0,279	-0,751
151,000	-0,279	-0,750
151,050	-0,279	-0,752
151,100	-0,279	-0,750
151,150	-0,279	-0,752
151,200	-0,279	-0,750
151,250	-0,279	-0,751
151,300	-0,278	-0,750
151,350	-0,279	-0,752
151,400	-0,278	-0,750
151,450	-0,278	-0,751
151,500	-0,277	-0,750
151,550	-0,278	-0,751
151,600	-0,277	-0,750
151,650	-0,277	-0,751
151,700	-0,276	-0,750
151,750	-0,275	-0,751
151,800	-0,276	-0,750
151,850	-0,275	-0,751
151,900	-0,274	-0,750
151,950	-0,273	-0,751
152,000	-0,274	-0,750
152,050	-0,274	-0,751
152,100	-0,272	-0,750
152,150	-0,271	-0,751
152,200	-0,271	-0,750
152,250	-0,271	-0,751
152,300	-0,271	-0,750
152,350	-0,271	-0,751
152,400	-0,270	-0,750
152,450	-0,270	-0,751
152,500	-0,269	-0,749
152,550	-0,268	-0,751
152,600	-0,268	-0,749
152,650	-0,268	-0,751
152,700	-0,268	-0,750
152,750	-0,267	-0,751
152,800	-0,268	-0,750
152,850	-0,268	-0,751
152,900	-0,267	-0,750
152,950	-0,267	-0,751
153,000	-0,267	-0,750
153,050	-0,267	-0,751
153,100	-0,267	-0,750
153,150	-0,267	-0,751
153,200	-0,267	-0,750
153,250	-0,266	-0,751
153,300	-0,264	-0,749
153,350	-0,265	-0,751
153,400	-0,264	-0,749
153,450	-0,263	-0,751
153,500	-0,263	-0,749
153,550	-0,261	-0,751
153,600	-0,261	-0,749
153,650	-0,261	-0,751
153,700	-0,259	-0,749
153,750	-0,258	-0,750
153,800	-0,257	-0,749
153,850	-0,257	-0,750
153,900	-0,257	-0,749
153,950	-0,257	-0,750
154,000	-0,257	-0,749
154,050	-0,257	-0,750
154,100	-0,257	-0,749
154,150	-0,257	-0,750
154,200	-0,256	-0,749
154,250	-0,256	-0,750
154,300	-0,256	-0,749
154,350	-0,253	-0,750
154,400	-0,251	-0,749
154,450	-0,249	-0,749
154,500	-0,249	-0,748
154,550	-0,249	-0,750
154,600	-0,249	-0,749
154,650	-0,249	-0,750
154,700	-0,249	-0,748
154,750	-0,249	-0,749
154,800	-0,248	-0,749
154,850	-0,247	-0,750
154,900	-0,246	-0,748
154,950	-0,245	-0,749
155,000	-0,244	-0,748
155,050	-0,244	-0,749
155,100	-0,244	-0,748
155,150	-0,244	-0,749
155,200	-0,244	-0,749
155,250	-0,244	-0,749
155,300	-0,244	-0,748
155,350	-0,244	-0,749
155,400	-0,244	-0,748
155,450	-0,244	-0,749
155,500	-0,244	-0,748
155,550	-0,243	-0,749
155,600	-0,243	-0,748
155,650	-0,241	-0,749
155,700	-0,240	-0,748
155,750	-0,241	-0,749
155,800	-0,240	-0,748
155,850	-0,241	-0,749
155,900	-0,241	-0,748
155,950	-0,240	-0,749
156,000	-0,241	-0,748
156,050	-0,240	-0,749
156,100	-0,240	-0,748
156,150	-0,240	-0,749
156,200	-0,241	-0,748
156,250	-0,240	-0,749
156,300	-0,240	-0,748
156,350	-0,240	-0,749
156,400	-0,240	-0,748
156,450	-0,239	-0,749
156,500	-0,237	-0,748
156,550	-0,233	-0,748
156,600	-0,231	-0,747
156,650	-0,230	-0,748
156,700	-0,229	-0,747
156,750	-0,229	-0,748
156,800	-0,229	-0,747
156,850	-0,229	-0,748
156,900	-0,229	-0,747
156,950	-0,229	-0,748
157,000	-0,229	-0,747
157,050	-0,229	-0,748
157,100	-0,229	-0,747
157,150	-0,228	-0,748
157,200	-0,228	-0,747
157,250	-0,228	-0,747
157,300	-0,228	-0,747
157,350	-0,227	-0,748
157,400	-0,227	-0,747
157,450	-0,226	-0,748
157,500	-0,226	-0,747
157,550	-0,225	-0,747
157,600	-0,225	-0,747
157,650	-0,225	-0,747
157,700	-0,225	-0,747
157,750	-0,225	-0,747
157,800	-0,225	-0,747
157,850	-0,225	-0,747
157,900	-0,225	-0,747
157,950	-0,223	-0,747
158,000	-0,222	-0,746
158,050	-0,222	-0,747
158,100	-0,222	-0,747
158,150	-0,222	-0,747
158,200	-0,221	-0,747
158,250	-0,221	-0,747
158,300	-0,221	-0,747
158,350	-0,221	-0,747
158,400	-0,221	-0,747
158,450	-0,221	-0,747
158,500	-0,220	-0,746
158,550	-0,220	-0,747
158,600	-0,221	-0,747
158,650	-0,220	-0,747
158,700	-0,221	-0,747
158,750	-0,221	-0,747
158,800	-0,221	-0,747
158,850	-0,221	-0,747
158,900	-0,220	-0,746
158,950	-0,220	-0,747
159,000	-0,220	-0,746
159,050	-0,220	-0,747
159,100	-0,220	-0,746
159,150	-0,219	-0,747
159,200	-0,219	-0,747
159,250	-0,218	-0,747
159,300	-0,216	-0,746
159,350	-0,215	-0,746
159,400	-0,213	-0,746
159,450	-0,213	-0,746
159,500	-0,213	-0,746
159,550	-0,213	-0,746
159,600	-0,213	-0,746
159,650	-0,213	-0,745
159,700	-0,213	-0,746
159,750	-0,213	-0,746
159,800	-0,212	-0,746
159,850	-0,211	-0,746
159,900	-0,211	-0,746
159,950	-0,208	-0,746
160,000	-0,208	-0,745
160,050	-0,208	-0,746
160,100	-0,208	-0,745
160,150	-0,207	-0,745
160,200	-0,202	-0,745
160,250	-0,198	-0,744
160,300	-0,198	-0,744
160,350	-0,197	-0,744
160,400	-0,197	-0,744
160,450	-0,197	-0,744
160,500	-0,197	-0,744
160,550	-0,196	-0,744
160,600	-0,195	-0,744
160,650	-0,194	-0,744
160,700	-0,194	-0,744
160,750	-0,194	-0,744
160,800	-0,194	-0,744
160,850	-0,194	-0,744
160,900	-0,194	-0,744
160,950	-0,194	-0,744
161,000	-0,194	-0,744
161,050	-0,193	-0,744
161,100	-0,192	-0,744
161,150	-0,191	-0,743
161,200	-0,190	-0,743
161,250	-0,190	-0,743
161,300	-0,189	-0,743
161,350	-0,189	-0,743
161,400	-0,188	-0,743
161,450	-0,186	-0,743
161,500	-0,182	-0,742
161,550	-0,179	-0,742
161,600	-0,178	-0,742
161,650	-0,178	-0,742
161,700	-0,178	-0,742
161,750	-0,177	-0,742
161,800	-0,177	-0,742
161,850	-0,176	-0,741
161,900	-0,173	-0,741
161,950	-0,171	-0,740
162,000	-0,170	-0,741
162,050	-0,169	-0,740
162,100	-0,168	-0,740
162,150	-0,168	-0,740
162,200	-0,167	-0,740
162,250	-0,167	-0,740
162,300	-0,166	-0,740
162,350	-0,166	-0,739
162,400	-0,165	-0,740
162,450	-0,165	-0,740
162,500	-0,165	-0,740
162,550	-0,164	-0,739
162,600	-0,164	-0,740
162,650	-0,164	-0,739
162,700	-0,163	-0,740
162,750	-0,161	-0,739
162,800	-0,161	-0,739
162,850	-0,160	-0,739
162,900	-0,160	-0,739
162,950	-0,158	-0,738
163,000	-0,157	-0,739
163,050	-0,157	-0,738
163,100	-0,156	-0,739
163,150	-0,156	-0,738
163,200	-0,155	-0,739
163,250	-0,154	-0,738
163,300	-0,153	-0,738
163,350	-0,153	-0,737
163,400	-0,153	-0,738
163,450	-0,153	-0,738
163,500	-0,153	-0,738
163,550	-0,153	-0,738
163,600	-0,152	-0,738
163,650	-0,152	-0,737
163,700	-0,152	-0,738
163,750	-0,151	-0,737
163,800	-0,150	-0,738
163,850	-0,150	-0,737
163,900	-0,150	-0,738
163,950	-0,149	-0,737
164,000	-0,147	-0,737
164,050	-0,146	-0,736
164,100	-0,146	-0,737
164,150	-0,146	-0,736
164,200	-0,146	-0,737
164,250	-0,146	-0,736
164,300	-0,146	-0,737
164,350	-0,146	-0,736
164,400	-0,146	-0,737
164,450	-0,145	-0,736
164,500	-0,145	-0,737
164,550	-0,145	-0,736
164,600	-0,145	-0,737
164,650	-0,144	-0,736
164,700	-0,143	-0,737
164,750	-0,141	-0,735
164,800	-0,140	-0,736
164,850	-0,139	-0,735
164,900	-0,138	-0,736
164,950	-0,138	-0,735
165,000	-0,138	-0,735
165,050	-0,138	-0,735
165,100	-0,138	-0,736
165,150	-0,137	-0,734
165,200	-0,136	-0,735
165,250	-0,136	-0,734
165,300	-0,136	-0,735
165,350	-0,136	-0,734
165,400	-0,135	-0,735
165,450	-0,135	-0,734
165,500	-0,135	-0,735
165,550	-0,133	-0,734
165,600	-0,132	-0,735
165,650	-0,132	-0,733
165,700	-0,130	-0,734
165,750	-0,131	-0,733
165,800	-0,130	-0,734
165,850	-0,130	-0,733
165,900	-0,130	-0,734
165,950	-0,129	-0,733
166,000	-0,129	-0,734
166,050	-0,128	-0,732
166,100	-0,128	-0,734
166,150	-0,127	-0,732
166,200	-0,126	-0,733
166,250	-0,126	-0,732
166,300	-0,126	-0,733
166,350	-0,124	-0,732
166,400	-0,122	-0,732
166,450	-0,122	-0,731
166,500	-0,121	-0,732
166,550	-0,121	-0,731
166,600	-0,121	-0,732
166,650	-0,120	-0,731
166,700	-0,120	-0,732
166,750	-0,120	-0,731
166,800	-0,120	-0,732
166,850	-0,119	-0,731
166,900	-0,119	-0,732
166,950	-0,117	-0,730
167,000	-0,117	-0,731
167,050	-0,116	-0,730
167,100	-0,116	-0,731
167,150	-0,116	-0,730
167,200	-0,116	-0,731
167,250	-0,115	-0,729
167,300	-0,114	-0,731
167,350	-0,113	-0,729
167,400	-0,113	-0,730
167,450	-0,112	-0,729
167,500	-0,112	-0,730
167,550	-0,112	-0,729
167,600	-0,112	-0,730
167,650	-0,112	-0,729
167,700	-0,111	-0,730
167,750	-0,110	-0,728
167,800	-0,109	-0,729
167,850	-0,108	-0,728
167,900	-0,107	-0,729
167,950	-0,106	-0,728
168,000	-0,105	-0,728
168,050	-0,104	-0,727
168,100	-0,103	-0,728
168,150	-0,102	-0,726
168,200	-0,102	-0,727
168,250	-0,102	-0,726
168,300	-0,102	-0,728
168,350	-0,102	-0,726
168,400	-0,102	-0,727
168,450	-0,097	-0,725
168,500	-0,096	-0,726
168,550	-0,092	-0,723
168,600	-0,089	-0,723
168,650	-0,089	-0,723
168,700	-0,089	-0,724
168,750	-0,089	-0,723
168,800	-0,089	-0,724
168,850	-0,089	-0,723
168,900	-0,089	-0,724
168,950	-0,089	-0,723
169,000	-0,089	-0,724
169,050	-0,089	-0,722
169,100	-0,089	-0,724
169,150	-0,089	-0,723
169,200	-0,088	-0,723
169,250	-0,088	-0,723
169,300	-0,084	-0,722
169,350	-0,082	-0,720
169,400	-0,081	-0,721
169,450	-0,081	-0,720
169,500	-0,080	-0,721
169,550	-0,080	-0,720
169,600	-0,079	-0,720
169,650	-0,079	-0,719
169,700	-0,078	-0,720
169,750	-0,078	-0,719
169,800	-0,077	-0,720
169,850	-0,076	-0,718
169,900	-0,076	-0,719
169,950	-0,075	-0,718
170,000	-0,074	-0,719
170,050	-0,070	-0,716
170,100	-0,070	-0,717
170,150	-0,068	-0,715
170,200	-0,068	-0,716
170,250	-0,067	-0,715
170,300	-0,066	-0,715
170,350	-0,065	-0,714
170,400	-0,064	-0,715
170,450	-0,063	-0,713
170,500	-0,062	-0,714
170,550	-0,061	-0,712
170,600	-0,060	-0,713
170,650	-0,058	-0,710
170,700	-0,057	-0,711
170,750	-0,056	-0,710
170,800	-0,056	-0,711
170,850	-0,055	-0,709
170,900	-0,056	-0,711
170,950	-0,055	-0,709
171,000	-0,054	-0,709
171,050	-0,050	-0,706
171,100	-0,050	-0,707
171,150	-0,049	-0,706
171,200	-0,049	-0,707
171,250	-0,048	-0,705
171,300	-0,048	-0,706
171,350	-0,047	-0,704
171,400	-0,046	-0,705
171,450	-0,044	-0,702
171,500	-0,042	-0,703
171,550	-0,040	-0,699
171,600	-0,039	-0,700
171,650	-0,032	-0,694
171,700	-0,030	-0,692
171,750	-0,029	-0,691
171,800	-0,029	-0,691
171,850	-0,029	-0,690
171,900	-0,028	-0,691
171,950	-0,028	-0,690
172,000	-0,027	-0,690
172,050	-0,025	-0,687
172,100	-0,024	-0,687
172,150	-0,023	-0,685
172,200	-0,022	-0,685
172,250	-0,022	-0,684
172,300	-0,021	-0,683
172,350	-0,020	-0,681
172,400	-0,017	-0,679
172,450	-0,017	-0,678
172,500	-0,015	-0,676
172,550	-0,013	-0,672
172,600	-0,013	-0,673
172,650	-0,012	-0,670
172,700	-0,011	-0,670
172,750	-0,011	-0,668
172,800	-0,008	-0,664
172,850	-0,008	-0,661
172,900	-0,008	-0,662
172,950	-0,007	-0,661
173,000	-0,008	-0,662
173,050	-0,007	-0,660
173,100	-0,007	-0,660
173,150	-0,005	-0,655
173,200	-0,005	-0,655
173,250	-0,004	-0,651
173,300	-0,004	-0,651
173,350	-0,003	-0,650
173,400	-0,003	-0,651
173,450	-0,004	-0,650
173,500	-0,004	-0,651
173,550	-0,003	-0,650
173,600	-0,003	-0,651
173,650	-0,003	-0,649
173,700	-0,003	-0,650
173,750	-0,003	-0,649
173,800	-0,004	-0,650
173,850	-0,003	-0,649
173,900	-0,003	-0,650
173,950	-0,003	-0,648
174,000	-0,003	-0,649
174,050	-0,003	-0,648
174,100	-0,003	-0,648
174,150	-0,003	-0,648
174,200	-0,003	-0,649
174,250	-0,003	-0,648
174,300	-0,003	-0,648
174,350	-0,002	-0,645
174,400	-0,002	-0,646
174,450	-0,002	-0,646
174,500	-0,002	-0,646
174,550	-3,555E-4	-0,634
174,600	5,735E-4	-0,628
174,650	4,929E-4	-0,625
174,700	5,149E-4	-0,626
174,750	7,542E-4	-0,625
174,800	4,063E-4	-0,626
174,850	6,052E-4	-0,625
174,900	6,150E-4	-0,626
174,950	2,903E-4	-0,626
175,000	4,795E-4	-0,626
175,050	7,432E-4	-0,625
175,100	3,208E-4	-0,626
175,150	2,366E-4	-0,626
175,200	6,919E-4	-0,626
175,250	4,783E-4	-0,625
175,300	3,440E-4	-0,626
175,350	6,394E-4	-0,625
175,400	2,439E-4	-0,626
175,450	4,014E-4	-0,625
175,500	5,491E-4	-0,626
175,550	4,075E-4	-0,625
175,600	2,012E-4	-0,626
175,650	5,198E-4	-0,625
175,700	5,344E-4	-0,626
175,750	4,673E-4	-0,625
175,800	6,504E-4	-0,626
175,850	5,979E-4	-0,625
175,900	5,222E-4	-0,626
175,950	6,528E-4	-0,625
176,000	6,760E-4	-0,626
176,050	4,551E-4	-0,626
176,100	0,001	-0,625
176,150	7,346E-4	-0,625
176,200	4,478E-4	-0,626
176,250	4,099E-4	-0,626
176,300	7,346E-4	-0,626
176,350	3,892E-4	-0,626
176,400	4,941E-4	-0,626
176,450	3,782E-4	-0,626
176,500	4,282E-4	-0,626
176,550	1,096E-4	-0,626
176,600	4,282E-4	-0,626
176,650	7,102E-4	-0,625
176,700	4,124E-4	-0,626
176,750	6,016E-4	-0,625
176,800	3,892E-4	-0,626
176,850	6,064E-4	-0,625
176,900	2,500E-4	-0,626
176,950	4,722E-4	-0,626
177,000	8,152E-4	-0,626
177,050	6,785E-4	-0,625
177,100	4,246E-4	-0,626
177,150	6,614E-4	-0,625
177,200	3,623E-4	-0,626
177,250	7,383E-4	-0,625
177,300	6,150E-4	-0,626
177,350	6,333E-4	-0,626
177,400	6,223E-4	-0,626
177,450	7,542E-4	-0,625
177,500	3,391E-4	-0,626
177,550	5,942E-4	-0,626
177,600	7,737E-4	-0,626
177,650	2,390E-4	-0,626
177,700	6,125E-4	-0,626
177,750	3,013E-4	-0,626
177,800	3,354E-4	-0,626
177,850	7,090E-4	-0,626
177,900	7,932E-4	-0,625
177,950	4,856E-4	-0,626
178,000	7,078E-4	-0,625
178,050	4,038E-4	-0,626
178,100	3,245E-4	-0,626
178,150	2,634E-4	-0,626
178,200	3,611E-4	-0,626
178,250	5,576E-4	-0,626
178,300	5,955E-4	-0,626
178,350	5,771E-4	-0,626
178,400	3,171E-4	-0,626
178,450	5,527E-4	-0,626
178,500	3,879E-4	-0,626
178,550	5,149E-4	-0,626
178,600	5,283E-4	-0,626
178,650	6,370E-4	-0,626
178,700	3,416E-4	-0,626
178,750	6,663E-4	-0,626
178,800	5,613E-4	-0,625
178,850	6,675E-4	-0,626
178,900	5,723E-4	-0,625
178,950	7,712E-4	-0,626
179,000	5,381E-4	-0,625
179,050	2,390E-4	-0,626
179,100	5,747E-4	-0,625
179,150	5,564E-4	-0,626
179,200	1,707E-4	-0,626
179,250	4,087E-4	-0,626
179,300	3,940E-4	-0,626
179,350	6,479E-4	-0,626
179,400	5,747E-4	-0,625
179,450	5,234E-4	-0,626
179,500	5,430E-4	-0,625
179,550	3,428E-4	-0,626
179,600	5,503E-4	-0,625
179,650	0,002	-0,584
179,700	0,002	-0,456
179,750	0,002	-0,245
179,800	0,018	0,012
179,850	0,018	0,062
179,900	0,004	0,033
179,950	0,005	0,036
180,000	0,004	0,033
180,050	0,005	0,034
180,100	0,005	0,035
180,150	0,005	0,033
180,200	0,005	0,034
180,250	0,005	0,034
180,300	0,005	0,034
180,350	0,004	0,033
180,400	0,005	0,034
180,450	0,005	0,033
180,500	0,005	0,034
180,550	0,005	0,033
180,600	0,005	0,034
180,650	0,005	0,033
180,700	0,005	0,034
180,750	0,005	0,033
180,800	0,005	0,034
180,850	0,005	0,033
180,900	0,005	0,034
180,950	0,005	0,033
181,000	0,005	0,034
181,050	0,005	0,033
181,100	0,004	0,034
181,150	0,005	0,033
181,200	0,005	0,034
181,250	0,005	0,033
181,300	0,005	0,034
181,350	0,005	0,033
181,400	0,005	0,034
181,450	0,005	0,033
181,500	0,005	0,034
181,550	0,005	0,033
181,600	0,005	0,034
181,650	0,005	0,033
181,700	0,005	0,034
181,750	0,005	0,033
181,800	0,005	0,034
181,850	0,005	0,033
181,900	0,005	0,034
181,950	0,005	0,033
182,000	0,005	0,034
182,050	0,005	0,033
182,100	0,005	0,034
182,150	0,005	0,033
182,200	0,005	0,034
182,250	0,005	0,033
182,300	0,005	0,034
182,350	0,005	0,033
182,400	0,005	0,034
182,450	0,005	0,033
182,500	0,005	0,034
182,550	0,004	0,032
182,600	0,005	0,034
182,650	0,005	0,033
182,700	0,004	0,034
182,750	0,005	0,032
182,800	0,005	0,034
182,850	0,005	0,033
182,900	0,005	0,034
182,950	0,005	0,032
183,000	0,005	0,034
183,050	0,004	0,032
183,100	0,005	0,034
183,150	0,005	0,032
183,200	0,005	0,034
183,250	0,004	0,032
183,300	0,005	0,034
183,350	0,005	0,033
183,400	0,005	0,033
183,450	0,005	0,033
183,500	0,005	0,033
183,550	0,005	0,032
183,600	0,005	0,034
183,650	0,005	0,032
183,700	0,004	0,033
183,750	0,005	0,032
183,800	0,005	0,034
183,850	0,005	0,032
183,900	0,005	0,033
183,950	0,005	0,033
184,000	0,005	0,034
184,050	0,005	0,032
184,100	0,005	0,034
184,150	0,005	0,032
184,200	0,005	0,034
184,250	0,005	0,033
184,300	0,005	0,034
184,350	0,005	0,032
184,400	0,005	0,034
184,450	0,005	0,032
184,500	0,005	0,034
184,550	0,005	0,032
184,600	0,005	0,034
184,650	0,005	0,032
184,700	0,005	0,033
184,750	0,005	0,032
184,800	0,005	0,033
184,850	0,005	0,032
184,900	0,005	0,033
184,950	0,005	0,032
185,000	0,005	0,034
185,050	0,005	0,032
185,100	0,005	0,034
185,150	0,005	0,032
185,200	0,005	0,034
185,250	0,005	0,032
185,300	0,005	0,033
185,350	0,005	0,032
185,400	0,005	0,033
185,450	0,005	0,032
185,500	0,005	0,033
185,550	0,005	0,032
185,600	0,005	0,034
185,650	0,005	0,032
185,700	0,005	0,033
185,750	0,005	0,032
185,800	0,005	0,033
185,850	0,005	0,032
185,900	0,005	0,033
185,950	0,004	0,032
186,000	0,005	0,033
186,050	0,005	0,032
186,100	0,005	0,033
186,150	0,005	0,032
186,200	0,005	0,033
186,250	0,004	0,032
186,300	0,005	0,033
186,350	0,004	0,032
186,400	0,004	0,033
186,450	0,005	0,032
186,500	0,004	0,033
186,550	0,005	0,032
186,600	0,005	0,033
186,650	0,005	0,032
186,700	0,005	0,033
186,750	0,005	0,032
186,800	0,005	0,034
186,850	0,005	0,032
186,900	0,005	0,033
186,950	0,005	0,032
187,000	0,005	0,033
187,050	0,005	0,032
187,100	0,005	0,033
187,150	0,005	0,033
187,200	0,005	0,033
187,250	0,005	0,032
187,300	0,005	0,033
187,350	0,005	0,032
187,400	0,005	0,033
187,450	0,005	0,032
187,500	0,005	0,033
187,550	0,005	0,032
187,600	0,004	0,033
187,650	0,005	0,032
187,700	0,005	0,033
187,750	0,005	0,032
187,800	0,005	0,033
187,850	0,005	0,032
187,900	0,005	0,033
187,950	0,005	0,032
188,000	0,005	0,033
188,050	0,005	0,032
188,100	0,005	0,033
188,150	0,005	0,032
188,200	0,005	0,033
188,250	0,005	0,032
188,300	0,005	0,033
188,350	0,005	0,032
188,400	0,005	0,033
188,450	0,005	0,032
188,500	0,005	0,033
188,550	0,005	0,032
188,600	0,005	0,033
188,650	0,005	0,032
188,700	0,005	0,033
188,750	0,005	0,032
188,800	0,005	0,033
188,850	0,005	0,032
188,900	0,005	0,033
188,950	0,005	0,032
189,000	0,005	0,033
189,050	0,005	0,032
189,100	0,005	0,033
189,150	0,005	0,032
189,200	0,005	0,033
189,250	0,005	0,032
189,300	0,005	0,034
189,350	0,005	0,032
189,400	0,004	0,033
189,450	0,005	0,032
189,500	0,005	0,033
189,550	0,005	0,032
189,600	0,005	0,033
189,650	0,005	0,032
189,700	0,005	0,033
189,750	0,005	0,032
189,800	0,005	0,033
189,850	0,005	0,032
189,900	0,004	0,033
189,950	0,005	0,032
190,000	0,005	0,033
190,050	0,005	0,032
190,100	0,005	0,033
190,150	0,005	0,032
190,200	0,005	0,033
190,250	0,005	0,032
190,300	0,005	0,033
190,350	0,005	0,032
190,400	0,005	0,033
190,450	0,005	0,032
190,500	0,005	0,033
190,550	0,005	0,032
190,600	0,005	0,033
190,650	0,005	0,032
190,700	0,005	0,033
190,750	0,005	0,032
190,800	0,005	0,033
190,850	0,005	0,032
190,900	0,005	0,033
190,950	0,005	0,032
191,000	0,005	0,033
191,050	0,005	0,032
191,100	0,005	0,033
191,150	0,005	0,032
191,200	0,005	0,033
191,250	0,005	0,032
191,300	0,005	0,033
191,350	0,005	0,032
191,400	0,005	0,033
191,450	0,005	0,032
191,500	0,005	0,033
191,550	0,005	0,032
191,600	0,005	0,033
191,650	0,005	0,032
191,700	0,005	0,033
191,750	0,005	0,032
191,800	0,005	0,033
191,850	0,005	0,033
191,900	0,005	0,033
191,950	0,005	0,032
192,000	0,005	0,033
192,050	0,005	0,032
192,100	0,005	0,033
192,150	0,005	0,032
192,200	0,005	0,033
192,250	0,005	0,033
192,300	0,005	0,033
192,350	0,005	0,033
192,400	0,005	0,033
192,450	0,005	0,033
192,500	0,005	0,033
192,550	0,005	0,033
192,600	0,005	0,034
192,650	0,005	0,033
192,700	0,005	0,033
192,750	0,005	0,032
192,800	0,005	0,033
192,850	0,005	0,032
192,900	0,005	0,033
192,950	0,005	0,033
193,000	0,005	0,033
193,050	0,005	0,034
193,100	0,005	0,034
193,150	0,005	0,033
193,200	0,005	0,034
193,250	0,006	0,036
193,300	0,006	0,035
193,350	0,006	0,035
193,400	0,006	0,036
193,450	0,006	0,035
193,500	0,006	0,036
193,550	0,006	0,035
193,600	0,006	0,036
193,650	0,006	0,035
193,700	0,006	0,035
193,750	0,006	0,036
193,800	0,006	0,035
193,850	0,006	0,035
193,900	0,006	0,036
193,950	0,006	0,035
194,000	0,006	0,036
194,050	0,006	0,035
194,100	0,006	0,036
194,150	0,006	0,035
194,200	0,006	0,035
194,250	0,006	0,035
194,300	0,006	0,035
194,350	0,006	0,035
194,400	0,006	0,036
194,450	0,008	0,039
194,500	0,011	0,046
194,550	0,011	0,047
194,600	0,012	0,050
194,650	0,012	0,049
194,700	0,012	0,050
194,750	0,012	0,050
194,800	0,013	0,051
194,850	0,014	0,053
194,900	0,015	0,055
194,950	0,015	0,055
195,000	0,016	0,056
195,050	0,016	0,057
195,100	0,018	0,059
195,150	0,018	0,059
195,200	0,018	0,059
195,250	0,018	0,059
195,300	0,018	0,059
195,350	0,018	0,059
195,400	0,018	0,059
195,450	0,018	0,059
195,500	0,018	0,059
195,550	0,019	0,060
195,600	0,019	0,061
195,650	0,020	0,061
195,700	0,021	0,063
195,750	0,021	0,063
195,800	0,022	0,064
195,850	0,023	0,066
195,900	0,024	0,066
195,950	0,026	0,069
196,000	0,026	0,069
196,050	0,026	0,069
196,100	0,026	0,069
196,150	0,026	0,069
196,200	0,027	0,070
196,250	0,029	0,072
196,300	0,030	0,073
196,350	0,031	0,074
196,400	0,031	0,074
196,450	0,032	0,075
196,500	0,033	0,075
196,550	0,032	0,075
196,600	0,033	0,076
196,650	0,033	0,076
196,700	0,034	0,076
196,750	0,034	0,077
196,800	0,034	0,076
196,850	0,036	0,078
196,900	0,037	0,079
196,950	0,038	0,080
197,000	0,039	0,080
197,050	0,039	0,081
197,100	0,040	0,081
197,150	0,040	0,082
197,200	0,042	0,083
197,250	0,042	0,083
197,300	0,043	0,084
197,350	0,044	0,084
197,400	0,043	0,084
197,450	0,045	0,085
197,500	0,047	0,086
197,550	0,049	0,088
197,600	0,049	0,088
197,650	0,050	0,088
197,700	0,050	0,088
197,750	0,050	0,088
197,800	0,050	0,088
197,850	0,051	0,089
197,900	0,051	0,089
197,950	0,053	0,090
198,000	0,054	0,090
198,050	0,055	0,091
198,100	0,056	0,091
198,150	0,056	0,092
198,200	0,056	0,091
198,250	0,056	0,092
198,300	0,057	0,092
198,350	0,057	0,092
198,400	0,057	0,092
198,450	0,058	0,093
198,500	0,058	0,092
198,550	0,058	0,093
198,600	0,060	0,093
198,650	0,060	0,094
198,700	0,061	0,094
198,750	0,061	0,095
198,800	0,061	0,094
198,850	0,061	0,095
198,900	0,062	0,094
198,950	0,062	0,095
199,000	0,062	0,094
199,050	0,061	0,095
199,100	0,062	0,094
199,150	0,062	0,095
199,200	0,062	0,094
199,250	0,063	0,096
199,300	0,064	0,095
199,350	0,065	0,097
199,400	0,066	0,096
199,450	0,066	0,097
199,500	0,067	0,097
199,550	0,072	0,100
199,600	0,076	0,100
199,650	0,077	0,102
199,700	0,077	0,101
199,750	0,078	0,102
199,800	0,077	0,101
199,850	0,077	0,102
199,900	0,079	0,102
199,950	0,082	0,103
200,000	0,084	0,103
200,050	0,084	0,104
200,100	0,084	0,103
200,150	0,084	0,104
200,200	0,084	0,104
200,250	0,085	0,104
200,300	0,084	0,104
200,350	0,084	0,104
200,400	0,084	0,103
200,450	0,084	0,104
200,500	0,084	0,103
200,550	0,084	0,104
200,600	0,086	0,104
200,650	0,088	0,106
200,700	0,088	0,105
200,750	0,087	0,105
200,800	0,087	0,105
200,850	0,087	0,105
200,900	0,088	0,105
200,950	0,088	0,106
201,000	0,088	0,105
201,050	0,088	0,106
201,100	0,089	0,105
201,150	0,090	0,106
201,200	0,093	0,106
201,250	0,093	0,107
201,300	0,094	0,107
201,350	0,094	0,108
201,400	0,094	0,107
201,450	0,093	0,107
201,500	0,094	0,106
201,550	0,094	0,108
201,600	0,097	0,107
201,650	0,098	0,109
201,700	0,098	0,108
201,750	0,098	0,109
201,800	0,101	0,109
201,850	0,103	0,110
201,900	0,104	0,109
201,950	0,106	0,111
202,000	0,107	0,110
202,050	0,107	0,112
202,100	0,112	0,111
202,150	0,114	0,113
202,200	0,118	0,113
202,250	0,120	0,114
202,300	0,120	0,114
202,350	0,120	0,114
202,400	0,120	0,113
202,450	0,121	0,115
202,500	0,121	0,114
202,550	0,121	0,115
202,600	0,122	0,114
202,650	0,124	0,115
202,700	0,125	0,114
202,750	0,125	0,116
202,800	0,125	0,114
202,850	0,125	0,116
202,900	0,126	0,115
202,950	0,126	0,116
203,000	0,126	0,115
203,050	0,125	0,116
203,100	0,126	0,115
203,150	0,127	0,116
203,200	0,128	0,115
203,250	0,132	0,117
203,300	0,132	0,116
203,350	0,133	0,117
203,400	0,136	0,117
203,450	0,139	0,118
203,500	0,140	0,118
203,550	0,140	0,118
203,600	0,140	0,117
203,650	0,140	0,119
203,700	0,141	0,118
203,750	0,143	0,119
203,800	0,146	0,119
203,850	0,149	0,121
203,900	0,151	0,120
203,950	0,152	0,121
204,000	0,153	0,120
204,050	0,156	0,122
204,100	0,157	0,121
204,150	0,157	0,122
204,200	0,157	0,121
204,250	0,157	0,122
204,300	0,157	0,120
204,350	0,157	0,122
204,400	0,157	0,121
204,450	0,157	0,122
204,500	0,157	0,121
204,550	0,157	0,122
204,600	0,157	0,120
204,650	0,157	0,122
204,700	0,157	0,120
204,750	0,157	0,122
204,800	0,157	0,121
204,850	0,157	0,122
204,900	0,157	0,120
204,950	0,158	0,122
205,000	0,161	0,121
205,050	0,164	0,123
205,100	0,168	0,122
205,150	0,168	0,123
205,200	0,169	0,123
205,250	0,169	0,123
205,300	0,169	0,122
205,350	0,169	0,123
205,400	0,170	0,123
205,450	0,169	0,124
205,500	0,170	0,123
205,550	0,170	0,124
205,600	0,170	0,123
205,650	0,173	0,124
205,700	0,175	0,123
205,750	0,176	0,125
205,800	0,176	0,123
205,850	0,176	0,124
205,900	0,176	0,123
205,950	0,177	0,125
206,000	0,178	0,124
206,050	0,179	0,125
206,100	0,179	0,124
206,150	0,180	0,125
206,200	0,182	0,124
206,250	0,183	0,126
206,300	0,183	0,124
206,350	0,184	0,126
206,400	0,186	0,125
206,450	0,188	0,126
206,500	0,193	0,126
206,550	0,198	0,127
206,600	0,198	0,126
206,650	0,198	0,127
206,700	0,199	0,126
206,750	0,199	0,128
206,800	0,203	0,127
206,850	0,207	0,128
206,900	0,210	0,128
206,950	0,213	0,129
207,000	0,215	0,128
207,050	0,215	0,129
207,100	0,215	0,128
207,150	0,215	0,129
207,200	0,216	0,128
207,250	0,215	0,129
207,300	0,217	0,128
207,350	0,224	0,130
207,400	0,226	0,129
207,450	0,229	0,131
207,500	0,231	0,129
207,550	0,232	0,131
207,600	0,232	0,130
207,650	0,232	0,131
207,700	0,234	0,130
207,750	0,237	0,131
207,800	0,240	0,130
207,850	0,243	0,132
207,900	0,244	0,130
207,950	0,245	0,132
208,000	0,247	0,131
208,050	0,248	0,132
208,100	0,248	0,131
208,150	0,248	0,132
208,200	0,248	0,131
208,250	0,249	0,132
208,300	0,251	0,131
208,350	0,251	0,132
208,400	0,251	0,131
208,450	0,251	0,132
208,500	0,251	0,131
208,550	0,251	0,132
208,600	0,251	0,131
208,650	0,251	0,132
208,700	0,252	0,131
208,750	0,252	0,132
208,800	0,252	0,131
208,850	0,252	0,132
208,900	0,253	0,131
208,950	0,257	0,133
209,000	0,260	0,132
209,050	0,261	0,133
209,100	0,261	0,132
209,150	0,262	0,133
209,200	0,262	0,132
209,250	0,263	0,133
209,300	0,264	0,132
209,350	0,264	0,133
209,400	0,264	0,132
209,450	0,264	0,133
209,500	0,264	0,132
209,550	0,264	0,133
209,600	0,267	0,132
209,650	0,271	0,133
209,700	0,272	0,133
209,750	0,272	0,133
209,800	0,273	0,132
209,850	0,274	0,133
209,900	0,275	0,133
209,950	0,275	0,134
210,000	0,277	0,133
210,050	0,278	0,133
210,100	0,278	0,133
210,150	0,278	0,134
210,200	0,279	0,133
210,250	0,280	0,134
210,300	0,281	0,133
210,350	0,282	0,134
210,400	0,282	0,133
210,450	0,283	0,134
210,500	0,287	0,133
210,550	0,293	0,134
210,600	0,294	0,133
210,650	0,294	0,134
210,700	0,294	0,133
210,750	0,294	0,134
210,800	0,295	0,133
210,850	0,296	0,134
210,900	0,298	0,134
210,950	0,301	0,135
211,000	0,302	0,134
211,050	0,302	0,135
211,100	0,302	0,134
211,150	0,302	0,135
211,200	0,302	0,134
211,250	0,302	0,134
211,300	0,303	0,134
211,350	0,304	0,134
211,400	0,305	0,134
211,450	0,307	0,135
211,500	0,308	0,134
211,550	0,310	0,134
211,600	0,312	0,134
211,650	0,315	0,135
211,700	0,317	0,134
211,750	0,318	0,135
211,800	0,318	0,134
211,850	0,320	0,135
211,900	0,323	0,135
211,950	0,324	0,135
212,000	0,325	0,135
212,050	0,326	0,135
212,100	0,327	0,135
212,150	0,328	0,135
212,200	0,328	0,135
212,250	0,329	0,135
212,300	0,329	0,135
212,350	0,331	0,135
212,400	0,333	0,135
212,450	0,334	0,135
212,500	0,335	0,135
212,550	0,335	0,136
212,600	0,334	0,135
212,650	0,336	0,135
212,700	0,337	0,135
212,750	0,340	0,135
212,800	0,343	0,135
212,850	0,344	0,136
212,900	0,346	0,135
212,950	0,348	0,135
213,000	0,350	0,135
213,050	0,353	0,136
213,100	0,354	0,135
213,150	0,356	0,136
213,200	0,358	0,135
213,250	0,360	0,135
213,300	0,361	0,135
213,350	0,364	0,136
213,400	0,367	0,135
213,450	0,368	0,136
213,500	0,368	0,135
213,550	0,368	0,136
213,600	0,369	0,135
213,650	0,369	0,135
213,700	0,371	0,135
213,750	0,371	0,135
213,800	0,372	0,135
213,850	0,372	0,136
213,900	0,373	0,135
213,950	0,375	0,136
214,000	0,376	0,135
214,050	0,379	0,136
214,100	0,380	0,136
214,150	0,383	0,136
214,200	0,385	0,136
214,250	0,386	0,136
214,300	0,387	0,135
214,350	0,392	0,136
214,400	0,393	0,136
214,450	0,396	0,136
214,500	0,397	0,136
214,550	0,398	0,136
214,600	0,398	0,136
214,650	0,398	0,136
214,700	0,398	0,136
214,750	0,398	0,136
214,800	0,398	0,136
214,850	0,398	0,136
214,900	0,398	0,136
214,950	0,399	0,136
215,000	0,399	0,136
215,050	0,399	0,136
215,100	0,399	0,136
215,150	0,398	0,136
215,200	0,399	0,136
215,250	0,401	0,136
215,300	0,404	0,136
215,350	0,406	0,136
215,400	0,406	0,136
215,450	0,406	0,136
215,500	0,406	0,136
215,550	0,407	0,136
215,600	0,409	0,136
215,650	0,411	0,136
215,700	0,413	0,136
215,750	0,413	0,136
215,800	0,413	0,136
215,850	0,413	0,136
215,900	0,413	0,136
215,950	0,414	0,136
216,000	0,414	0,136
216,050	0,414	0,136
216,100	0,416	0,136
216,150	0,417	0,136
216,200	0,418	0,136
216,250	0,419	0,136
216,300	0,420	0,136
216,350	0,420	0,136
216,400	0,420	0,136
216,450	0,420	0,136
216,500	0,420	0,137
216,550	0,420	0,136
216,600	0,423	0,137
216,650	0,423	0,136
216,700	0,424	0,136
216,750	0,424	0,136
216,800	0,424	0,137
216,850	0,425	0,136
216,900	0,427	0,136
216,950	0,428	0,136
217,000	0,428	0,137
217,050	0,429	0,136
217,100	0,429	0,136
217,150	0,429	0,136
217,200	0,430	0,137
217,250	0,431	0,136
217,300	0,431	0,137
217,350	0,431	0,136
217,400	0,431	0,136
217,450	0,431	0,136
217,500	0,431	0,136
217,550	0,432	0,136
217,600	0,432	0,137
217,650	0,433	0,136
217,700	0,433	0,137
217,750	0,433	0,136
217,800	0,434	0,136
217,850	0,435	0,136
217,900	0,435	0,137
217,950	0,436	0,136
218,000	0,436	0,137
218,050	0,436	0,136
218,100	0,436	0,137
218,150	0,436	0,136
218,200	0,436	0,137
218,250	0,436	0,136
218,300	0,436	0,137
218,350	0,436	0,136
218,400	0,436	0,137
218,450	0,436	0,136
218,500	0,436	0,137
218,550	0,436	0,136
218,600	0,437	0,137
218,650	0,437	0,135
218,700	0,438	0,136
218,750	0,438	0,136
218,800	0,438	0,137
218,850	0,438	0,136
218,900	0,438	0,137
218,950	0,438	0,136
219,000	0,438	0,137
219,050	0,438	0,136
219,100	0,438	0,137
219,150	0,438	0,136
219,200	0,438	0,137
219,250	0,438	0,136
219,300	0,438	0,137
219,350	0,438	0,136
219,400	0,439	0,137
219,450	0,439	0,136
219,500	0,439	0,137
219,550	0,439	0,136
219,600	0,439	0,137
219,650	0,439	0,136
219,700	0,440	0,137
219,750	0,442	0,136
219,800	0,442	0,137
219,850	0,443	0,136
219,900	0,442	0,137
219,950	0,443	0,136
220,000	0,444	0,137
220,050	0,445	0,136
220,100	0,445	0,137
220,150	0,445	0,136
220,200	0,445	0,137
220,250	0,446	0,136
220,300	0,446	0,137
220,350	0,446	0,136
220,400	0,446	0,137
220,450	0,446	0,136
220,500	0,447	0,136
220,550	0,449	0,136
220,600	0,449	0,137
220,650	0,449	0,135
220,700	0,449	0,137
220,750	0,449	0,136
220,800	0,450	0,137
220,850	0,451	0,136
220,900	0,452	0,137
220,950	0,453	0,136
221,000	0,453	0,137
221,050	0,453	0,136
221,100	0,453	0,137
221,150	0,453	0,136
221,200	0,453	0,137
221,250	0,453	0,136
221,300	0,453	0,137
221,350	0,453	0,136
221,400	0,453	0,137
221,450	0,453	0,136
221,500	0,453	0,137
221,550	0,453	0,136
221,600	0,453	0,137
221,650	0,453	0,136
221,700	0,453	0,137
221,750	0,453	0,135
221,800	0,453	0,137
221,850	0,453	0,136
221,900	0,453	0,137
221,950	0,453	0,136
222,000	0,453	0,137
222,050	0,453	0,136
222,100	0,453	0,137
222,150	0,453	0,136
222,200	0,453	0,137
222,250	0,453	0,136
222,300	0,453	0,137
222,350	0,453	0,136
222,400	0,453	0,137
222,450	0,453	0,136
222,500	0,453	0,137
222,550	0,453	0,136
222,600	0,453	0,137
222,650	0,453	0,136
222,700	0,453	0,137
222,750	0,453	0,136
222,800	0,453	0,137
222,850	0,453	0,136
222,900	0,453	0,137
222,950	0,453	0,136
223,000	0,453	0,137
223,050	0,453	0,135
223,100	0,453	0,137
223,150	0,453	0,136
223,200	0,453	0,136
223,250	0,453	0,136
223,300	0,453	0,137
223,350	0,453	0,136
223,400	0,453	0,137
223,450	0,453	0,136
223,500	0,453	0,137
223,550	0,453	0,135
223,600	0,453	0,137
223,650	0,453	0,136
223,700	0,453	0,137
223,750	0,453	0,136
223,800	0,454	0,137
223,850	0,453	0,136
223,900	0,453	0,137
223,950	0,453	0,136
224,000	0,453	0,137
224,050	0,454	0,136
224,100	0,454	0,136
224,150	0,455	0,136
224,200	0,456	0,137
224,250	0,458	0,136
224,300	0,459	0,137
224,350	0,460	0,136
224,400	0,461	0,137
224,450	0,461	0,136
224,500	0,461	0,137
224,550	0,462	0,136
224,600	0,462	0,137
224,650	0,462	0,136
224,700	0,462	0,137
224,750	0,462	0,136
224,800	0,462	0,137
224,850	0,462	0,136
224,900	0,462	0,137
224,950	0,462	0,136
225,000	0,462	0,137
225,050	0,462	0,136
225,100	0,462	0,137
225,150	0,462	0,136
225,200	0,462	0,137
225,250	0,462	0,136
225,300	0,462	0,137
225,350	0,462	0,136
225,400	0,462	0,137
225,450	0,462	0,136
225,500	0,462	0,137
225,550	0,462	0,136
225,600	0,462	0,137
225,650	0,462	0,136
225,700	0,463	0,137
225,750	0,462	0,136
225,800	0,463	0,137
225,850	0,462	0,136
225,900	0,463	0,137
225,950	0,463	0,136
226,000	0,463	0,136
226,050	0,463	0,136
226,100	0,463	0,137
226,150	0,463	0,136
226,200	0,463	0,136
226,250	0,464	0,136
226,300	0,464	0,136
226,350	0,464	0,136
226,400	0,465	0,137
226,450	0,464	0,136
226,500	0,465	0,137
226,550	0,465	0,136
226,600	0,466	0,137
226,650	0,466	0,136
226,700	0,466	0,137
226,750	0,466	0,136
226,800	0,466	0,136
226,850	0,467	0,136
226,900	0,467	0,137
226,950	0,467	0,136
227,000	0,467	0,136
227,050	0,467	0,136
227,100	0,467	0,136
227,150	0,467	0,136
227,200	0,467	0,137
227,250	0,467	0,136
227,300	0,467	0,137
227,350	0,467	0,136
227,400	0,467	0,136
227,450	0,466	0,136
227,500	0,467	0,136
227,550	0,467	0,136
227,600	0,467	0,137
227,650	0,467	0,136
227,700	0,467	0,136
227,750	0,467	0,137
