Zeit (s) Messreihe #7	Spannung, Ch A (V) Messreihe #7	Spannung, Ch B (V) Messreihe #7
0,000	0,464	0,137
0,050	0,464	0,136
0,100	0,464	0,137
0,150	0,464	0,136
0,200	0,464	0,137
0,250	0,464	0,136
0,300	0,464	0,137
0,350	0,463	0,136
0,400	0,463	0,137
0,450	0,463	0,136
0,500	0,462	0,137
0,550	0,463	0,136
0,600	0,462	0,137
0,650	0,462	0,136
0,700	0,462	0,137
0,750	0,462	0,136
0,800	0,462	0,137
0,850	0,462	0,136
0,900	0,460	0,137
0,950	0,458	0,136
1,000	0,457	0,137
1,050	0,457	0,136
1,100	0,456	0,137
1,150	0,455	0,136
1,200	0,454	0,137
1,250	0,453	0,136
1,300	0,453	0,137
1,350	0,453	0,136
1,400	0,453	0,137
1,450	0,453	0,136
1,500	0,453	0,137
1,550	0,453	0,136
1,600	0,452	0,137
1,650	0,452	0,136
1,700	0,450	0,137
1,750	0,449	0,136
1,800	0,448	0,137
1,850	0,448	0,136
1,900	0,446	0,137
1,950	0,446	0,136
2,000	0,445	0,137
2,050	0,445	0,136
2,100	0,445	0,137
2,150	0,445	0,136
2,200	0,445	0,137
2,250	0,445	0,136
2,300	0,445	0,137
2,350	0,444	0,136
2,400	0,443	0,137
2,450	0,443	0,136
2,500	0,443	0,137
2,550	0,442	0,136
2,600	0,442	0,137
2,650	0,442	0,136
2,700	0,442	0,137
2,750	0,442	0,136
2,800	0,442	0,137
2,850	0,441	0,136
2,900	0,441	0,137
2,950	0,439	0,136
3,000	0,439	0,137
3,050	0,439	0,136
3,100	0,439	0,137
3,150	0,439	0,136
3,200	0,439	0,137
3,250	0,439	0,136
3,300	0,439	0,137
3,350	0,439	0,136
3,400	0,439	0,137
3,450	0,439	0,136
3,500	0,439	0,137
3,550	0,439	0,136
3,600	0,439	0,137
3,650	0,439	0,136
3,700	0,439	0,137
3,750	0,439	0,136
3,800	0,439	0,137
3,850	0,439	0,136
3,900	0,439	0,137
3,950	0,439	0,136
4,000	0,439	0,137
4,050	0,439	0,136
4,100	0,438	0,137
4,150	0,438	0,136
4,200	0,437	0,137
4,250	0,437	0,136
4,300	0,436	0,137
4,350	0,435	0,136
4,400	0,434	0,137
4,450	0,434	0,136
4,500	0,434	0,137
4,550	0,433	0,136
4,600	0,434	0,137
4,650	0,433	0,136
4,700	0,434	0,137
4,750	0,434	0,136
4,800	0,433	0,137
4,850	0,433	0,136
4,900	0,433	0,137
4,950	0,434	0,136
5,000	0,434	0,137
5,050	0,433	0,136
5,100	0,433	0,137
5,150	0,433	0,136
5,200	0,433	0,137
5,250	0,433	0,136
5,300	0,433	0,137
5,350	0,433	0,136
5,400	0,433	0,137
5,450	0,432	0,136
5,500	0,432	0,137
5,550	0,432	0,136
5,600	0,432	0,137
5,650	0,432	0,136
5,700	0,431	0,137
5,750	0,431	0,136
5,800	0,431	0,137
5,850	0,430	0,136
5,900	0,429	0,137
5,950	0,428	0,136
6,000	0,426	0,137
6,050	0,425	0,136
6,100	0,425	0,137
6,150	0,425	0,136
6,200	0,425	0,137
6,250	0,425	0,136
6,300	0,425	0,137
6,350	0,425	0,136
6,400	0,425	0,137
6,450	0,425	0,136
6,500	0,424	0,137
6,550	0,424	0,136
6,600	0,424	0,137
6,650	0,424	0,136
6,700	0,424	0,137
6,750	0,424	0,136
6,800	0,423	0,137
6,850	0,424	0,136
6,900	0,423	0,137
6,950	0,423	0,135
7,000	0,423	0,137
7,050	0,423	0,136
7,100	0,423	0,137
7,150	0,422	0,136
7,200	0,421	0,137
7,250	0,421	0,136
7,300	0,420	0,137
7,350	0,420	0,136
7,400	0,420	0,137
7,450	0,419	0,136
7,500	0,419	0,137
7,550	0,419	0,136
7,600	0,419	0,137
7,650	0,419	0,136
7,700	0,419	0,137
7,750	0,419	0,136
7,800	0,419	0,137
7,850	0,419	0,136
7,900	0,418	0,137
7,950	0,417	0,136
8,000	0,417	0,137
8,050	0,417	0,136
8,100	0,417	0,137
8,150	0,416	0,136
8,200	0,416	0,137
8,250	0,417	0,136
8,300	0,416	0,137
8,350	0,416	0,136
8,400	0,416	0,137
8,450	0,416	0,136
8,500	0,416	0,137
8,550	0,416	0,136
8,600	0,415	0,137
8,650	0,414	0,136
8,700	0,414	0,137
8,750	0,413	0,136
8,800	0,413	0,137
8,850	0,413	0,136
8,900	0,413	0,137
8,950	0,412	0,136
9,000	0,412	0,137
9,050	0,413	0,136
9,100	0,412	0,137
9,150	0,412	0,136
9,200	0,412	0,137
9,250	0,412	0,136
9,300	0,411	0,137
9,350	0,411	0,136
9,400	0,411	0,137
9,450	0,410	0,136
9,500	0,410	0,137
9,550	0,410	0,136
9,600	0,410	0,137
9,650	0,409	0,136
9,700	0,409	0,137
9,750	0,409	0,136
9,800	0,409	0,137
9,850	0,409	0,136
9,900	0,409	0,137
9,950	0,409	0,136
10,000	0,409	0,137
10,050	0,409	0,136
10,100	0,408	0,137
10,150	0,409	0,136
10,200	0,409	0,137
10,250	0,408	0,136
10,300	0,409	0,137
10,350	0,409	0,136
10,400	0,409	0,137
10,450	0,409	0,136
10,500	0,408	0,137
10,550	0,408	0,136
10,600	0,408	0,137
10,650	0,408	0,136
10,700	0,408	0,137
10,750	0,408	0,136
10,800	0,408	0,137
10,850	0,408	0,136
10,900	0,408	0,137
10,950	0,408	0,136
11,000	0,408	0,137
11,050	0,408	0,136
11,100	0,408	0,137
11,150	0,408	0,136
11,200	0,407	0,137
11,250	0,407	0,136
11,300	0,407	0,137
11,350	0,407	0,136
11,400	0,406	0,137
11,450	0,407	0,136
11,500	0,406	0,137
11,550	0,405	0,136
11,600	0,405	0,137
11,650	0,405	0,136
11,700	0,404	0,136
11,750	0,404	0,136
11,800	0,404	0,137
11,850	0,403	0,136
11,900	0,403	0,137
11,950	0,403	0,136
12,000	0,402	0,137
12,050	0,402	0,136
12,100	0,400	0,137
12,150	0,399	0,136
12,200	0,399	0,137
12,250	0,399	0,136
12,300	0,399	0,136
12,350	0,399	0,136
12,400	0,399	0,137
12,450	0,399	0,136
12,500	0,399	0,137
12,550	0,399	0,136
12,600	0,399	0,137
12,650	0,399	0,136
12,700	0,399	0,136
12,750	0,399	0,136
12,800	0,399	0,137
12,850	0,400	0,136
12,900	0,401	0,137
12,950	0,401	0,136
13,000	0,401	0,137
13,050	0,401	0,136
13,100	0,401	0,137
13,150	0,402	0,136
13,200	0,402	0,137
13,250	0,402	0,136
13,300	0,403	0,136
13,350	0,404	0,136
13,400	0,404	0,137
13,450	0,405	0,136
13,500	0,405	0,137
13,550	0,405	0,136
13,600	0,404	0,137
13,650	0,405	0,136
13,700	0,404	0,137
13,750	0,403	0,136
13,800	0,403	0,136
13,850	0,403	0,136
13,900	0,402	0,136
13,950	0,402	0,136
14,000	0,400	0,136
14,050	0,400	0,136
14,100	0,400	0,137
14,150	0,399	0,136
14,200	0,400	0,137
14,250	0,399	0,136
14,300	0,398	0,137
14,350	0,398	0,136
14,400	0,398	0,137
14,450	0,397	0,136
14,500	0,397	0,137
14,550	0,397	0,136
14,600	0,397	0,137
14,650	0,397	0,136
14,700	0,397	0,137
14,750	0,397	0,136
14,800	0,396	0,136
14,850	0,395	0,136
14,900	0,395	0,137
14,950	0,393	0,135
15,000	0,392	0,136
15,050	0,392	0,136
15,100	0,392	0,136
15,150	0,392	0,136
15,200	0,392	0,137
15,250	0,392	0,136
15,300	0,392	0,136
15,350	0,392	0,136
15,400	0,392	0,137
15,450	0,392	0,136
15,500	0,392	0,136
15,550	0,392	0,136
15,600	0,392	0,136
15,650	0,391	0,135
15,700	0,392	0,137
15,750	0,391	0,136
15,800	0,391	0,137
15,850	0,390	0,135
15,900	0,390	0,137
15,950	0,390	0,136
16,000	0,390	0,137
16,050	0,387	0,136
16,100	0,387	0,136
16,150	0,387	0,136
16,200	0,387	0,136
16,250	0,387	0,136
16,300	0,387	0,137
16,350	0,387	0,136
16,400	0,387	0,136
16,450	0,387	0,135
16,500	0,387	0,137
16,550	0,386	0,136
16,600	0,386	0,136
16,650	0,386	0,136
16,700	0,386	0,136
16,750	0,386	0,136
16,800	0,386	0,136
16,850	0,385	0,135
16,900	0,385	0,136
16,950	0,385	0,136
17,000	0,385	0,136
17,050	0,385	0,136
17,100	0,385	0,136
17,150	0,384	0,135
17,200	0,384	0,136
17,250	0,384	0,135
17,300	0,384	0,136
17,350	0,380	0,136
17,400	0,378	0,136
17,450	0,379	0,136
17,500	0,378	0,136
17,550	0,378	0,135
17,600	0,378	0,136
17,650	0,379	0,136
17,700	0,378	0,136
17,750	0,379	0,136
17,800	0,378	0,136
17,850	0,379	0,136
17,900	0,377	0,137
17,950	0,377	0,136
18,000	0,375	0,136
18,050	0,373	0,135
18,100	0,373	0,136
18,150	0,373	0,135
18,200	0,373	0,136
18,250	0,373	0,135
18,300	0,373	0,136
18,350	0,373	0,135
18,400	0,373	0,136
18,450	0,373	0,136
18,500	0,373	0,136
18,550	0,373	0,136
18,600	0,373	0,136
18,650	0,373	0,136
18,700	0,373	0,137
18,750	0,373	0,136
18,800	0,373	0,136
18,850	0,373	0,136
18,900	0,371	0,136
18,950	0,371	0,136
19,000	0,371	0,136
19,050	0,371	0,135
19,100	0,370	0,137
19,150	0,369	0,135
19,200	0,366	0,136
19,250	0,365	0,135
19,300	0,365	0,136
19,350	0,365	0,136
19,400	0,365	0,136
19,450	0,365	0,136
19,500	0,365	0,136
19,550	0,365	0,135
19,600	0,365	0,136
19,650	0,365	0,136
19,700	0,364	0,136
19,750	0,363	0,135
19,800	0,362	0,136
19,850	0,361	0,135
19,900	0,359	0,136
19,950	0,357	0,135
20,000	0,357	0,136
20,050	0,357	0,135
20,100	0,357	0,136
20,150	0,357	0,135
20,200	0,357	0,136
20,250	0,356	0,135
20,300	0,356	0,136
20,350	0,355	0,135
20,400	0,355	0,136
20,450	0,355	0,136
20,500	0,354	0,136
20,550	0,353	0,135
20,600	0,352	0,136
20,650	0,352	0,135
20,700	0,352	0,136
20,750	0,352	0,135
20,800	0,352	0,136
20,850	0,352	0,135
20,900	0,352	0,136
20,950	0,352	0,135
21,000	0,352	0,136
21,050	0,352	0,135
21,100	0,352	0,136
21,150	0,352	0,135
21,200	0,351	0,136
21,250	0,352	0,136
21,300	0,351	0,136
21,350	0,351	0,135
21,400	0,350	0,136
21,450	0,349	0,135
21,500	0,349	0,136
21,550	0,349	0,135
21,600	0,350	0,136
21,650	0,349	0,135
21,700	0,349	0,136
21,750	0,349	0,135
21,800	0,349	0,136
21,850	0,349	0,135
21,900	0,349	0,136
21,950	0,349	0,136
22,000	0,349	0,136
22,050	0,349	0,135
22,100	0,349	0,136
22,150	0,349	0,135
22,200	0,349	0,136
22,250	0,349	0,135
22,300	0,348	0,136
22,350	0,349	0,135
22,400	0,349	0,136
22,450	0,349	0,135
22,500	0,348	0,136
22,550	0,345	0,135
22,600	0,343	0,136
22,650	0,343	0,135
22,700	0,343	0,136
22,750	0,342	0,135
22,800	0,342	0,136
22,850	0,342	0,135
22,900	0,341	0,136
22,950	0,340	0,135
23,000	0,340	0,136
23,050	0,340	0,135
23,100	0,339	0,136
23,150	0,339	0,135
23,200	0,339	0,136
23,250	0,339	0,135
23,300	0,339	0,136
23,350	0,339	0,135
23,400	0,339	0,136
23,450	0,339	0,135
23,500	0,338	0,136
23,550	0,338	0,135
23,600	0,338	0,136
23,650	0,338	0,135
23,700	0,337	0,136
23,750	0,337	0,135
23,800	0,335	0,135
23,850	0,335	0,135
23,900	0,334	0,136
23,950	0,333	0,135
24,000	0,333	0,136
24,050	0,333	0,135
24,100	0,333	0,136
24,150	0,333	0,135
24,200	0,332	0,136
24,250	0,331	0,135
24,300	0,331	0,136
24,350	0,331	0,135
24,400	0,330	0,135
24,450	0,330	0,135
24,500	0,331	0,136
24,550	0,330	0,135
24,600	0,329	0,136
24,650	0,328	0,135
24,700	0,328	0,136
24,750	0,328	0,135
24,800	0,327	0,136
24,850	0,327	0,135
24,900	0,327	0,136
24,950	0,327	0,135
25,000	0,327	0,135
25,050	0,327	0,135
25,100	0,326	0,136
25,150	0,326	0,135
25,200	0,326	0,136
25,250	0,326	0,135
25,300	0,325	0,135
25,350	0,325	0,135
25,400	0,325	0,135
25,450	0,325	0,135
25,500	0,325	0,135
25,550	0,324	0,135
25,600	0,324	0,135
25,650	0,324	0,135
25,700	0,323	0,135
25,750	0,323	0,134
25,800	0,322	0,135
25,850	0,321	0,134
25,900	0,320	0,135
25,950	0,321	0,135
26,000	0,320	0,135
26,050	0,320	0,135
26,100	0,320	0,135
26,150	0,319	0,134
26,200	0,319	0,135
26,250	0,319	0,135
26,300	0,320	0,135
26,350	0,320	0,135
26,400	0,320	0,135
26,450	0,320	0,135
26,500	0,320	0,135
26,550	0,320	0,135
26,600	0,320	0,135
26,650	0,320	0,135
26,700	0,321	0,135
26,750	0,320	0,135
26,800	0,321	0,135
26,850	0,320	0,134
26,900	0,321	0,135
26,950	0,321	0,135
27,000	0,326	0,135
27,050	0,328	0,135
27,100	0,329	0,136
27,150	0,329	0,135
27,200	0,327	0,135
27,250	0,320	0,135
27,300	0,314	0,135
27,350	0,311	0,134
27,400	0,311	0,135
27,450	0,311	0,134
27,500	0,310	0,135
27,550	0,307	0,134
27,600	0,305	0,135
27,650	0,296	0,134
27,700	0,293	0,135
27,750	0,293	0,134
27,800	0,293	0,134
27,850	0,293	0,134
27,900	0,294	0,135
27,950	0,293	0,133
28,000	0,293	0,135
28,050	0,293	0,134
28,100	0,293	0,135
28,150	0,293	0,134
28,200	0,292	0,135
28,250	0,290	0,134
28,300	0,287	0,134
28,350	0,285	0,134
28,400	0,283	0,134
28,450	0,281	0,133
28,500	0,278	0,134
28,550	0,276	0,133
28,600	0,276	0,134
28,650	0,275	0,133
28,700	0,275	0,134
28,750	0,275	0,133
28,800	0,275	0,134
28,850	0,274	0,133
28,900	0,273	0,133
28,950	0,272	0,133
29,000	0,271	0,133
29,050	0,270	0,133
29,100	0,269	0,134
29,150	0,269	0,133
29,200	0,269	0,133
29,250	0,269	0,133
29,300	0,268	0,134
29,350	0,267	0,133
29,400	0,266	0,133
29,450	0,266	0,132
29,500	0,262	0,133
29,550	0,260	0,132
29,600	0,258	0,133
29,650	0,259	0,132
29,700	0,258	0,133
29,750	0,259	0,132
29,800	0,258	0,133
29,850	0,259	0,133
29,900	0,259	0,133
29,950	0,258	0,132
30,000	0,258	0,133
30,050	0,258	0,132
30,100	0,258	0,133
30,150	0,257	0,132
30,200	0,257	0,133
30,250	0,257	0,132
30,300	0,257	0,133
30,350	0,257	0,132
30,400	0,257	0,133
30,450	0,257	0,132
30,500	0,256	0,133
30,550	0,255	0,132
30,600	0,256	0,133
30,650	0,256	0,132
30,700	0,255	0,133
30,750	0,255	0,132
30,800	0,256	0,133
30,850	0,256	0,132
30,900	0,255	0,133
30,950	0,255	0,132
31,000	0,255	0,133
31,050	0,255	0,132
31,100	0,254	0,133
31,150	0,254	0,132
31,200	0,254	0,133
31,250	0,254	0,132
31,300	0,254	0,133
31,350	0,254	0,132
31,400	0,254	0,133
31,450	0,254	0,132
31,500	0,254	0,133
31,550	0,254	0,132
31,600	0,254	0,133
31,650	0,254	0,132
31,700	0,254	0,133
31,750	0,254	0,132
31,800	0,253	0,132
31,850	0,253	0,132
31,900	0,254	0,133
31,950	0,253	0,132
32,000	0,251	0,132
32,050	0,252	0,132
32,100	0,252	0,132
32,150	0,252	0,132
32,200	0,252	0,132
32,250	0,252	0,132
32,300	0,252	0,133
32,350	0,252	0,132
32,400	0,252	0,133
32,450	0,252	0,132
32,500	0,252	0,133
32,550	0,252	0,131
32,600	0,252	0,133
32,650	0,251	0,132
32,700	0,252	0,133
32,750	0,251	0,131
32,800	0,250	0,132
32,850	0,249	0,132
32,900	0,248	0,132
32,950	0,246	0,131
33,000	0,246	0,132
33,050	0,246	0,131
33,100	0,245	0,132
33,150	0,243	0,131
33,200	0,242	0,132
33,250	0,242	0,131
33,300	0,241	0,132
33,350	0,242	0,131
33,400	0,242	0,132
33,450	0,241	0,131
33,500	0,241	0,132
33,550	0,239	0,131
33,600	0,239	0,132
33,650	0,239	0,131
33,700	0,238	0,132
33,750	0,238	0,131
33,800	0,238	0,132
33,850	0,238	0,131
33,900	0,239	0,132
33,950	0,238	0,131
34,000	0,237	0,131
34,050	0,238	0,131
34,100	0,238	0,132
34,150	0,237	0,130
34,200	0,237	0,132
34,250	0,236	0,130
34,300	0,235	0,131
34,350	0,234	0,130
34,400	0,233	0,131
34,450	0,232	0,130
34,500	0,232	0,131
34,550	0,232	0,130
34,600	0,232	0,131
34,650	0,232	0,130
34,700	0,232	0,131
34,750	0,232	0,130
34,800	0,232	0,131
34,850	0,232	0,130
34,900	0,232	0,131
34,950	0,232	0,130
35,000	0,232	0,131
35,050	0,232	0,130
35,100	0,231	0,131
35,150	0,230	0,130
35,200	0,228	0,131
35,250	0,228	0,130
35,300	0,228	0,131
35,350	0,228	0,130
35,400	0,228	0,131
35,450	0,228	0,130
35,500	0,228	0,131
35,550	0,228	0,130
35,600	0,228	0,131
35,650	0,228	0,130
35,700	0,228	0,131
35,750	0,227	0,130
35,800	0,227	0,131
35,850	0,227	0,130
35,900	0,226	0,131
35,950	0,226	0,130
36,000	0,226	0,130
36,050	0,226	0,129
36,100	0,226	0,131
36,150	0,225	0,130
36,200	0,225	0,130
36,250	0,225	0,129
36,300	0,224	0,130
36,350	0,223	0,129
36,400	0,223	0,130
36,450	0,223	0,129
36,500	0,222	0,130
36,550	0,222	0,129
36,600	0,222	0,130
36,650	0,222	0,129
36,700	0,221	0,130
36,750	0,221	0,129
36,800	0,220	0,130
36,850	0,220	0,129
36,900	0,219	0,130
36,950	0,219	0,129
37,000	0,218	0,130
37,050	0,218	0,129
37,100	0,217	0,130
37,150	0,216	0,129
37,200	0,215	0,130
37,250	0,213	0,128
37,300	0,213	0,129
37,350	0,212	0,128
37,400	0,212	0,129
37,450	0,212	0,128
37,500	0,211	0,129
37,550	0,211	0,128
37,600	0,211	0,129
37,650	0,211	0,128
37,700	0,210	0,130
37,750	0,210	0,128
37,800	0,210	0,129
37,850	0,209	0,128
37,900	0,208	0,129
37,950	0,207	0,128
38,000	0,207	0,129
38,050	0,206	0,128
38,100	0,206	0,129
38,150	0,206	0,127
38,200	0,205	0,128
38,250	0,206	0,128
38,300	0,205	0,129
38,350	0,205	0,127
38,400	0,204	0,129
38,450	0,204	0,128
38,500	0,204	0,129
38,550	0,203	0,128
38,600	0,203	0,129
38,650	0,202	0,127
38,700	0,202	0,128
38,750	0,202	0,127
38,800	0,202	0,128
38,850	0,201	0,127
38,900	0,201	0,128
38,950	0,201	0,127
39,000	0,200	0,128
39,050	0,200	0,127
39,100	0,199	0,128
39,150	0,200	0,127
39,200	0,199	0,128
39,250	0,200	0,127
39,300	0,199	0,128
39,350	0,199	0,127
39,400	0,199	0,128
39,450	0,199	0,127
39,500	0,198	0,128
39,550	0,198	0,127
39,600	0,196	0,128
39,650	0,196	0,126
39,700	0,196	0,128
39,750	0,195	0,126
39,800	0,194	0,127
39,850	0,195	0,126
39,900	0,194	0,127
39,950	0,194	0,126
40,000	0,194	0,128
40,050	0,194	0,126
40,100	0,194	0,127
40,150	0,194	0,126
40,200	0,194	0,127
40,250	0,193	0,126
40,300	0,193	0,127
40,350	0,193	0,126
40,400	0,192	0,127
40,450	0,191	0,126
40,500	0,189	0,127
40,550	0,188	0,126
40,600	0,188	0,127
40,650	0,187	0,125
40,700	0,187	0,127
40,750	0,187	0,125
40,800	0,187	0,126
40,850	0,187	0,125
40,900	0,187	0,127
40,950	0,186	0,125
41,000	0,187	0,127
41,050	0,186	0,125
41,100	0,187	0,127
41,150	0,186	0,125
41,200	0,186	0,126
41,250	0,185	0,125
41,300	0,184	0,126
41,350	0,182	0,125
41,400	0,181	0,126
41,450	0,181	0,125
41,500	0,180	0,126
41,550	0,180	0,125
41,600	0,180	0,126
41,650	0,180	0,125
41,700	0,180	0,126
41,750	0,181	0,125
41,800	0,180	0,126
41,850	0,180	0,125
41,900	0,180	0,126
41,950	0,178	0,124
42,000	0,172	0,125
42,050	0,170	0,123
42,100	0,170	0,124
42,150	0,170	0,123
42,200	0,170	0,124
42,250	0,170	0,123
42,300	0,170	0,124
42,350	0,170	0,123
42,400	0,170	0,124
42,450	0,170	0,123
42,500	0,170	0,124
42,550	0,170	0,123
42,600	0,170	0,124
42,650	0,169	0,123
42,700	0,170	0,124
42,750	0,169	0,123
42,800	0,169	0,124
42,850	0,169	0,123
42,900	0,170	0,124
42,950	0,170	0,123
43,000	0,171	0,125
43,050	0,171	0,124
43,100	0,170	0,124
43,150	0,170	0,123
43,200	0,171	0,125
43,250	0,171	0,123
43,300	0,170	0,124
43,350	0,171	0,123
43,400	0,171	0,124
43,450	0,170	0,123
43,500	0,171	0,125
43,550	0,171	0,123
43,600	0,170	0,124
43,650	0,170	0,123
43,700	0,170	0,124
43,750	0,170	0,123
43,800	0,170	0,124
43,850	0,170	0,123
43,900	0,169	0,124
43,950	0,168	0,123
44,000	0,168	0,124
44,050	0,167	0,123
44,100	0,166	0,124
44,150	0,165	0,122
44,200	0,165	0,124
44,250	0,164	0,122
44,300	0,163	0,123
44,350	0,162	0,122
44,400	0,161	0,123
44,450	0,161	0,121
44,500	0,161	0,123
44,550	0,161	0,122
44,600	0,161	0,123
44,650	0,160	0,122
44,700	0,160	0,123
44,750	0,158	0,122
44,800	0,156	0,122
44,850	0,155	0,121
44,900	0,155	0,122
44,950	0,155	0,121
45,000	0,155	0,122
45,050	0,154	0,121
45,100	0,155	0,122
45,150	0,155	0,121
45,200	0,154	0,122
45,250	0,154	0,121
45,300	0,152	0,121
45,350	0,150	0,120
45,400	0,150	0,121
45,450	0,150	0,120
45,500	0,150	0,121
45,550	0,150	0,120
45,600	0,149	0,121
45,650	0,147	0,120
45,700	0,146	0,121
45,750	0,145	0,119
45,800	0,144	0,120
45,850	0,143	0,119
45,900	0,144	0,120
45,950	0,144	0,119
46,000	0,144	0,120
46,050	0,144	0,119
46,100	0,144	0,120
46,150	0,144	0,119
46,200	0,143	0,120
46,250	0,142	0,118
46,300	0,140	0,119
46,350	0,140	0,118
46,400	0,139	0,119
46,450	0,139	0,118
46,500	0,139	0,119
46,550	0,138	0,118
46,600	0,138	0,119
46,650	0,137	0,118
46,700	0,136	0,118
46,750	0,137	0,118
46,800	0,136	0,118
46,850	0,135	0,118
46,900	0,134	0,118
46,950	0,133	0,117
47,000	0,133	0,118
47,050	0,132	0,117
47,100	0,130	0,117
47,150	0,130	0,116
47,200	0,130	0,117
47,250	0,131	0,117
47,300	0,130	0,117
47,350	0,130	0,116
47,400	0,130	0,117
47,450	0,130	0,116
47,500	0,129	0,117
47,550	0,129	0,116
47,600	0,129	0,117
47,650	0,129	0,116
47,700	0,129	0,117
47,750	0,129	0,116
47,800	0,128	0,117
47,850	0,127	0,116
47,900	0,126	0,116
47,950	0,124	0,115
48,000	0,123	0,116
48,050	0,123	0,115
48,100	0,123	0,116
48,150	0,123	0,115
48,200	0,122	0,115
48,250	0,122	0,115
48,300	0,122	0,115
48,350	0,122	0,115
48,400	0,121	0,115
48,450	0,120	0,114
48,500	0,120	0,115
48,550	0,119	0,114
48,600	0,119	0,115
48,650	0,118	0,114
48,700	0,119	0,115
48,750	0,118	0,114
48,800	0,118	0,114
48,850	0,118	0,114
48,900	0,117	0,114
48,950	0,117	0,114
49,000	0,117	0,114
49,050	0,116	0,114
49,100	0,116	0,114
49,150	0,116	0,113
49,200	0,115	0,114
49,250	0,115	0,113
49,300	0,114	0,113
49,350	0,113	0,113
49,400	0,113	0,113
49,450	0,112	0,113
49,500	0,111	0,113
49,550	0,112	0,112
49,600	0,112	0,113
49,650	0,111	0,112
49,700	0,111	0,113
49,750	0,110	0,112
49,800	0,110	0,113
49,850	0,109	0,112
49,900	0,107	0,112
49,950	0,107	0,111
50,000	0,106	0,111
50,050	0,106	0,111
50,100	0,106	0,112
50,150	0,105	0,111
50,200	0,104	0,111
50,250	0,103	0,110
50,300	0,102	0,111
50,350	0,102	0,110
50,400	0,102	0,111
50,450	0,101	0,110
50,500	0,101	0,110
50,550	0,100	0,109
50,600	0,100	0,110
50,650	0,099	0,109
50,700	0,098	0,109
50,750	0,098	0,109
50,800	0,097	0,109
50,850	0,097	0,109
50,900	0,097	0,109
50,950	0,096	0,108
51,000	0,095	0,109
51,050	0,095	0,108
51,100	0,094	0,108
51,150	0,093	0,108
51,200	0,092	0,108
51,250	0,091	0,107
51,300	0,091	0,107
51,350	0,091	0,107
51,400	0,090	0,107
51,450	0,090	0,106
51,500	0,089	0,107
51,550	0,088	0,106
51,600	0,088	0,106
51,650	0,087	0,106
51,700	0,086	0,106
51,750	0,084	0,105
51,800	0,084	0,105
51,850	0,083	0,104
51,900	0,083	0,105
51,950	0,083	0,104
52,000	0,081	0,104
52,050	0,079	0,103
52,100	0,078	0,103
52,150	0,076	0,102
52,200	0,075	0,102
52,250	0,075	0,102
52,300	0,074	0,102
52,350	0,073	0,101
52,400	0,073	0,101
52,450	0,073	0,101
52,500	0,072	0,101
52,550	0,072	0,100
52,600	0,072	0,101
52,650	0,069	0,099
52,700	0,066	0,098
52,750	0,064	0,097
52,800	0,064	0,098
52,850	0,063	0,097
52,900	0,064	0,097
52,950	0,064	0,097
53,000	0,063	0,097
53,050	0,063	0,097
53,100	0,063	0,097
53,150	0,063	0,097
53,200	0,063	0,097
53,250	0,063	0,097
53,300	0,063	0,097
53,350	0,063	0,096
53,400	0,063	0,097
53,450	0,063	0,097
53,500	0,063	0,097
53,550	0,063	0,097
53,600	0,063	0,097
53,650	0,063	0,097
53,700	0,063	0,097
53,750	0,062	0,096
53,800	0,056	0,093
53,850	0,046	0,088
53,900	0,044	0,086
53,950	0,044	0,086
54,000	0,044	0,086
54,050	0,044	0,086
54,100	0,044	0,087
54,150	0,044	0,086
54,200	0,044	0,086
54,250	0,044	0,086
54,300	0,044	0,087
54,350	0,044	0,086
54,400	0,044	0,086
54,450	0,044	0,086
54,500	0,044	0,086
54,550	0,044	0,086
54,600	0,044	0,086
54,650	0,044	0,086
54,700	0,043	0,086
54,750	0,043	0,086
54,800	0,041	0,084
54,850	0,040	0,084
54,900	0,039	0,083
54,950	0,039	0,083
55,000	0,039	0,083
55,050	0,038	0,082
55,100	0,035	0,080
55,150	0,034	0,079
55,200	0,034	0,079
55,250	0,034	0,079
55,300	0,034	0,079
55,350	0,034	0,079
55,400	0,034	0,079
55,450	0,034	0,079
55,500	0,033	0,078
55,550	0,032	0,077
55,600	0,032	0,077
55,650	0,032	0,077
55,700	0,031	0,077
55,750	0,031	0,076
55,800	0,030	0,075
55,850	0,029	0,074
55,900	0,029	0,074
55,950	0,028	0,073
56,000	0,027	0,073
56,050	0,025	0,071
56,100	0,025	0,070
56,150	0,024	0,070
56,200	0,024	0,070
56,250	0,023	0,069
56,300	0,021	0,067
56,350	0,020	0,064
56,400	0,019	0,063
56,450	0,018	0,062
56,500	0,018	0,062
56,550	0,018	0,062
56,600	0,018	0,062
56,650	0,017	0,061
56,700	0,016	0,059
56,750	0,014	0,056
56,800	0,013	0,054
56,850	0,012	0,053
56,900	0,012	0,053
56,950	0,012	0,053
57,000	0,012	0,053
57,050	0,012	0,053
57,100	0,012	0,053
57,150	0,012	0,053
57,200	0,012	0,053
57,250	0,012	0,053
57,300	0,011	0,051
57,350	0,011	0,052
57,400	0,011	0,052
57,450	0,011	0,052
57,500	0,011	0,052
57,550	0,011	0,051
57,600	0,011	0,050
57,650	0,010	0,049
57,700	0,009	0,045
57,750	0,009	0,046
57,800	0,009	0,045
57,850	0,009	0,046
57,900	0,008	0,045
57,950	0,008	0,045
58,000	0,007	0,042
58,050	0,007	0,042
58,100	0,007	0,041
58,150	0,007	0,041
58,200	0,006	0,039
58,250	0,006	0,038
58,300	0,004	0,034
58,350	9,324E-4	0,017
58,400	1,060E-4	0,002
58,450	6,797E-4	0,003
58,500	3,379E-4	0,003
58,550	3,818E-4	0,003
58,600	3,525E-4	0,003
58,650	1,243E-4	0,003
58,700	1,499E-4	0,003
58,750	1,780E-4	0,003
58,800	4,807E-4	0,003
58,850	5,747E-4	0,003
58,900	5,308E-4	0,003
58,950	3,940E-4	0,003
59,000	7,712E-4	0,003
59,050	5,381E-4	0,003
59,100	3,745E-4	0,003
59,150	5,320E-4	0,003
59,200	7,493E-4	0,003
59,250	5,491E-4	0,003
59,300	6,760E-4	0,003
59,350	3,159E-4	0,003
59,400	4,453E-4	0,003
59,450	1,841E-4	0,003
59,500	5,894E-4	0,003
59,550	3,538E-4	0,003
59,600	3,428E-4	0,003
59,650	3,745E-4	0,003
59,700	4,648E-4	0,003
59,750	2,939E-4	0,003
59,800	4,160E-4	0,003
59,850	4,294E-4	0,004
59,900	4,783E-4	0,003
59,950	2,927E-4	0,003
60,000	2,903E-4	0,003
60,050	6,968E-4	0,004
60,100	4,160E-4	0,003
60,150	3,135E-4	0,003
60,200	3,049E-4	0,003
60,250	6,211E-4	0,004
60,300	2,256E-4	0,003
60,350	6,812E-5	0,003
60,400	5,344E-4	0,003
60,450	7,236E-4	0,004
60,500	3,159E-4	0,003
60,550	2,561E-4	0,003
60,600	2,610E-4	0,003
60,650	4,575E-4	0,003
60,700	3,049E-4	0,003
60,750	8,154E-5	0,003
60,800	6,040E-4	0,003
60,850	2,317E-4	0,003
60,900	3,477E-4	0,003
60,950	4,209E-4	0,003
61,000	3,599E-4	0,003
61,050	5,210E-4	0,003
61,100	4,905E-4	0,003
61,150	5,625E-4	0,004
61,200	5,601E-4	0,003
61,250	5,283E-4	0,004
61,300	3,257E-4	0,003
61,350	4,575E-4	0,003
61,400	7,688E-4	0,003
61,450	4,685E-4	0,004
61,500	3,098E-4	0,003
61,550	2,610E-4	0,003
61,600	5,356E-4	0,003
61,650	5,625E-4	0,004
61,700	6,223E-4	0,003
61,750	3,550E-4	0,003
61,800	2,708E-4	0,003
61,850	2,561E-4	0,003
61,900	5,125E-4	0,003
61,950	5,564E-4	0,004
62,000	6,565E-4	0,003
62,050	2,231E-4	0,003
62,100	3,965E-4	0,003
62,150	3,953E-4	0,004
62,200	6,162E-4	0,003
62,250	2,048E-4	0,003
62,300	4,771E-4	0,003
62,350	3,757E-4	0,004
62,400	5,063E-4	0,003
62,450	5,710E-4	0,004
62,500	3,501E-4	0,003
62,550	4,124E-4	0,004
62,600	3,794E-4	0,003
62,650	1,926E-4	0,003
62,700	4,465E-4	0,003
62,750	5,784E-4	0,004
62,800	5,356E-4	0,003
62,850	2,158E-4	0,003
62,900	4,734E-4	0,003
62,950	2,146E-4	0,003
63,000	5,710E-4	0,003
63,050	2,085E-4	0,003
63,100	8,103E-4	0,003
63,150	5,845E-4	0,004
63,200	7,017E-4	0,003
63,250	5,137E-4	0,004
63,300	2,915E-4	0,003
63,350	5,991E-4	0,004
63,400	6,406E-4	0,003
63,450	1,780E-4	0,003
63,500	2,256E-4	0,003
63,550	5,198E-4	0,004
63,600	4,294E-4	0,003
63,650	1,243E-4	0,003
63,700	4,648E-4	0,003
63,750	5,356E-4	0,004
63,800	4,587E-4	0,003
63,850	3,074E-4	0,003
63,900	3,525E-4	0,003
63,950	3,110E-4	0,004
64,000	2,512E-4	0,003
64,050	7,383E-4	0,004
64,100	4,990E-4	0,003
64,150	6,797E-4	0,004
64,200	5,710E-4	0,003
64,250	5,979E-4	0,004
64,300	1,719E-4	0,003
64,350	4,392E-4	0,004
64,400	4,380E-4	0,003
64,450	5,320E-4	0,004
64,500	7,102E-4	0,003
64,550	4,331E-4	0,004
64,600	1,816E-4	0,003
64,650	5,771E-4	0,004
64,700	5,320E-4	0,003
64,750	3,586E-4	0,004
64,800	6,638E-4	0,003
64,850	3,306E-4	0,004
64,900	3,708E-4	0,003
64,950	5,591E-5	0,003
65,000	4,075E-4	0,003
65,050	2,415E-4	0,003
65,100	3,953E-4	0,003
65,150	4,111E-4	0,004
65,200	3,501E-4	0,003
65,250	4,880E-4	0,004
65,300	2,634E-4	0,003
65,350	3,416E-4	0,004
65,400	4,026E-4	0,003
65,450	3,354E-4	0,004
65,500	4,795E-4	0,003
65,550	1,304E-4	0,003
65,600	7,627E-4	0,003
65,650	2,354E-4	0,004
65,700	3,037E-4	0,003
65,750	3,953E-4	0,004
65,800	1,853E-4	0,003
65,850	3,831E-4	0,004
65,900	6,431E-4	0,003
65,950	6,785E-4	0,004
66,000	5,125E-4	0,003
66,050	6,943E-4	0,004
66,100	5,479E-4	0,003
66,150	2,683E-4	0,004
66,200	2,927E-4	0,003
66,250	4,233E-4	0,004
66,300	3,306E-4	0,003
66,350	3,452E-4	0,004
66,400	4,941E-4	0,003
66,450	4,404E-4	0,004
66,500	5,906E-4	0,003
66,550	2,610E-4	0,004
66,600	3,477E-4	0,003
66,650	6,028E-4	0,004
66,700	5,149E-4	0,003
66,750	2,903E-4	0,004
66,800	5,918E-4	0,003
66,850	3,977E-4	0,004
66,900	3,586E-4	0,003
66,950	9,131E-5	0,004
67,000	3,000E-4	0,003
67,050	3,611E-4	0,004
67,100	2,439E-4	0,003
67,150	5,344E-4	0,004
67,200	4,856E-4	0,003
67,250	4,429E-4	0,004
67,300	4,893E-4	0,003
67,350	3,831E-4	0,004
67,400	4,563E-4	0,003
67,450	4,111E-4	0,004
67,500	2,439E-4	0,003
67,550	6,394E-4	0,004
67,600	1,462E-4	0,003
67,650	4,246E-4	0,004
67,700	5,234E-4	0,003
67,750	2,573E-4	0,004
67,800	5,051E-4	0,003
67,850	4,160E-4	0,004
67,900	3,708E-4	0,003
67,950	3,452E-4	0,004
68,000	1,440E-5	0,002
68,050	5,247E-4	0,004
68,100	2,781E-4	0,003
68,150	3,550E-4	0,004
68,200	5,735E-4	0,003
68,250	4,905E-4	0,004
68,300	5,063E-4	0,003
68,350	2,280E-4	0,004
68,400	4,038E-4	0,003
68,450	4,563E-4	0,004
68,500	5,857E-4	0,003
68,550	7,300E-5	0,004
68,600	3,904E-4	0,003
68,650	4,856E-4	0,004
68,700	3,757E-4	0,003
68,750	4,736E-5	0,004
68,800	5,271E-4	0,003
68,850	3,733E-4	0,004
68,900	5,662E-4	0,003
68,950	3,757E-4	0,004
69,000	2,195E-4	0,003
69,050	2,964E-4	0,004
69,100	3,684E-4	0,003
69,150	3,293E-4	0,004
69,200	3,623E-4	0,003
69,250	6,028E-4	0,004
69,300	1,084E-4	0,003
69,350	4,392E-4	0,004
69,400	5,137E-4	0,003
69,450	5,713E-5	0,004
69,500	5,283E-4	0,003
69,550	4,429E-4	0,004
69,600	3,245E-4	0,003
69,650	5,125E-4	0,004
69,700	3,074E-4	0,003
69,750	4,136E-4	0,004
69,800	5,039E-4	0,003
69,850	1,929E-5	0,004
69,900	4,148E-4	0,003
69,950	3,965E-4	0,004
70,000	3,916E-4	0,003
70,050	3,696E-4	0,004
70,100	4,099E-4	0,003
70,150	3,757E-4	0,004
70,200	5,369E-4	0,003
70,250	3,623E-4	0,004
70,300	3,745E-4	0,003
70,350	5,442E-4	0,004
70,400	3,940E-4	0,003
70,450	6,113E-4	0,004
70,500	4,026E-4	0,003
70,550	4,990E-4	0,004
70,600	6,760E-4	0,003
70,650	3,684E-4	0,004
70,700	6,187E-4	0,003
70,750	7,505E-4	0,004
70,800	4,551E-4	0,003
70,850	2,659E-4	0,004
70,900	1,877E-4	0,003
70,950	4,563E-4	0,004
71,000	2,732E-4	0,003
71,050	5,247E-4	0,004
71,100	4,893E-4	0,003
71,150	4,856E-4	0,004
71,200	2,683E-4	0,003
71,250	4,221E-4	0,004
71,300	5,063E-4	0,003
71,350	2,964E-4	0,004
71,400	4,392E-4	0,003
71,450	5,552E-4	0,004
71,500	4,563E-4	0,003
71,550	3,928E-4	0,004
71,600	3,782E-4	0,003
71,650	4,282E-4	0,004
71,700	2,646E-4	0,003
71,750	3,513E-4	0,004
71,800	1,780E-4	0,003
71,850	3,000E-4	0,004
71,900	5,051E-4	0,003
71,950	2,537E-4	0,004
72,000	7,468E-4	0,003
72,050	3,257E-4	0,004
72,100	6,125E-4	0,003
72,150	4,980E-5	0,004
72,200	1,353E-4	0,003
72,250	4,492E-5	0,004
72,300	3,049E-4	0,003
72,350	5,454E-4	0,004
72,400	3,074E-4	0,003
72,450	5,906E-4	0,004
72,500	2,622E-4	0,003
72,550	5,225E-5	0,004
72,600	5,002E-4	0,003
72,650	5,283E-4	0,004
72,700	3,428E-4	0,003
72,750	3,574E-4	0,004
72,800	4,807E-4	0,003
72,850	2,939E-4	0,004
72,900	1,804E-4	0,003
72,950	3,318E-4	0,004
73,000	6,943E-4	0,003
73,050	3,037E-4	0,004
73,100	2,439E-4	0,003
73,150	4,526E-4	0,004
73,200	6,589E-4	0,003
73,250	4,185E-4	0,004
73,300	9,766E-7	0,002
73,350	4,087E-4	0,004
73,400	2,634E-4	0,003
73,450	4,905E-4	0,004
73,500	3,892E-4	0,003
73,550	4,004E-5	-0,004
73,600	-6,033E-4	-0,128
73,650	-0,001	-0,382
73,700	-0,030	-0,644
73,750	-0,027	-0,689
73,800	-0,005	-0,657
73,850	-0,006	-0,657
73,900	-0,006	-0,657
73,950	-0,006	-0,655
74,000	-0,006	-0,657
74,050	-0,006	-0,656
74,100	-0,006	-0,657
74,150	-0,005	-0,655
74,200	-0,006	-0,656
74,250	-0,005	-0,655
74,300	-0,006	-0,656
74,350	-0,005	-0,655
74,400	-0,005	-0,656
74,450	-0,006	-0,655
74,500	-0,005	-0,656
74,550	-0,005	-0,655
74,600	-0,005	-0,656
74,650	-0,006	-0,655
74,700	-0,006	-0,656
74,750	-0,005	-0,655
74,800	-0,006	-0,656
74,850	-0,006	-0,655
74,900	-0,005	-0,656
74,950	-0,005	-0,654
75,000	-0,005	-0,655
75,050	-0,005	-0,654
75,100	-0,005	-0,655
75,150	-0,005	-0,654
75,200	-0,006	-0,656
75,250	-0,005	-0,654
75,300	-0,006	-0,656
75,350	-0,005	-0,654
75,400	-0,005	-0,655
75,450	-0,006	-0,654
75,500	-0,005	-0,655
75,550	-0,006	-0,655
75,600	-0,006	-0,656
75,650	-0,005	-0,654
75,700	-0,005	-0,655
75,750	-0,005	-0,654
75,800	-0,006	-0,656
75,850	-0,006	-0,654
75,900	-0,005	-0,655
75,950	-0,005	-0,654
76,000	-0,005	-0,655
76,050	-0,006	-0,655
76,100	-0,005	-0,655
76,150	-0,005	-0,654
76,200	-0,005	-0,655
76,250	-0,005	-0,654
76,300	-0,005	-0,655
76,350	-0,005	-0,654
76,400	-0,005	-0,655
76,450	-0,006	-0,654
76,500	-0,005	-0,655
76,550	-0,005	-0,654
76,600	-0,005	-0,655
76,650	-0,005	-0,654
76,700	-0,005	-0,655
76,750	-0,006	-0,654
76,800	-0,006	-0,655
76,850	-0,005	-0,654
76,900	-0,005	-0,655
76,950	-0,005	-0,654
77,000	-0,006	-0,655
77,050	-0,005	-0,654
77,100	-0,005	-0,655
77,150	-0,006	-0,654
77,200	-0,005	-0,655
77,250	-0,006	-0,654
77,300	-0,005	-0,655
77,350	-0,005	-0,654
77,400	-0,006	-0,655
77,450	-0,005	-0,654
77,500	-0,006	-0,655
77,550	-0,005	-0,654
77,600	-0,005	-0,655
77,650	-0,005	-0,654
77,700	-0,006	-0,655
77,750	-0,005	-0,654
77,800	-0,005	-0,655
77,850	-0,006	-0,654
77,900	-0,005	-0,655
77,950	-0,005	-0,654
78,000	-0,006	-0,655
78,050	-0,005	-0,654
78,100	-0,005	-0,655
78,150	-0,006	-0,654
78,200	-0,006	-0,655
78,250	-0,005	-0,654
78,300	-0,005	-0,655
78,350	-0,006	-0,654
78,400	-0,005	-0,655
78,450	-0,006	-0,654
78,500	-0,006	-0,655
78,550	-0,006	-0,654
78,600	-0,005	-0,655
78,650	-0,006	-0,654
78,700	-0,006	-0,655
78,750	-0,006	-0,654
78,800	-0,006	-0,655
78,850	-0,006	-0,654
78,900	-0,005	-0,655
78,950	-0,005	-0,654
79,000	-0,006	-0,655
79,050	-0,005	-0,654
79,100	-0,006	-0,655
79,150	-0,006	-0,654
79,200	-0,006	-0,655
79,250	-0,005	-0,654
79,300	-0,005	-0,655
79,350	-0,005	-0,654
79,400	-0,006	-0,655
79,450	-0,006	-0,654
79,500	-0,005	-0,655
79,550	-0,005	-0,654
79,600	-0,006	-0,655
79,650	-0,005	-0,654
79,700	-0,005	-0,655
79,750	-0,006	-0,654
79,800	-0,006	-0,655
79,850	-0,006	-0,654
79,900	-0,006	-0,655
79,950	-0,006	-0,654
80,000	-0,006	-0,655
80,050	-0,006	-0,654
80,100	-0,005	-0,655
80,150	-0,006	-0,654
80,200	-0,006	-0,655
80,250	-0,006	-0,654
80,300	-0,005	-0,655
80,350	-0,006	-0,654
80,400	-0,006	-0,655
80,450	-0,006	-0,654
80,500	-0,006	-0,655
80,550	-0,006	-0,654
80,600	-0,006	-0,655
80,650	-0,006	-0,654
80,700	-0,006	-0,655
80,750	-0,006	-0,655
80,800	-0,005	-0,655
80,850	-0,006	-0,655
80,900	-0,006	-0,655
80,950	-0,005	-0,654
81,000	-0,006	-0,655
81,050	-0,006	-0,655
81,100	-0,006	-0,655
81,150	-0,006	-0,655
81,200	-0,006	-0,655
81,250	-0,006	-0,655
81,300	-0,005	-0,655
81,350	-0,006	-0,655
81,400	-0,006	-0,655
81,450	-0,006	-0,655
81,500	-0,006	-0,655
81,550	-0,006	-0,654
81,600	-0,005	-0,655
81,650	-0,006	-0,655
81,700	-0,006	-0,655
81,750	-0,006	-0,655
81,800	-0,006	-0,655
81,850	-0,006	-0,655
81,900	-0,006	-0,655
81,950	-0,006	-0,654
82,000	-0,006	-0,655
82,050	-0,006	-0,655
82,100	-0,006	-0,655
82,150	-0,006	-0,654
82,200	-0,005	-0,654
82,250	-0,006	-0,654
82,300	-0,005	-0,654
82,350	-0,008	-0,659
82,400	-0,021	-0,681
82,450	-0,030	-0,690
82,500	-0,030	-0,691
82,550	-0,031	-0,691
82,600	-0,032	-0,692
82,650	-0,037	-0,695
82,700	-0,039	-0,698
82,750	-0,039	-0,698
82,800	-0,039	-0,698
82,850	-0,039	-0,698
82,900	-0,039	-0,698
82,950	-0,039	-0,698
83,000	-0,039	-0,698
83,050	-0,039	-0,698
83,100	-0,039	-0,698
83,150	-0,039	-0,698
83,200	-0,040	-0,698
83,250	-0,040	-0,699
83,300	-0,041	-0,699
83,350	-0,044	-0,701
83,400	-0,045	-0,702
83,450	-0,045	-0,702
83,500	-0,045	-0,702
83,550	-0,048	-0,703
83,600	-0,050	-0,705
83,650	-0,053	-0,707
83,700	-0,057	-0,708
83,750	-0,057	-0,709
83,800	-0,057	-0,709
83,850	-0,057	-0,709
83,900	-0,057	-0,709
83,950	-0,057	-0,709
84,000	-0,057	-0,709
84,050	-0,057	-0,709
84,100	-0,058	-0,709
84,150	-0,058	-0,710
84,200	-0,059	-0,709
84,250	-0,061	-0,711
84,300	-0,065	-0,713
84,350	-0,067	-0,714
84,400	-0,067	-0,714
84,450	-0,068	-0,714
84,500	-0,068	-0,714
84,550	-0,067	-0,714
84,600	-0,067	-0,713
84,650	-0,067	-0,714
84,700	-0,068	-0,714
84,750	-0,068	-0,714
84,800	-0,068	-0,714
84,850	-0,068	-0,714
84,900	-0,070	-0,715
84,950	-0,071	-0,715
85,000	-0,074	-0,716
85,050	-0,075	-0,717
85,100	-0,076	-0,717
85,150	-0,076	-0,717
85,200	-0,077	-0,718
85,250	-0,079	-0,718
85,300	-0,080	-0,719
85,350	-0,080	-0,719
85,400	-0,080	-0,719
85,450	-0,081	-0,719
85,500	-0,082	-0,719
85,550	-0,083	-0,720
85,600	-0,083	-0,720
85,650	-0,084	-0,720
85,700	-0,085	-0,720
85,750	-0,086	-0,721
85,800	-0,086	-0,720
85,850	-0,087	-0,721
85,900	-0,088	-0,721
85,950	-0,088	-0,722
86,000	-0,089	-0,721
86,050	-0,089	-0,722
86,100	-0,090	-0,722
86,150	-0,091	-0,723
86,200	-0,091	-0,722
86,250	-0,092	-0,723
86,300	-0,093	-0,723
86,350	-0,094	-0,724
86,400	-0,094	-0,723
86,450	-0,094	-0,723
86,500	-0,095	-0,723
86,550	-0,095	-0,724
86,600	-0,096	-0,724
86,650	-0,097	-0,724
86,700	-0,100	-0,725
86,750	-0,102	-0,726
86,800	-0,103	-0,725
86,850	-0,104	-0,726
86,900	-0,104	-0,726
86,950	-0,104	-0,726
87,000	-0,104	-0,726
87,050	-0,104	-0,726
87,100	-0,104	-0,726
87,150	-0,104	-0,726
87,200	-0,104	-0,726
87,250	-0,104	-0,727
87,300	-0,106	-0,726
87,350	-0,106	-0,727
87,400	-0,108	-0,727
87,450	-0,108	-0,727
87,500	-0,109	-0,727
87,550	-0,110	-0,728
87,600	-0,111	-0,727
87,650	-0,112	-0,728
87,700	-0,112	-0,728
87,750	-0,113	-0,729
87,800	-0,114	-0,728
87,850	-0,115	-0,729
87,900	-0,115	-0,728
87,950	-0,115	-0,729
88,000	-0,115	-0,728
88,050	-0,115	-0,729
88,100	-0,115	-0,728
88,150	-0,115	-0,729
88,200	-0,115	-0,728
88,250	-0,116	-0,730
88,300	-0,117	-0,729
88,350	-0,118	-0,730
88,400	-0,119	-0,729
88,450	-0,119	-0,730
88,500	-0,120	-0,730
88,550	-0,121	-0,730
88,600	-0,121	-0,730
88,650	-0,121	-0,730
88,700	-0,121	-0,730
88,750	-0,121	-0,731
88,800	-0,121	-0,730
88,850	-0,122	-0,731
88,900	-0,123	-0,730
88,950	-0,123	-0,731
89,000	-0,124	-0,730
89,050	-0,125	-0,732
89,100	-0,125	-0,731
89,150	-0,125	-0,732
89,200	-0,126	-0,731
89,250	-0,127	-0,732
89,300	-0,129	-0,731
89,350	-0,132	-0,733
89,400	-0,135	-0,733
89,450	-0,136	-0,734
89,500	-0,137	-0,733
89,550	-0,137	-0,734
89,600	-0,137	-0,733
89,650	-0,137	-0,734
89,700	-0,139	-0,733
89,750	-0,140	-0,735
89,800	-0,141	-0,733
89,850	-0,141	-0,735
89,900	-0,142	-0,734
89,950	-0,142	-0,735
90,000	-0,143	-0,734
90,050	-0,144	-0,735
90,100	-0,146	-0,734
90,150	-0,148	-0,736
90,200	-0,149	-0,735
90,250	-0,150	-0,736
90,300	-0,152	-0,736
90,350	-0,153	-0,737
90,400	-0,153	-0,736
90,450	-0,153	-0,737
90,500	-0,153	-0,736
90,550	-0,154	-0,737
90,600	-0,154	-0,736
90,650	-0,155	-0,737
90,700	-0,156	-0,736
90,750	-0,157	-0,738
90,800	-0,158	-0,737
90,850	-0,159	-0,738
90,900	-0,160	-0,737
90,950	-0,160	-0,738
91,000	-0,161	-0,737
91,050	-0,162	-0,738
91,100	-0,163	-0,738
91,150	-0,164	-0,739
91,200	-0,164	-0,738
91,250	-0,164	-0,739
91,300	-0,165	-0,738
91,350	-0,165	-0,739
91,400	-0,166	-0,738
91,450	-0,167	-0,739
91,500	-0,168	-0,738
91,550	-0,168	-0,740
91,600	-0,170	-0,738
91,650	-0,170	-0,740
91,700	-0,171	-0,739
91,750	-0,172	-0,740
91,800	-0,172	-0,739
91,850	-0,172	-0,740
91,900	-0,173	-0,739
91,950	-0,173	-0,740
92,000	-0,173	-0,739
92,050	-0,174	-0,740
92,100	-0,174	-0,739
92,150	-0,176	-0,741
92,200	-0,176	-0,739
92,250	-0,177	-0,741
92,300	-0,177	-0,740
92,350	-0,179	-0,741
92,400	-0,180	-0,740
92,450	-0,180	-0,741
92,500	-0,181	-0,740
92,550	-0,180	-0,741
92,600	-0,181	-0,740
92,650	-0,181	-0,741
92,700	-0,181	-0,740
92,750	-0,181	-0,741
92,800	-0,181	-0,740
92,850	-0,181	-0,741
92,900	-0,181	-0,740
92,950	-0,182	-0,742
93,000	-0,182	-0,740
93,050	-0,183	-0,741
93,100	-0,183	-0,740
93,150	-0,183	-0,741
93,200	-0,183	-0,740
93,250	-0,184	-0,742
93,300	-0,183	-0,740
93,350	-0,184	-0,742
93,400	-0,184	-0,741
93,450	-0,185	-0,742
93,500	-0,186	-0,741
93,550	-0,186	-0,742
93,600	-0,189	-0,741
93,650	-0,189	-0,742
93,700	-0,191	-0,742
93,750	-0,192	-0,743
93,800	-0,192	-0,741
93,850	-0,192	-0,743
93,900	-0,192	-0,741
93,950	-0,193	-0,742
94,000	-0,193	-0,741
94,050	-0,194	-0,743
94,100	-0,195	-0,742
94,150	-0,195	-0,743
94,200	-0,195	-0,742
94,250	-0,195	-0,743
94,300	-0,195	-0,742
94,350	-0,195	-0,743
94,400	-0,196	-0,742
94,450	-0,196	-0,743
94,500	-0,196	-0,742
94,550	-0,196	-0,743
94,600	-0,196	-0,742
94,650	-0,196	-0,743
94,700	-0,196	-0,742
94,750	-0,196	-0,743
94,800	-0,196	-0,742
94,850	-0,197	-0,743
94,900	-0,197	-0,742
94,950	-0,197	-0,743
95,000	-0,197	-0,742
95,050	-0,198	-0,743
95,100	-0,198	-0,742
95,150	-0,199	-0,743
95,200	-0,199	-0,742
95,250	-0,200	-0,743
95,300	-0,200	-0,742
95,350	-0,201	-0,744
95,400	-0,201	-0,742
95,450	-0,201	-0,744
95,500	-0,202	-0,743
95,550	-0,202	-0,744
95,600	-0,204	-0,743
95,650	-0,204	-0,744
95,700	-0,204	-0,743
95,750	-0,205	-0,744
95,800	-0,205	-0,743
95,850	-0,206	-0,744
95,900	-0,207	-0,743
95,950	-0,208	-0,744
96,000	-0,208	-0,743
96,050	-0,208	-0,744
96,100	-0,208	-0,743
96,150	-0,209	-0,745
96,200	-0,209	-0,744
96,250	-0,208	-0,744
96,300	-0,209	-0,743
96,350	-0,210	-0,744
96,400	-0,210	-0,743
96,450	-0,211	-0,745
96,500	-0,211	-0,743
96,550	-0,212	-0,745
96,600	-0,213	-0,744
96,650	-0,213	-0,745
96,700	-0,213	-0,744
96,750	-0,213	-0,745
96,800	-0,213	-0,744
96,850	-0,213	-0,745
96,900	-0,213	-0,744
96,950	-0,213	-0,745
97,000	-0,214	-0,744
97,050	-0,214	-0,745
97,100	-0,214	-0,744
97,150	-0,214	-0,745
97,200	-0,214	-0,744
97,250	-0,214	-0,745
97,300	-0,214	-0,744
97,350	-0,214	-0,745
97,400	-0,214	-0,744
97,450	-0,214	-0,745
97,500	-0,214	-0,744
97,550	-0,214	-0,745
97,600	-0,214	-0,744
97,650	-0,215	-0,745
97,700	-0,216	-0,744
97,750	-0,216	-0,745
97,800	-0,219	-0,744
97,850	-0,220	-0,745
97,900	-0,220	-0,744
97,950	-0,220	-0,745
98,000	-0,220	-0,744
98,050	-0,220	-0,745
98,100	-0,220	-0,744
98,150	-0,220	-0,745
98,200	-0,220	-0,744
98,250	-0,219	-0,745
98,300	-0,220	-0,745
98,350	-0,220	-0,745
98,400	-0,220	-0,744
98,450	-0,221	-0,745
98,500	-0,221	-0,744
98,550	-0,221	-0,745
98,600	-0,221	-0,745
98,650	-0,221	-0,745
98,700	-0,221	-0,745
98,750	-0,221	-0,745
98,800	-0,221	-0,745
98,850	-0,222	-0,745
98,900	-0,226	-0,745
98,950	-0,228	-0,746
99,000	-0,230	-0,746
99,050	-0,230	-0,746
99,100	-0,232	-0,746
99,150	-0,234	-0,747
99,200	-0,237	-0,746
99,250	-0,237	-0,747
99,300	-0,238	-0,746
99,350	-0,238	-0,747
99,400	-0,239	-0,746
99,450	-0,240	-0,747
99,500	-0,242	-0,746
99,550	-0,243	-0,747
99,600	-0,245	-0,747
99,650	-0,246	-0,747
99,700	-0,246	-0,747
99,750	-0,246	-0,747
99,800	-0,247	-0,747
99,850	-0,248	-0,748
99,900	-0,248	-0,747
99,950	-0,248	-0,747
100,000	-0,249	-0,747
100,050	-0,249	-0,747
100,100	-0,249	-0,747
100,150	-0,251	-0,748
100,200	-0,251	-0,748
100,250	-0,251	-0,747
100,300	-0,251	-0,747
100,350	-0,252	-0,748
100,400	-0,253	-0,747
100,450	-0,254	-0,748
100,500	-0,255	-0,747
100,550	-0,256	-0,748
100,600	-0,258	-0,747
100,650	-0,261	-0,748
100,700	-0,263	-0,748
100,750	-0,264	-0,748
100,800	-0,264	-0,748
100,850	-0,264	-0,748
100,900	-0,265	-0,748
100,950	-0,264	-0,748
101,000	-0,265	-0,748
101,050	-0,266	-0,749
101,100	-0,267	-0,748
101,150	-0,267	-0,748
101,200	-0,268	-0,748
101,250	-0,269	-0,749
101,300	-0,269	-0,748
101,350	-0,270	-0,748
101,400	-0,272	-0,748
101,450	-0,273	-0,749
101,500	-0,274	-0,749
101,550	-0,274	-0,748
101,600	-0,275	-0,749
101,650	-0,275	-0,748
101,700	-0,275	-0,749
101,750	-0,275	-0,749
101,800	-0,276	-0,749
101,850	-0,276	-0,749
101,900	-0,277	-0,749
101,950	-0,277	-0,749
102,000	-0,278	-0,749
102,050	-0,278	-0,749
102,100	-0,278	-0,749
102,150	-0,278	-0,749
102,200	-0,279	-0,749
102,250	-0,282	-0,749
102,300	-0,284	-0,749
102,350	-0,286	-0,749
102,400	-0,286	-0,749
102,450	-0,287	-0,749
102,500	-0,287	-0,749
102,550	-0,286	-0,749
102,600	-0,286	-0,749
102,650	-0,287	-0,749
102,700	-0,287	-0,749
102,750	-0,288	-0,749
102,800	-0,288	-0,749
102,850	-0,289	-0,749
102,900	-0,289	-0,749
102,950	-0,288	-0,749
103,000	-0,288	-0,750
103,050	-0,288	-0,749
103,100	-0,288	-0,749
103,150	-0,288	-0,749
103,200	-0,288	-0,749
103,250	-0,289	-0,749
103,300	-0,289	-0,749
103,350	-0,289	-0,749
103,400	-0,289	-0,749
103,450	-0,295	-0,750
103,500	-0,304	-0,750
103,550	-0,307	-0,750
103,600	-0,307	-0,750
103,650	-0,307	-0,750
103,700	-0,307	-0,750
103,750	-0,307	-0,750
103,800	-0,308	-0,750
103,850	-0,307	-0,750
103,900	-0,308	-0,750
103,950	-0,308	-0,750
104,000	-0,308	-0,750
104,050	-0,308	-0,750
104,100	-0,308	-0,750
104,150	-0,310	-0,750
104,200	-0,312	-0,750
104,250	-0,314	-0,750
104,300	-0,315	-0,750
104,350	-0,315	-0,750
104,400	-0,317	-0,750
104,450	-0,319	-0,750
104,500	-0,320	-0,750
104,550	-0,322	-0,750
104,600	-0,323	-0,750
104,650	-0,325	-0,750
104,700	-0,327	-0,750
104,750	-0,329	-0,750
104,800	-0,330	-0,751
104,850	-0,333	-0,750
104,900	-0,333	-0,751
104,950	-0,335	-0,750
105,000	-0,335	-0,751
105,050	-0,335	-0,750
105,100	-0,336	-0,751
105,150	-0,337	-0,750
105,200	-0,338	-0,751
105,250	-0,339	-0,750
105,300	-0,339	-0,751
105,350	-0,340	-0,750
105,400	-0,341	-0,751
105,450	-0,342	-0,750
105,500	-0,344	-0,751
105,550	-0,347	-0,751
105,600	-0,350	-0,751
105,650	-0,353	-0,751
105,700	-0,356	-0,751
105,750	-0,358	-0,751
105,800	-0,359	-0,751
105,850	-0,359	-0,751
105,900	-0,359	-0,752
105,950	-0,360	-0,750
106,000	-0,361	-0,751
106,050	-0,361	-0,750
106,100	-0,362	-0,751
106,150	-0,364	-0,751
106,200	-0,367	-0,751
106,250	-0,368	-0,751
106,300	-0,369	-0,752
106,350	-0,369	-0,751
106,400	-0,370	-0,752
106,450	-0,371	-0,751
106,500	-0,373	-0,751
106,550	-0,375	-0,751
106,600	-0,376	-0,751
106,650	-0,378	-0,751
106,700	-0,379	-0,752
106,750	-0,383	-0,751
106,800	-0,386	-0,752
106,850	-0,386	-0,751
106,900	-0,387	-0,752
106,950	-0,390	-0,751
107,000	-0,392	-0,752
107,050	-0,396	-0,751
107,100	-0,397	-0,752
107,150	-0,398	-0,751
107,200	-0,399	-0,752
107,250	-0,399	-0,751
107,300	-0,400	-0,752
107,350	-0,400	-0,751
107,400	-0,400	-0,752
107,450	-0,400	-0,751
107,500	-0,401	-0,752
107,550	-0,401	-0,751
107,600	-0,402	-0,752
107,650	-0,402	-0,751
107,700	-0,404	-0,752
107,750	-0,404	-0,751
107,800	-0,404	-0,752
107,850	-0,404	-0,751
107,900	-0,404	-0,752
107,950	-0,404	-0,751
108,000	-0,404	-0,752
108,050	-0,405	-0,751
108,100	-0,405	-0,752
108,150	-0,406	-0,751
108,200	-0,406	-0,752
108,250	-0,406	-0,751
108,300	-0,407	-0,752
108,350	-0,408	-0,751
108,400	-0,408	-0,752
108,450	-0,408	-0,751
108,500	-0,409	-0,752
108,550	-0,410	-0,751
108,600	-0,411	-0,752
108,650	-0,412	-0,751
108,700	-0,413	-0,752
108,750	-0,413	-0,751
108,800	-0,413	-0,752
108,850	-0,414	-0,751
108,900	-0,414	-0,752
108,950	-0,414	-0,751
109,000	-0,415	-0,752
109,050	-0,415	-0,751
109,100	-0,416	-0,752
109,150	-0,416	-0,751
109,200	-0,416	-0,752
109,250	-0,417	-0,751
109,300	-0,418	-0,752
109,350	-0,419	-0,751
109,400	-0,421	-0,752
109,450	-0,423	-0,751
109,500	-0,424	-0,752
109,550	-0,424	-0,751
109,600	-0,424	-0,753
109,650	-0,424	-0,751
109,700	-0,424	-0,752
109,750	-0,424	-0,751
109,800	-0,424	-0,752
109,850	-0,425	-0,751
109,900	-0,425	-0,752
109,950	-0,427	-0,751
110,000	-0,428	-0,752
110,050	-0,428	-0,751
110,100	-0,429	-0,752
110,150	-0,429	-0,751
110,200	-0,429	-0,752
110,250	-0,430	-0,751
110,300	-0,431	-0,752
110,350	-0,431	-0,751
110,400	-0,431	-0,752
110,450	-0,432	-0,751
110,500	-0,433	-0,752
110,550	-0,434	-0,751
110,600	-0,434	-0,752
110,650	-0,434	-0,751
110,700	-0,434	-0,752
110,750	-0,434	-0,751
110,800	-0,434	-0,752
110,850	-0,434	-0,751
110,900	-0,434	-0,752
110,950	-0,436	-0,751
111,000	-0,436	-0,752
111,050	-0,436	-0,751
111,100	-0,436	-0,752
111,150	-0,436	-0,751
111,200	-0,436	-0,752
111,250	-0,436	-0,751
111,300	-0,436	-0,752
111,350	-0,436	-0,751
111,400	-0,436	-0,752
111,450	-0,436	-0,751
111,500	-0,436	-0,752
111,550	-0,436	-0,751
111,600	-0,436	-0,752
111,650	-0,436	-0,751
111,700	-0,436	-0,752
111,750	-0,436	-0,751
111,800	-0,436	-0,752
111,850	-0,436	-0,751
111,900	-0,436	-0,752
111,950	-0,436	-0,751
112,000	-0,436	-0,752
112,050	-0,436	-0,751
112,100	-0,436	-0,752
112,150	-0,436	-0,751
112,200	-0,436	-0,752
112,250	-0,436	-0,751
112,300	-0,436	-0,752
112,350	-0,436	-0,751
112,400	-0,436	-0,752
112,450	-0,436	-0,751
112,500	-0,436	-0,752
112,550	-0,436	-0,751
112,600	-0,437	-0,752
112,650	-0,440	-0,751
112,700	-0,443	-0,752
112,750	-0,446	-0,751
112,800	-0,447	-0,752
112,850	-0,448	-0,751
112,900	-0,451	-0,753
112,950	-0,452	-0,751
113,000	-0,453	-0,752
113,050	-0,453	-0,751
113,100	-0,454	-0,752
113,150	-0,455	-0,751
113,200	-0,456	-0,752
113,250	-0,456	-0,751
113,300	-0,456	-0,752
113,350	-0,456	-0,751
113,400	-0,456	-0,752
113,450	-0,457	-0,751
113,500	-0,457	-0,752
113,550	-0,458	-0,751
113,600	-0,458	-0,752
113,650	-0,459	-0,751
113,700	-0,460	-0,752
113,750	-0,460	-0,751
113,800	-0,460	-0,752
113,850	-0,461	-0,751
113,900	-0,461	-0,752
113,950	-0,461	-0,751
114,000	-0,462	-0,753
114,050	-0,462	-0,751
114,100	-0,462	-0,752
114,150	-0,462	-0,751
114,200	-0,462	-0,752
114,250	-0,462	-0,751
114,300	-0,462	-0,752
114,350	-0,463	-0,752
114,400	-0,464	-0,753
114,450	-0,465	-0,751
114,500	-0,468	-0,752
114,550	-0,469	-0,751
114,600	-0,470	-0,752
114,650	-0,470	-0,751
114,700	-0,471	-0,752
114,750	-0,471	-0,751
114,800	-0,472	-0,753
114,850	-0,473	-0,752
114,900	-0,473	-0,752
114,950	-0,473	-0,752
115,000	-0,472	-0,752
115,050	-0,473	-0,751
115,100	-0,473	-0,752
115,150	-0,473	-0,752
115,200	-0,473	-0,752
115,250	-0,473	-0,751
115,300	-0,473	-0,752
115,350	-0,473	-0,751
115,400	-0,473	-0,752
115,450	-0,473	-0,751
115,500	-0,473	-0,752
115,550	-0,473	-0,751
115,600	-0,473	-0,752
115,650	-0,473	-0,751
115,700	-0,473	-0,752
115,750	-0,473	-0,751
115,800	-0,473	-0,752
115,850	-0,473	-0,751
115,900	-0,473	-0,752
115,950	-0,473	-0,751
116,000	-0,473	-0,752
116,050	-0,473	-0,752
116,100	-0,473	-0,752
116,150	-0,472	-0,751
116,200	-0,473	-0,752
116,250	-0,473	-0,752
116,300	-0,473	-0,752
116,350	-0,473	-0,751
116,400	-0,473	-0,752
116,450	-0,473	-0,751
116,500	-0,473	-0,752
116,550	-0,473	-0,751
116,600	-0,473	-0,752
116,650	-0,473	-0,751
116,700	-0,473	-0,752
116,750	-0,473	-0,751
116,800	-0,473	-0,752
116,850	-0,473	-0,751
116,900	-0,473	-0,752
116,950	-0,473	-0,752
117,000	-0,473	-0,752
117,050	-0,473	-0,751
117,100	-0,473	-0,752
117,150	-0,473	-0,751
117,200	-0,473	-0,752
117,250	-0,472	-0,751
117,300	-0,472	-0,752
117,350	-0,472	-0,752
117,400	-0,472	-0,752
117,450	-0,472	-0,752
117,500	-0,471	-0,752
117,550	-0,468	-0,751
117,600	-0,464	-0,752
117,650	-0,462	-0,751
117,700	-0,462	-0,752
117,750	-0,461	-0,751
117,800	-0,460	-0,752
117,850	-0,458	-0,751
117,900	-0,456	-0,752
117,950	-0,454	-0,751
118,000	-0,453	-0,752
118,050	-0,453	-0,751
118,100	-0,450	-0,752
118,150	-0,447	-0,751
118,200	-0,443	-0,752
118,250	-0,440	-0,751
118,300	-0,439	-0,751
118,350	-0,437	-0,751
118,400	-0,436	-0,752
118,450	-0,435	-0,751
118,500	-0,433	-0,752
118,550	-0,431	-0,751
118,600	-0,429	-0,752
118,650	-0,426	-0,751
118,700	-0,423	-0,751
118,750	-0,422	-0,751
118,800	-0,421	-0,751
118,850	-0,421	-0,751
118,900	-0,421	-0,751
118,950	-0,421	-0,751
119,000	-0,421	-0,751
119,050	-0,421	-0,751
119,100	-0,421	-0,751
119,150	-0,421	-0,751
119,200	-0,420	-0,751
119,250	-0,421	-0,751
119,300	-0,421	-0,751
119,350	-0,420	-0,751
119,400	-0,419	-0,751
119,450	-0,418	-0,751
119,500	-0,417	-0,751
119,550	-0,414	-0,751
119,600	-0,412	-0,752
119,650	-0,406	-0,751
119,700	-0,402	-0,751
119,750	-0,401	-0,751
119,800	-0,400	-0,751
119,850	-0,400	-0,751
119,900	-0,400	-0,751
119,950	-0,400	-0,751
120,000	-0,400	-0,751
120,050	-0,399	-0,751
120,100	-0,399	-0,751
120,150	-0,398	-0,751
120,200	-0,398	-0,751
120,250	-0,394	-0,751
120,300	-0,393	-0,751
120,350	-0,394	-0,751
120,400	-0,393	-0,751
120,450	-0,394	-0,751
120,500	-0,394	-0,751
120,550	-0,394	-0,751
120,600	-0,394	-0,751
120,650	-0,393	-0,751
120,700	-0,394	-0,751
120,750	-0,393	-0,751
120,800	-0,394	-0,751
120,850	-0,393	-0,751
120,900	-0,393	-0,751
120,950	-0,394	-0,751
121,000	-0,394	-0,751
121,050	-0,393	-0,751
121,100	-0,393	-0,751
121,150	-0,391	-0,751
121,200	-0,388	-0,751
121,250	-0,386	-0,751
121,300	-0,383	-0,751
121,350	-0,380	-0,751
121,400	-0,378	-0,751
121,450	-0,376	-0,751
121,500	-0,375	-0,751
121,550	-0,372	-0,751
121,600	-0,370	-0,750
121,650	-0,368	-0,751
121,700	-0,363	-0,750
121,750	-0,361	-0,751
121,800	-0,360	-0,750
121,850	-0,360	-0,750
121,900	-0,359	-0,750
121,950	-0,358	-0,750
122,000	-0,357	-0,750
122,050	-0,353	-0,751
122,100	-0,351	-0,750
122,150	-0,349	-0,751
122,200	-0,349	-0,750
122,250	-0,349	-0,751
122,300	-0,349	-0,750
122,350	-0,349	-0,750
122,400	-0,349	-0,750
122,450	-0,349	-0,751
122,500	-0,349	-0,750
122,550	-0,347	-0,750
122,600	-0,345	-0,750
122,650	-0,344	-0,750
122,700	-0,342	-0,750
122,750	-0,339	-0,750
122,800	-0,335	-0,750
122,850	-0,331	-0,750
122,900	-0,328	-0,749
122,950	-0,325	-0,750
123,000	-0,321	-0,750
123,050	-0,320	-0,750
123,100	-0,319	-0,749
123,150	-0,318	-0,750
123,200	-0,315	-0,750
123,250	-0,312	-0,750
123,300	-0,308	-0,749
123,350	-0,304	-0,749
123,400	-0,300	-0,749
123,450	-0,297	-0,749
123,500	-0,296	-0,749
123,550	-0,295	-0,749
123,600	-0,292	-0,749
123,650	-0,289	-0,749
123,700	-0,287	-0,748
123,750	-0,287	-0,749
123,800	-0,285	-0,748
123,850	-0,281	-0,749
123,900	-0,278	-0,748
123,950	-0,275	-0,748
124,000	-0,275	-0,748
124,050	-0,273	-0,748
124,100	-0,270	-0,748
124,150	-0,268	-0,748
124,200	-0,266	-0,747
124,250	-0,265	-0,748
124,300	-0,264	-0,747
124,350	-0,262	-0,747
124,400	-0,260	-0,747
124,450	-0,258	-0,747
124,500	-0,255	-0,747
124,550	-0,253	-0,747
124,600	-0,251	-0,746
124,650	-0,250	-0,747
124,700	-0,249	-0,746
124,750	-0,248	-0,747
124,800	-0,246	-0,746
124,850	-0,245	-0,746
124,900	-0,243	-0,746
124,950	-0,241	-0,746
125,000	-0,239	-0,745
125,050	-0,238	-0,746
125,100	-0,235	-0,745
125,150	-0,233	-0,745
125,200	-0,231	-0,745
125,250	-0,230	-0,745
125,300	-0,229	-0,745
125,350	-0,226	-0,745
125,400	-0,223	-0,744
125,450	-0,220	-0,744
125,500	-0,218	-0,744
125,550	-0,216	-0,744
125,600	-0,213	-0,743
125,650	-0,213	-0,744
125,700	-0,210	-0,743
125,750	-0,208	-0,743
125,800	-0,205	-0,742
125,850	-0,199	-0,742
125,900	-0,195	-0,741
125,950	-0,191	-0,741
126,000	-0,188	-0,740
126,050	-0,187	-0,741
126,100	-0,185	-0,740
126,150	-0,183	-0,740
126,200	-0,182	-0,739
126,250	-0,181	-0,740
126,300	-0,179	-0,739
126,350	-0,178	-0,740
126,400	-0,176	-0,739
126,450	-0,173	-0,739
126,500	-0,171	-0,738
126,550	-0,170	-0,739
126,600	-0,168	-0,737
126,650	-0,167	-0,738
126,700	-0,167	-0,737
126,750	-0,166	-0,738
126,800	-0,166	-0,737
126,850	-0,165	-0,738
126,900	-0,163	-0,737
126,950	-0,160	-0,737
127,000	-0,157	-0,735
127,050	-0,155	-0,736
127,100	-0,154	-0,735
127,150	-0,153	-0,736
127,200	-0,152	-0,735
127,250	-0,151	-0,736
127,300	-0,150	-0,735
127,350	-0,148	-0,735
127,400	-0,147	-0,734
127,450	-0,144	-0,734
127,500	-0,142	-0,733
127,550	-0,138	-0,733
127,600	-0,134	-0,732
127,650	-0,133	-0,732
127,700	-0,133	-0,731
127,750	-0,133	-0,732
127,800	-0,132	-0,731
127,850	-0,130	-0,731
127,900	-0,128	-0,730
127,950	-0,125	-0,731
128,000	-0,123	-0,729
128,050	-0,122	-0,730
128,100	-0,122	-0,729
128,150	-0,120	-0,729
128,200	-0,120	-0,728
128,250	-0,119	-0,729
128,300	-0,119	-0,728
128,350	-0,115	-0,728
128,400	-0,110	-0,726
128,450	-0,108	-0,727
128,500	-0,105	-0,725
128,550	-0,104	-0,725
128,600	-0,104	-0,725
128,650	-0,099	-0,724
128,700	-0,094	-0,722
128,750	-0,092	-0,722
128,800	-0,091	-0,721
128,850	-0,091	-0,722
128,900	-0,090	-0,720
128,950	-0,090	-0,722
129,000	-0,090	-0,720
129,050	-0,090	-0,721
129,100	-0,090	-0,721
129,150	-0,090	-0,721
129,200	-0,090	-0,720
129,250	-0,090	-0,721
129,300	-0,090	-0,720
129,350	-0,090	-0,721
129,400	-0,090	-0,721
129,450	-0,090	-0,721
129,500	-0,090	-0,720
129,550	-0,090	-0,722
129,600	-0,090	-0,720
129,650	-0,089	-0,721
129,700	-0,086	-0,719
129,750	-0,081	-0,719
129,800	-0,077	-0,716
129,850	-0,076	-0,717
129,900	-0,073	-0,715
129,950	-0,071	-0,715
130,000	-0,070	-0,713
130,050	-0,068	-0,713
130,100	-0,066	-0,712
130,150	-0,065	-0,712
130,200	-0,063	-0,710
130,250	-0,061	-0,711
130,300	-0,059	-0,708
130,350	-0,057	-0,708
130,400	-0,052	-0,705
130,450	-0,049	-0,704
130,500	-0,049	-0,703
130,550	-0,048	-0,704
130,600	-0,046	-0,702
130,650	-0,046	-0,703
130,700	-0,045	-0,701
130,750	-0,045	-0,702
130,800	-0,043	-0,700
130,850	-0,038	-0,697
130,900	-0,034	-0,693
130,950	-0,034	-0,693
131,000	-0,033	-0,692
131,050	-0,033	-0,693
131,100	-0,033	-0,692
131,150	-0,033	-0,693
131,200	-0,033	-0,692
131,250	-0,033	-0,693
131,300	-0,032	-0,691
131,350	-0,032	-0,692
131,400	-0,031	-0,690
131,450	-0,030	-0,690
131,500	-0,029	-0,688
131,550	-0,028	-0,689
131,600	-0,027	-0,687
131,650	-0,025	-0,686
131,700	-0,024	-0,684
131,750	-0,023	-0,684
131,800	-0,024	-0,683
131,850	-0,023	-0,684
131,900	-0,023	-0,682
131,950	-0,021	-0,682
132,000	-0,019	-0,677
132,050	-0,018	-0,677
132,100	-0,017	-0,676
132,150	-0,017	-0,677
132,200	-0,018	-0,676
132,250	-0,017	-0,677
132,300	-0,016	-0,674
132,350	-0,015	-0,674
132,400	-0,012	-0,668
132,450	-0,012	-0,668
132,500	-0,011	-0,666
132,550	-0,011	-0,666
132,600	-0,011	-0,666
132,650	-0,010	-0,665
132,700	-0,009	-0,662
132,750	-0,008	-0,661
132,800	-0,008	-0,659
132,850	-0,008	-0,660
132,900	-0,008	-0,659
132,950	-0,008	-0,659
133,000	-0,008	-0,658
133,050	-0,007	-0,659
133,100	-0,007	-0,657
133,150	-0,007	-0,658
133,200	-0,006	-0,655
133,250	-0,007	-0,657
133,300	-0,006	-0,654
133,350	-0,005	-0,654
133,400	-0,005	-0,652
133,450	-0,005	-0,652
133,500	-0,005	-0,650
133,550	-0,004	-0,650
133,600	-1,589E-4	-0,630
133,650	8,970E-4	-0,617
133,700	1,682E-4	-0,617
133,750	5,417E-4	-0,618
133,800	1,694E-4	-0,617
133,850	4,746E-4	-0,618
133,900	3,867E-4	-0,617
133,950	1,926E-4	-0,618
134,000	6,394E-4	-0,617
134,050	4,929E-4	-0,618
134,100	3,879E-4	-0,617
134,150	4,856E-4	-0,618
134,200	3,977E-4	-0,617
134,250	3,562E-4	-0,618
134,300	1,768E-4	-0,617
134,350	1,487E-4	-0,619
134,400	3,538E-4	-0,617
134,450	4,575E-4	-0,618
134,500	3,159E-4	-0,617
134,550	3,257E-4	-0,618
134,600	4,282E-4	-0,617
134,650	4,124E-4	-0,618
134,700	3,794E-4	-0,617
134,750	6,296E-4	-0,618
134,800	4,917E-4	-0,617
134,850	2,671E-4	-0,618
134,900	6,260E-4	-0,617
134,950	5,149E-4	-0,618
135,000	4,880E-4	-0,617
135,050	4,795E-4	-0,618
135,100	4,880E-4	-0,617
135,150	2,939E-4	-0,618
135,200	4,490E-4	-0,617
135,250	4,832E-4	-0,618
135,300	3,806E-4	-0,617
135,350	6,162E-4	-0,618
135,400	4,905E-4	-0,617
135,450	3,611E-4	-0,618
135,500	2,720E-4	-0,617
135,550	3,513E-4	-0,618
135,600	5,430E-4	-0,617
135,650	2,488E-4	-0,618
135,700	5,649E-4	-0,617
135,750	4,819E-4	-0,618
135,800	5,088E-4	-0,617
135,850	1,169E-4	-0,619
135,900	4,124E-4	-0,617
135,950	5,869E-4	-0,618
136,000	3,904E-4	-0,617
136,050	6,553E-4	-0,618
136,100	3,770E-4	-0,617
136,150	2,512E-4	-0,618
136,200	4,001E-4	-0,617
136,250	3,501E-4	-0,618
136,300	3,672E-4	-0,617
136,350	3,428E-4	-0,618
136,400	2,976E-4	-0,617
136,450	5,710E-4	-0,618
136,500	2,952E-4	-0,617
136,550	2,317E-4	-0,618
136,600	4,941E-4	-0,617
136,650	4,600E-4	-0,618
136,700	4,868E-4	-0,617
136,750	3,196E-4	-0,618
136,800	4,783E-4	-0,617
136,850	6,455E-4	-0,618
136,900	3,428E-4	-0,617
136,950	3,342E-4	-0,618
137,000	5,137E-4	-0,617
137,050	2,207E-4	-0,618
137,100	5,698E-4	-0,617
137,150	7,664E-4	-0,618
137,200	5,479E-4	-0,617
137,250	4,502E-4	-0,618
137,300	2,659E-4	-0,617
137,350	3,611E-4	-0,618
137,400	1,768E-4	-0,617
137,450	2,415E-4	-0,619
137,500	3,599E-4	-0,617
137,550	3,489E-4	-0,618
137,600	6,223E-4	-0,617
137,650	1,196E-5	-0,619
137,700	3,684E-4	-0,617
137,750	5,564E-4	-0,618
137,800	1,707E-4	-0,617
137,850	6,138E-4	-0,618
137,900	2,744E-4	-0,617
137,950	7,041E-4	-0,618
138,000	2,720E-4	-0,617
138,050	6,870E-4	-0,618
138,100	4,624E-4	-0,617
138,150	4,502E-4	-0,618
138,200	3,770E-4	-0,617
138,250	3,330E-4	-0,618
138,300	4,783E-4	-0,617
138,350	3,965E-4	-0,618
138,400	6,040E-4	-0,617
138,450	4,331E-4	-0,618
138,500	1,926E-4	-0,617
138,550	4,331E-4	-0,618
138,600	3,611E-4	-0,617
138,650	7,175E-4	-0,618
138,700	4,063E-4	-0,617
138,750	3,708E-4	-0,618
138,800	5,833E-4	-0,617
138,850	4,392E-4	-0,618
138,900	2,854E-4	-0,617
138,950	3,623E-4	-0,618
139,000	1,487E-4	-0,617
139,050	5,930E-4	-0,618
139,100	6,467E-4	-0,617
139,150	6,113E-4	-0,618
139,200	5,796E-4	-0,617
139,250	6,125E-4	-0,618
139,300	2,793E-4	-0,617
139,350	2,073E-4	-0,618
139,400	2,183E-4	-0,617
139,450	2,646E-4	-0,618
139,500	2,390E-4	-0,617
139,550	3,940E-4	-0,618
139,600	5,857E-4	-0,617
139,650	5,039E-4	-0,618
139,700	4,685E-4	-0,617
139,750	4,038E-4	-0,618
139,800	4,563E-4	-0,617
139,850	5,527E-4	-0,618
139,900	6,064E-4	-0,617
139,950	2,219E-4	-0,618
140,000	4,124E-4	-0,617
140,050	3,391E-4	-0,618
140,100	3,916E-4	-0,617
140,150	3,440E-4	-0,618
140,200	2,671E-4	-0,617
140,250	5,613E-4	-0,618
140,300	7,908E-4	-0,617
140,350	5,588E-4	-0,618
140,400	3,953E-4	-0,617
140,450	5,051E-4	-0,618
140,500	4,465E-4	-0,617
140,550	3,464E-4	-0,618
140,600	4,319E-4	-0,617
140,650	6,870E-4	-0,618
140,700	2,500E-4	-0,617
140,750	5,454E-4	-0,618
140,800	5,747E-4	-0,617
140,850	3,025E-4	-0,618
140,900	5,308E-4	-0,617
140,950	4,795E-4	-0,618
141,000	4,429E-4	-0,617
141,050	4,294E-4	-0,618
141,100	3,477E-4	-0,617
141,150	6,162E-4	-0,618
141,200	6,895E-4	-0,617
141,250	3,867E-4	-0,618
141,300	2,048E-4	-0,617
141,350	0,001	-0,572
141,400	0,002	-0,390
141,450	0,002	-0,127
141,500	0,038	0,079
141,550	0,011	0,055
141,600	0,005	0,038
141,650	0,005	0,039
141,700	0,005	0,040
141,750	0,005	0,038
141,800	0,005	0,039
141,850	0,006	0,039
141,900	0,005	0,039
141,950	0,005	0,038
142,000	0,005	0,039
142,050	0,005	0,038
142,100	0,006	0,039
142,150	0,005	0,038
142,200	0,005	0,038
142,250	0,006	0,040
142,300	0,006	0,041
142,350	0,006	0,040
142,400	0,006	0,041
142,450	0,006	0,040
142,500	0,006	0,040
142,550	0,006	0,040
142,600	0,006	0,040
142,650	0,006	0,040
142,700	0,006	0,040
142,750	0,008	0,044
142,800	0,009	0,047
142,850	0,010	0,049
142,900	0,013	0,055
142,950	0,013	0,054
143,000	0,013	0,055
143,050	0,012	0,054
143,100	0,013	0,055
143,150	0,013	0,055
143,200	0,013	0,055
143,250	0,013	0,055
143,300	0,013	0,055
143,350	0,013	0,055
143,400	0,013	0,056
143,450	0,013	0,056
143,500	0,014	0,058
143,550	0,016	0,059
143,600	0,016	0,060
143,650	0,016	0,060
143,700	0,016	0,060
143,750	0,016	0,060
143,800	0,016	0,061
143,850	0,017	0,061
143,900	0,018	0,062
143,950	0,018	0,063
144,000	0,018	0,063
144,050	0,020	0,065
144,100	0,022	0,068
144,150	0,022	0,067
144,200	0,022	0,068
144,250	0,022	0,068
144,300	0,023	0,069
144,350	0,024	0,070
144,400	0,024	0,071
144,450	0,024	0,070
144,500	0,024	0,071
144,550	0,024	0,070
144,600	0,025	0,071
144,650	0,028	0,074
144,700	0,029	0,076
144,750	0,029	0,076
144,800	0,030	0,077
144,850	0,030	0,076
144,900	0,031	0,078
144,950	0,032	0,078
145,000	0,033	0,080
145,050	0,034	0,080
145,100	0,035	0,081
145,150	0,036	0,082
145,200	0,038	0,083
145,250	0,040	0,085
145,300	0,041	0,086
145,350	0,042	0,086
145,400	0,043	0,087
145,450	0,045	0,088
145,500	0,045	0,089
145,550	0,045	0,088
145,600	0,045	0,089
145,650	0,046	0,089
145,700	0,047	0,090
145,750	0,049	0,091
145,800	0,050	0,092
145,850	0,051	0,092
145,900	0,053	0,093
145,950	0,054	0,093
146,000	0,054	0,094
146,050	0,055	0,094
146,100	0,057	0,095
146,150	0,060	0,097
146,200	0,060	0,097
146,250	0,060	0,097
146,300	0,060	0,097
146,350	0,060	0,097
146,400	0,060	0,097
146,450	0,060	0,097
146,500	0,060	0,097
146,550	0,060	0,097
146,600	0,060	0,097
146,650	0,060	0,097
146,700	0,061	0,098
146,750	0,064	0,099
146,800	0,066	0,100
146,850	0,067	0,100
146,900	0,069	0,101
146,950	0,070	0,102
147,000	0,071	0,102
147,050	0,072	0,103
147,100	0,076	0,104
147,150	0,077	0,104
147,200	0,078	0,105
147,250	0,080	0,105
147,300	0,081	0,106
147,350	0,084	0,107
147,400	0,087	0,108
147,450	0,088	0,108
147,500	0,089	0,108
147,550	0,090	0,109
147,600	0,091	0,109
147,650	0,092	0,110
147,700	0,094	0,110
147,750	0,094	0,110
147,800	0,096	0,110
147,850	0,097	0,111
147,900	0,098	0,111
147,950	0,099	0,112
148,000	0,102	0,112
148,050	0,105	0,113
148,100	0,105	0,114
148,150	0,105	0,113
148,200	0,105	0,113
148,250	0,107	0,114
148,300	0,109	0,114
148,350	0,110	0,115
148,400	0,113	0,115
148,450	0,116	0,116
148,500	0,117	0,116
148,550	0,120	0,117
148,600	0,121	0,117
148,650	0,122	0,117
148,700	0,125	0,118
148,750	0,125	0,118
148,800	0,125	0,118
148,850	0,126	0,118
148,900	0,127	0,119
148,950	0,127	0,118
149,000	0,132	0,119
149,050	0,133	0,120
149,100	0,134	0,120
149,150	0,134	0,120
149,200	0,136	0,120
149,250	0,138	0,121
149,300	0,140	0,121
149,350	0,143	0,122
149,400	0,146	0,122
149,450	0,146	0,123
149,500	0,147	0,122
149,550	0,148	0,123
149,600	0,149	0,123
149,650	0,151	0,123
149,700	0,155	0,124
149,750	0,156	0,124
149,800	0,155	0,123
149,850	0,156	0,124
149,900	0,159	0,124
149,950	0,162	0,125
150,000	0,170	0,126
150,050	0,174	0,127
150,100	0,177	0,127
150,150	0,179	0,127
150,200	0,182	0,128
150,250	0,183	0,128
150,300	0,183	0,128
150,350	0,183	0,128
150,400	0,185	0,128
150,450	0,185	0,128
150,500	0,186	0,128
150,550	0,187	0,129
150,600	0,188	0,128
150,650	0,189	0,129
150,700	0,189	0,128
150,750	0,190	0,129
150,800	0,193	0,129
150,850	0,195	0,130
150,900	0,198	0,130
150,950	0,201	0,131
151,000	0,202	0,130
151,050	0,206	0,131
151,100	0,208	0,131
151,150	0,209	0,131
151,200	0,209	0,131
151,250	0,211	0,132
151,300	0,213	0,131
151,350	0,216	0,132
151,400	0,218	0,131
151,450	0,219	0,132
151,500	0,219	0,131
151,550	0,219	0,132
151,600	0,220	0,132
151,650	0,220	0,132
151,700	0,210	0,131
151,750	0,207	0,131
151,800	0,207	0,130
151,850	0,207	0,131
151,900	0,207	0,130
151,950	0,208	0,131
152,000	0,208	0,130
152,050	0,208	0,131
152,100	0,208	0,130
152,150	0,208	0,131
152,200	0,208	0,131
152,250	0,208	0,131
152,300	0,210	0,131
152,350	0,215	0,132
152,400	0,220	0,132
152,450	0,223	0,133
152,500	0,228	0,132
152,550	0,231	0,133
152,600	0,236	0,133
152,650	0,239	0,134
152,700	0,244	0,134
152,750	0,252	0,135
152,800	0,259	0,135
152,850	0,261	0,136
152,900	0,262	0,135
152,950	0,262	0,136
153,000	0,263	0,135
153,050	0,270	0,136
153,100	0,279	0,136
153,150	0,281	0,136
153,200	0,281	0,136
153,250	0,281	0,137
153,300	0,281	0,136
153,350	0,281	0,137
153,400	0,281	0,136
153,450	0,281	0,137
153,500	0,282	0,136
153,550	0,283	0,137
153,600	0,285	0,136
153,650	0,286	0,137
153,700	0,287	0,136
153,750	0,287	0,137
153,800	0,291	0,136
153,850	0,291	0,137
153,900	0,292	0,136
153,950	0,293	0,137
154,000	0,295	0,137
154,050	0,295	0,137
154,100	0,296	0,136
154,150	0,297	0,137
154,200	0,298	0,136
154,250	0,299	0,137
154,300	0,301	0,137
154,350	0,303	0,138
154,400	0,305	0,137
154,450	0,306	0,138
154,500	0,307	0,137
154,550	0,308	0,138
154,600	0,308	0,137
154,650	0,309	0,138
154,700	0,312	0,137
154,750	0,317	0,138
154,800	0,320	0,137
154,850	0,321	0,138
154,900	0,322	0,137
154,950	0,322	0,138
155,000	0,322	0,137
155,050	0,323	0,138
155,100	0,323	0,137
155,150	0,324	0,138
155,200	0,327	0,137
155,250	0,327	0,138
155,300	0,328	0,137
155,350	0,328	0,138
155,400	0,329	0,137
155,450	0,330	0,138
155,500	0,331	0,137
155,550	0,331	0,138
155,600	0,333	0,137
155,650	0,333	0,138
155,700	0,334	0,137
155,750	0,334	0,138
155,800	0,336	0,137
155,850	0,336	0,138
155,900	0,339	0,137
155,950	0,340	0,138
156,000	0,344	0,137
156,050	0,346	0,139
156,100	0,348	0,137
156,150	0,351	0,139
156,200	0,353	0,137
156,250	0,355	0,139
156,300	0,357	0,137
156,350	0,360	0,139
156,400	0,363	0,138
156,450	0,365	0,139
156,500	0,368	0,137
156,550	0,369	0,139
156,600	0,370	0,138
156,650	0,371	0,139
156,700	0,375	0,138
156,750	0,378	0,139
156,800	0,380	0,138
156,850	0,382	0,139
156,900	0,386	0,138
156,950	0,388	0,139
157,000	0,389	0,138
157,050	0,392	0,139
157,100	0,394	0,138
157,150	0,395	0,139
157,200	0,396	0,138
157,250	0,398	0,139
157,300	0,400	0,138
157,350	0,402	0,139
157,400	0,403	0,138
157,450	0,403	0,139
157,500	0,403	0,138
157,550	0,404	0,139
157,600	0,405	0,138
157,650	0,407	0,139
157,700	0,410	0,138
157,750	0,413	0,139
157,800	0,414	0,138
157,850	0,414	0,139
157,900	0,415	0,138
157,950	0,416	0,140
158,000	0,420	0,138
158,050	0,424	0,140
158,100	0,428	0,138
158,150	0,430	0,140
158,200	0,430	0,138
158,250	0,430	0,139
158,300	0,431	0,138
158,350	0,431	0,140
158,400	0,431	0,139
158,450	0,430	0,139
158,500	0,431	0,138
158,550	0,431	0,140
158,600	0,431	0,138
158,650	0,430	0,139
158,700	0,431	0,139
158,750	0,431	0,140
158,800	0,431	0,138
158,850	0,433	0,140
158,900	0,441	0,138
158,950	0,443	0,140
159,000	0,443	0,138
159,050	0,446	0,140
159,100	0,450	0,138
159,150	0,455	0,140
159,200	0,458	0,139
159,250	0,458	0,140
159,300	0,458	0,139
159,350	0,458	0,140
159,400	0,458	0,139
159,450	0,458	0,140
159,500	0,458	0,139
159,550	0,458	0,140
159,600	0,459	0,138
159,650	0,459	0,139
159,700	0,459	0,138
159,750	0,459	0,140
159,800	0,460	0,139
159,850	0,460	0,140
159,900	0,460	0,139
159,950	0,461	0,140
160,000	0,461	0,139
160,050	0,461	0,140
160,100	0,462	0,139
160,150	0,463	0,140
160,200	0,465	0,139
160,250	0,469	0,140
160,300	0,471	0,139
160,350	0,470	0,140
160,400	0,471	0,139
160,450	0,471	0,140
160,500	0,470	0,138
160,550	0,470	0,140
160,600	0,470	0,139
160,650	0,470	0,139
160,700	0,471	0,139
160,750	0,471	0,140
160,800	0,471	0,139
160,850	0,470	0,139
160,900	0,471	0,139
160,950	0,471	0,140
161,000	0,470	0,139
161,050	0,471	0,140
161,100	0,471	0,139
161,150	0,471	0,140
