Zeit (s) Ringkern 1 Schalter Links	Spannung, Ch A (V) Ringkern 1 Schalter Links	Spannung, Ch B (V) Ringkern 1 Schalter Links
0,000	3,953E-4	-0,051
0,050	4,954E-4	-0,051
0,100	5,759E-4	-0,051
0,150	7,566E-4	-0,050
0,200	6,870E-4	-0,051
0,250	8,665E-4	-0,050
0,300	7,639E-4	-0,051
0,350	5,039E-4	-0,051
0,400	7,273E-4	-0,051
0,450	6,895E-4	-0,051
0,500	6,406E-4	-0,051
0,550	5,125E-4	-0,051
0,600	6,064E-4	-0,051
0,650	6,138E-4	-0,050
0,700	7,468E-4	-0,050
0,750	6,687E-4	-0,050
0,800	9,519E-4	-0,050
0,850	9,421E-4	-0,049
0,900	0,001	-0,049
0,950	0,002	-0,048
1,000	0,001	-0,048
1,050	0,002	-0,047
1,100	0,002	-0,046
1,150	0,002	-0,046
1,200	0,002	-0,046
1,250	0,002	-0,045
1,300	0,002	-0,046
1,350	0,002	-0,045
1,400	0,002	-0,045
1,450	0,002	-0,044
1,500	0,002	-0,045
1,550	0,002	-0,044
1,600	0,002	-0,045
1,650	0,002	-0,044
1,700	0,002	-0,044
1,750	0,002	-0,044
1,800	0,002	-0,044
1,850	0,002	-0,043
1,900	0,002	-0,043
1,950	0,002	-0,043
2,000	0,002	-0,043
2,050	0,002	-0,042
2,100	0,003	-0,043
2,150	0,002	-0,042
2,200	0,002	-0,042
2,250	0,002	-0,042
2,300	0,002	-0,042
2,350	0,002	-0,041
2,400	0,003	-0,042
2,450	0,003	-0,041
2,500	0,003	-0,041
2,550	0,003	-0,041
2,600	0,003	-0,041
2,650	0,003	-0,040
2,700	0,002	-0,041
2,750	0,003	-0,040
2,800	0,003	-0,040
2,850	0,003	-0,039
2,900	0,003	-0,040
2,950	0,003	-0,039
3,000	0,003	-0,040
3,050	0,003	-0,039
3,100	0,003	-0,040
3,150	0,003	-0,038
3,200	0,003	-0,039
3,250	0,003	-0,038
3,300	0,003	-0,038
3,350	0,003	-0,037
3,400	0,004	-0,038
3,450	0,004	-0,037
3,500	0,004	-0,037
3,550	0,004	-0,036
3,600	0,004	-0,037
3,650	0,004	-0,036
3,700	0,004	-0,036
3,750	0,004	-0,036
3,800	0,004	-0,036
3,850	0,004	-0,035
3,900	0,004	-0,036
3,950	0,004	-0,035
4,000	0,004	-0,036
4,050	0,004	-0,035
4,100	0,004	-0,035
4,150	0,004	-0,034
4,200	0,004	-0,035
4,250	0,004	-0,034
4,300	0,004	-0,035
4,350	0,004	-0,034
4,400	0,004	-0,034
4,450	0,004	-0,034
4,500	0,004	-0,034
4,550	0,004	-0,033
4,600	0,004	-0,034
4,650	0,004	-0,033
4,700	0,004	-0,034
4,750	0,005	-0,032
4,800	0,005	-0,033
4,850	0,005	-0,032
4,900	0,005	-0,032
4,950	0,005	-0,032
5,000	0,005	-0,032
5,050	0,005	-0,031
5,100	0,005	-0,031
5,150	0,005	-0,030
5,200	0,005	-0,031
5,250	0,005	-0,030
5,300	0,005	-0,031
5,350	0,006	-0,030
5,400	0,006	-0,030
5,450	0,005	-0,030
5,500	0,006	-0,030
5,550	0,006	-0,029
5,600	0,006	-0,030
5,650	0,006	-0,028
5,700	0,006	-0,028
5,750	0,006	-0,028
5,800	0,006	-0,028
5,850	0,006	-0,027
5,900	0,006	-0,027
5,950	0,006	-0,027
6,000	0,006	-0,027
6,050	0,006	-0,026
6,100	0,006	-0,027
6,150	0,007	-0,026
6,200	0,007	-0,027
6,250	0,007	-0,026
6,300	0,007	-0,027
6,350	0,006	-0,026
6,400	0,007	-0,026
6,450	0,007	-0,025
6,500	0,007	-0,026
6,550	0,007	-0,025
6,600	0,007	-0,026
6,650	0,007	-0,025
6,700	0,007	-0,026
6,750	0,007	-0,025
6,800	0,007	-0,025
6,850	0,007	-0,025
6,900	0,007	-0,026
6,950	0,007	-0,025
7,000	0,007	-0,025
7,050	0,007	-0,024
7,100	0,007	-0,026
7,150	0,007	-0,025
7,200	0,007	-0,025
7,250	0,007	-0,025
7,300	0,007	-0,025
7,350	0,007	-0,025
7,400	0,007	-0,025
7,450	0,007	-0,024
7,500	0,007	-0,025
7,550	0,007	-0,025
7,600	0,007	-0,025
7,650	0,007	-0,024
7,700	0,008	-0,024
7,750	0,007	-0,023
7,800	0,008	-0,024
7,850	0,007	-0,023
7,900	0,008	-0,024
7,950	0,007	-0,023
8,000	0,008	-0,024
8,050	0,007	-0,023
8,100	0,008	-0,023
8,150	0,008	-0,022
8,200	0,008	-0,023
8,250	0,008	-0,022
8,300	0,008	-0,023
8,350	0,008	-0,022
8,400	0,008	-0,022
8,450	0,008	-0,021
8,500	0,008	-0,022
8,550	0,008	-0,021
8,600	0,009	-0,022
8,650	0,008	-0,021
8,700	0,008	-0,022
8,750	0,008	-0,021
8,800	0,009	-0,021
8,850	0,009	-0,020
8,900	0,009	-0,021
8,950	0,009	-0,020
9,000	0,009	-0,021
9,050	0,009	-0,020
9,100	0,009	-0,020
9,150	0,009	-0,019
9,200	0,009	-0,020
9,250	0,009	-0,019
9,300	0,009	-0,020
9,350	0,009	-0,018
9,400	0,010	-0,019
9,450	0,009	-0,018
9,500	0,010	-0,019
9,550	0,009	-0,018
9,600	0,010	-0,018
9,650	0,010	-0,017
9,700	0,010	-0,018
9,750	0,010	-0,017
9,800	0,010	-0,018
9,850	0,010	-0,017
9,900	0,010	-0,018
9,950	0,010	-0,017
10,000	0,010	-0,018
10,050	0,010	-0,017
10,100	0,010	-0,018
10,150	0,010	-0,016
10,200	0,010	-0,017
10,250	0,010	-0,016
10,300	0,010	-0,017
10,350	0,010	-0,016
10,400	0,010	-0,017
10,450	0,010	-0,016
10,500	0,010	-0,017
10,550	0,010	-0,016
10,600	0,010	-0,017
10,650	0,010	-0,016
10,700	0,010	-0,017
10,750	0,010	-0,016
10,800	0,011	-0,016
10,850	0,011	-0,015
10,900	0,011	-0,016
10,950	0,011	-0,015
11,000	0,011	-0,016
11,050	0,011	-0,015
11,100	0,011	-0,016
11,150	0,011	-0,015
11,200	0,011	-0,016
11,250	0,011	-0,015
11,300	0,011	-0,016
11,350	0,011	-0,015
11,400	0,011	-0,016
11,450	0,011	-0,015
11,500	0,011	-0,015
11,550	0,011	-0,014
11,600	0,011	-0,015
11,650	0,011	-0,014
11,700	0,011	-0,015
11,750	0,011	-0,014
11,800	0,011	-0,014
11,850	0,012	-0,013
11,900	0,011	-0,014
11,950	0,011	-0,013
12,000	0,012	-0,014
12,050	0,012	-0,013
12,100	0,012	-0,013
12,150	0,012	-0,013
12,200	0,012	-0,013
12,250	0,012	-0,012
12,300	0,012	-0,013
12,350	0,012	-0,012
12,400	0,012	-0,012
12,450	0,013	-0,011
12,500	0,012	-0,012
12,550	0,012	-0,011
12,600	0,012	-0,012
12,650	0,012	-0,012
12,700	0,012	-0,012
12,750	0,012	-0,012
12,800	0,012	-0,012
12,850	0,012	-0,012
12,900	0,013	-0,012
12,950	0,012	-0,011
13,000	0,013	-0,011
13,050	0,013	-0,011
13,100	0,013	-0,011
13,150	0,013	-0,010
13,200	0,013	-0,011
13,250	0,013	-0,010
13,300	0,013	-0,010
13,350	0,013	-0,010
13,400	0,013	-0,010
13,450	0,013	-0,009
13,500	0,014	-0,009
13,550	0,014	-0,009
13,600	0,014	-0,009
13,650	0,014	-0,008
13,700	0,014	-0,009
13,750	0,014	-0,008
13,800	0,014	-0,009
13,850	0,014	-0,008
13,900	0,014	-0,009
13,950	0,014	-0,008
14,000	0,014	-0,008
14,050	0,014	-0,007
14,100	0,015	-0,008
14,150	0,014	-0,007
14,200	0,014	-0,008
14,250	0,015	-0,007
14,300	0,015	-0,008
14,350	0,015	-0,007
14,400	0,015	-0,008
14,450	0,015	-0,007
14,500	0,015	-0,007
14,550	0,015	-0,007
14,600	0,015	-0,007
14,650	0,015	-0,006
14,700	0,015	-0,007
14,750	0,015	-0,006
14,800	0,015	-0,007
14,850	0,015	-0,006
14,900	0,015	-0,007
14,950	0,015	-0,006
15,000	0,015	-0,006
15,050	0,015	-0,006
15,100	0,015	-0,006
15,150	0,015	-0,006
15,200	0,015	-0,006
15,250	0,016	-0,005
15,300	0,015	-0,006
15,350	0,016	-0,005
15,400	0,016	-0,006
15,450	0,015	-0,005
15,500	0,016	-0,006
15,550	0,016	-0,005
15,600	0,016	-0,005
15,650	0,016	-0,005
15,700	0,016	-0,005
15,750	0,016	-0,005
15,800	0,016	-0,005
15,850	0,016	-0,004
15,900	0,016	-0,005
15,950	0,016	-0,004
16,000	0,016	-0,005
16,050	0,016	-0,004
16,100	0,017	-0,004
16,150	0,016	-0,004
16,200	0,017	-0,004
16,250	0,017	-0,004
16,300	0,017	-0,004
16,350	0,017	-0,004
16,400	0,017	-0,004
16,450	0,017	-0,004
16,500	0,016	-0,004
16,550	0,017	-0,004
16,600	0,016	-0,005
16,650	0,016	-0,004
16,700	0,016	-0,005
16,750	0,017	-0,003
16,800	0,017	-0,004
16,850	0,017	-0,003
16,900	0,017	-0,004
16,950	0,017	-0,003
17,000	0,017	-0,003
17,050	0,017	-0,002
17,100	0,017	-0,003
17,150	0,018	-0,002
17,200	0,018	-0,003
17,250	0,017	-0,002
17,300	0,018	-0,002
17,350	0,018	-0,001
17,400	0,018	-0,002
17,450	0,018	-0,001
17,500	0,018	-0,002
17,550	0,018	-7,831E-4
17,600	0,018	-0,001
17,650	0,018	-9,747E-4
17,700	0,018	-0,002
17,750	0,018	-8,673E-4
17,800	0,018	-0,002
17,850	0,018	-9,296E-4
17,900	0,018	-0,001
17,950	0,018	-0,001
18,000	0,019	-9,747E-4
18,050	0,019	-3,375E-4
18,100	0,019	-8,490E-4
18,150	0,019	-8,972E-5
18,200	0,019	-6,720E-4
18,250	0,019	-1,569E-4
18,300	0,019	-9,198E-4
18,350	0,019	1,520E-4
18,400	0,019	-1,459E-4
18,450	0,019	-5,066E-5
18,500	0,019	-2,435E-4
18,550	0,019	2,472E-4
18,600	0,019	-2,155E-4
18,650	0,019	4,633E-4
18,700	0,019	1,569E-4
18,750	0,020	0,001
18,800	0,020	6,036E-4
18,850	0,020	0,001
18,900	0,020	6,769E-4
18,950	0,020	0,001
19,000	0,020	9,528E-4
19,050	0,020	0,002
19,100	0,020	7,977E-4
19,150	0,020	0,001
19,200	0,020	8,685E-4
19,250	0,020	0,002
19,300	0,020	9,808E-4
19,350	0,020	0,001
19,400	0,020	0,001
19,450	0,020	0,002
19,500	0,020	0,001
19,550	0,020	0,002
19,600	0,020	0,001
19,650	0,020	0,001
19,700	0,020	8,551E-4
19,750	0,020	0,001
19,800	0,020	9,100E-4
19,850	0,020	0,002
19,900	0,020	0,001
19,950	0,020	0,002
20,000	0,020	0,001
20,050	0,020	0,001
20,100	0,020	0,001
20,150	0,020	0,001
20,200	0,020	0,001
20,250	0,020	0,002
20,300	0,020	0,001
20,350	0,020	0,001
20,400	0,020	0,001
20,450	0,020	0,002
20,500	0,020	0,002
20,550	0,020	0,001
20,600	0,020	0,001
20,650	0,020	0,001
20,700	0,020	0,001
20,750	0,020	0,001
20,800	0,020	0,001
20,850	0,020	0,002
20,900	0,020	0,001
20,950	0,020	0,001
21,000	0,020	8,807E-4
21,050	0,020	0,001
21,100	0,020	9,406E-4
21,150	0,020	9,930E-4
21,200	0,020	5,988E-4
21,250	0,020	8,844E-4
21,300	0,019	4,608E-4
21,350	0,019	6,854E-4
21,400	0,019	5,145E-4
21,450	0,019	6,268E-4
21,500	0,019	3,815E-4
21,550	0,019	4,303E-4
21,600	0,019	5,798E-5
21,650	0,019	1,984E-4
21,700	0,019	-2,502E-5
21,750	0,019	1,837E-4
21,800	0,019	2,502E-5
21,850	0,019	-8,606E-5
21,900	0,019	-2,136E-5
21,950	0,019	-1,038E-5
22,000	0,019	-5,157E-4
22,050	0,019	-2,045E-4
22,100	0,018	-8,917E-4
22,150	0,019	-3,998E-4
22,200	0,018	-8,478E-4
22,250	0,018	-4,474E-4
22,300	0,019	-5,304E-4
22,350	0,019	-4,926E-4
22,400	0,018	-7,672E-4
22,450	0,018	-5,194E-4
22,500	0,018	-0,001
22,550	0,018	-7,635E-4
22,600	0,018	-0,001
22,650	0,018	-7,806E-4
22,700	0,018	-0,001
22,750	0,018	-8,405E-4
22,800	0,018	-0,001
22,850	0,018	-0,001
22,900	0,018	-0,001
22,950	0,018	-0,001
23,000	0,018	-0,002
23,050	0,018	-0,002
23,100	0,017	-0,002
23,150	0,018	-0,002
23,200	0,018	-0,002
23,250	0,018	-0,002
23,300	0,017	-0,002
23,350	0,017	-0,002
23,400	0,017	-0,002
23,450	0,017	-0,002
23,500	0,017	-0,003
23,550	0,017	-0,002
23,600	0,017	-0,002
23,650	0,017	-0,002
23,700	0,017	-0,002
23,750	0,017	-0,003
23,800	0,017	-0,003
23,850	0,016	-0,003
23,900	0,017	-0,003
23,950	0,017	-0,003
24,000	0,016	-0,003
24,050	0,017	-0,003
24,100	0,017	-0,003
24,150	0,017	-0,003
24,200	0,017	-0,003
24,250	0,017	-0,003
24,300	0,017	-0,003
24,350	0,016	-0,003
24,400	0,016	-0,003
24,450	0,016	-0,003
24,500	0,016	-0,004
24,550	0,016	-0,003
24,600	0,016	-0,003
24,650	0,016	-0,004
24,700	0,016	-0,003
24,750	0,016	-0,003
24,800	0,016	-0,003
24,850	0,016	-0,004
24,900	0,016	-0,003
24,950	0,016	-0,004
25,000	0,016	-0,004
25,050	0,015	-0,005
25,100	0,016	-0,004
25,150	0,015	-0,005
25,200	0,015	-0,005
25,250	0,015	-0,005
25,300	0,015	-0,005
25,350	0,015	-0,005
25,400	0,015	-0,005
25,450	0,015	-0,005
25,500	0,015	-0,005
25,550	0,015	-0,006
25,600	0,015	-0,006
25,650	0,015	-0,006
25,700	0,015	-0,006
25,750	0,014	-0,006
25,800	0,014	-0,006
25,850	0,014	-0,006
25,900	0,014	-0,006
25,950	0,014	-0,006
26,000	0,014	-0,006
26,050	0,014	-0,007
26,100	0,014	-0,007
26,150	0,014	-0,007
26,200	0,014	-0,007
26,250	0,014	-0,007
26,300	0,014	-0,007
26,350	0,014	-0,007
26,400	0,014	-0,007
26,450	0,013	-0,008
26,500	0,014	-0,007
26,550	0,013	-0,008
26,600	0,014	-0,007
26,650	0,014	-0,008
26,700	0,013	-0,008
26,750	0,013	-0,008
26,800	0,013	-0,008
26,850	0,014	-0,008
26,900	0,013	-0,008
26,950	0,013	-0,008
27,000	0,014	-0,008
27,050	0,014	-0,008
27,100	0,013	-0,008
27,150	0,013	-0,009
27,200	0,013	-0,009
27,250	0,013	-0,009
27,300	0,012	-0,009
27,350	0,013	-0,010
27,400	0,013	-0,009
27,450	0,012	-0,010
27,500	0,013	-0,009
27,550	0,012	-0,010
27,600	0,012	-0,009
27,650	0,012	-0,010
27,700	0,012	-0,010
27,750	0,012	-0,010
27,800	0,012	-0,010
27,850	0,012	-0,010
27,900	0,012	-0,010
27,950	0,012	-0,010
28,000	0,012	-0,010
28,050	0,012	-0,010
28,100	0,012	-0,010
28,150	0,012	-0,010
28,200	0,012	-0,010
28,250	0,012	-0,011
28,300	0,012	-0,011
28,350	0,011	-0,011
28,400	0,011	-0,011
28,450	0,011	-0,012
28,500	0,011	-0,011
28,550	0,011	-0,012
28,600	0,011	-0,012
28,650	0,011	-0,012
28,700	0,011	-0,012
28,750	0,011	-0,013
28,800	0,011	-0,013
28,850	0,011	-0,013
28,900	0,011	-0,013
28,950	0,010	-0,014
29,000	0,010	-0,013
29,050	0,010	-0,014
29,100	0,010	-0,014
29,150	0,010	-0,014
29,200	0,009	-0,015
29,250	0,010	-0,015
29,300	0,009	-0,015
29,350	0,009	-0,016
29,400	0,009	-0,015
29,450	0,009	-0,016
29,500	0,009	-0,015
29,550	0,009	-0,016
29,600	0,009	-0,016
29,650	0,009	-0,016
29,700	0,009	-0,016
29,750	0,009	-0,017
29,800	0,009	-0,017
29,850	0,009	-0,017
29,900	0,009	-0,017
29,950	0,009	-0,017
30,000	0,008	-0,017
30,050	0,008	-0,018
30,100	0,008	-0,017
30,150	0,009	-0,018
30,200	0,008	-0,017
30,250	0,008	-0,018
30,300	0,008	-0,017
30,350	0,008	-0,018
30,400	0,008	-0,018
30,450	0,008	-0,018
30,500	0,008	-0,018
30,550	0,008	-0,018
30,600	0,008	-0,018
30,650	0,008	-0,018
30,700	0,008	-0,018
30,750	0,008	-0,019
30,800	0,008	-0,018
30,850	0,008	-0,018
30,900	0,008	-0,018
30,950	0,008	-0,018
31,000	0,008	-0,018
31,050	0,008	-0,018
31,100	0,008	-0,018
31,150	0,008	-0,018
31,200	0,008	-0,018
31,250	0,008	-0,019
31,300	0,008	-0,019
31,350	0,007	-0,020
31,400	0,008	-0,019
31,450	0,007	-0,020
31,500	0,007	-0,020
31,550	0,007	-0,021
31,600	0,007	-0,021
31,650	0,007	-0,022
31,700	0,007	-0,022
31,750	0,007	-0,022
31,800	0,006	-0,022
31,850	0,006	-0,023
31,900	0,006	-0,023
31,950	0,006	-0,023
32,000	0,006	-0,023
32,050	0,006	-0,024
32,100	0,006	-0,024
32,150	0,006	-0,024
32,200	0,006	-0,024
32,250	0,006	-0,025
32,300	0,006	-0,024
32,350	0,006	-0,025
32,400	0,006	-0,024
32,450	0,005	-0,025
32,500	0,005	-0,025
32,550	0,005	-0,026
32,600	0,005	-0,025
32,650	0,005	-0,026
32,700	0,005	-0,026
32,750	0,005	-0,027
32,800	0,005	-0,026
32,850	0,005	-0,027
32,900	0,005	-0,026
32,950	0,005	-0,027
33,000	0,005	-0,026
33,050	0,005	-0,027
33,100	0,005	-0,027
33,150	0,005	-0,028
33,200	0,005	-0,027
33,250	0,004	-0,029
33,300	0,004	-0,028
33,350	0,004	-0,029
33,400	0,005	-0,028
33,450	0,005	-0,028
33,500	0,004	-0,028
33,550	0,004	-0,028
33,600	0,004	-0,028
33,650	0,005	-0,028
33,700	0,005	-0,027
33,750	0,004	-0,029
33,800	0,004	-0,028
33,850	0,004	-0,029
33,900	0,004	-0,029
33,950	0,004	-0,030
34,000	0,004	-0,029
34,050	0,004	-0,030
34,100	0,004	-0,030
34,150	0,003	-0,032
34,200	0,003	-0,031
34,250	0,003	-0,032
34,300	0,003	-0,032
34,350	0,003	-0,033
34,400	0,003	-0,033
34,450	0,003	-0,034
34,500	0,003	-0,034
34,550	0,002	-0,035
34,600	0,002	-0,034
34,650	0,003	-0,035
34,700	0,003	-0,035
34,750	0,002	-0,036
34,800	0,002	-0,035
34,850	0,003	-0,036
34,900	0,003	-0,035
34,950	0,003	-0,036
35,000	0,002	-0,036
35,050	0,002	-0,037
35,100	0,002	-0,036
35,150	0,002	-0,037
35,200	0,002	-0,037
35,250	0,002	-0,038
35,300	0,002	-0,037
35,350	0,002	-0,039
35,400	0,002	-0,038
35,450	0,002	-0,040
35,500	0,002	-0,039
35,550	0,001	-0,041
35,600	0,001	-0,040
35,650	0,001	-0,041
35,700	0,002	-0,041
35,750	0,002	-0,042
35,800	0,001	-0,041
35,850	0,001	-0,043
35,900	0,001	-0,042
35,950	0,001	-0,044
36,000	9,971E-4	-0,044
36,050	0,001	-0,045
36,100	0,001	-0,045
36,150	8,652E-4	-0,046
36,200	0,001	-0,045
36,250	8,494E-4	-0,046
36,300	0,001	-0,046
36,350	8,982E-4	-0,047
36,400	6,357E-4	-0,047
36,450	7,090E-4	-0,047
36,500	7,603E-4	-0,047
36,550	9,666E-4	-0,047
36,600	6,406E-4	-0,047
36,650	9,421E-4	-0,047
36,700	6,663E-4	-0,047
36,750	4,111E-4	-0,048
36,800	7,468E-4	-0,047
36,850	9,690E-4	-0,047
36,900	8,054E-4	-0,046
36,950	9,287E-4	-0,047
37,000	0,001	-0,046
37,050	7,139E-4	-0,047
37,100	0,001	-0,046
37,150	9,031E-4	-0,047
37,200	7,090E-4	-0,047
37,250	3,745E-4	-0,051
37,300	4,465E-4	-0,052
37,350	3,916E-4	-0,054
37,400	3,879E-4	-0,053
37,450	3,855E-4	-0,055
37,500	2,598E-4	-0,054
37,550	1,023E-4	-0,055
37,600	2,817E-4	-0,054
37,650	1,304E-4	-0,055
37,700	1,414E-4	-0,054
37,750	1,926E-4	-0,055
37,800	2,207E-4	-0,055
37,850	3,403E-4	-0,055
37,900	4,001E-4	-0,054
37,950	2,500E-4	-0,056
38,000	3,330E-4	-0,055
38,050	3,428E-4	-0,056
38,100	5,027E-4	-0,055
38,150	1,438E-4	-0,056
38,200	2,231E-4	-0,055
38,250	3,760E-5	-0,057
38,300	9,375E-5	-0,056
38,350	2,646E-4	-0,057
38,400	1,292E-4	-0,057
38,450	8,887E-5	-0,058
38,500	2,598E-4	-0,057
38,550	-2,222E-5	-0,059
38,600	2,354E-4	-0,058
38,650	1,475E-4	-0,060
38,700	2,573E-4	-0,059
38,750	-8,325E-5	-0,061
38,800	5,835E-5	-0,061
38,850	-5,029E-5	-0,063
38,900	1,096E-4	-0,063
38,950	5,591E-5	-0,065
39,000	-1,978E-5	-0,065
39,050	-1,077E-4	-0,068
39,100	1,389E-4	-0,068
39,150	-7,349E-5	-0,070
39,200	1,243E-4	-0,071
39,250	2,427E-4	-0,073
39,300	1,279E-4	-0,074
39,350	5,591E-5	-0,076
39,400	1,035E-4	-0,077
39,450	1,318E-5	-0,080
39,500	2,012E-4	-0,081
39,550	-1,821E-4	-0,084
39,600	-5,640E-5	-0,085
39,650	-1,785E-4	-0,088
39,700	-2,542E-4	-0,089
39,750	1,807E-5	-0,092
39,800	8,521E-5	-0,093
39,850	3,882E-5	-0,096
39,900	-2,065E-4	-0,098
39,950	1,389E-4	-0,101
40,000	-1,833E-4	-0,103
40,050	-5,273E-5	-0,106
40,100	-3,809E-5	-0,107
40,150	-2,810E-4	-0,111
40,200	-2,285E-4	-0,112
40,250	1,804E-4	-0,116
40,300	7,178E-5	-0,118
40,350	-1,125E-4	-0,122
40,400	-2,920E-4	-0,124
40,450	-1,809E-4	-0,128
40,500	7,910E-5	-0,130
40,550	-1,321E-4	-0,134
40,600	-1,870E-4	-0,136
40,650	-1,736E-4	-0,140
40,700	-1,882E-4	-0,143
40,750	-1,858E-4	-0,147
40,800	-1,235E-4	-0,149
40,850	-4,617E-4	-0,153
40,900	-3,103E-4	-0,156
40,950	1,365E-4	-0,160
41,000	-1,931E-4	-0,163
41,050	3,149E-5	-0,167
41,100	-1,797E-4	-0,170
41,150	-3,237E-4	-0,175
41,200	-2,651E-4	-0,178
41,250	-2,700E-4	-0,183
41,300	-2,004E-4	-0,186
41,350	-2,261E-4	-0,191
41,400	-2,676E-4	-0,194
41,450	-3,091E-4	-0,199
41,500	-1,370E-4	-0,202
41,550	-2,004E-4	-0,207
41,600	-3,164E-4	-0,210
41,650	-2,578E-4	-0,215
41,700	-3,127E-4	-0,218
41,750	-1,553E-4	-0,223
41,800	-1,406E-4	-0,227
41,850	-2,090E-4	-0,232
41,900	-1,895E-4	-0,235
41,950	8,276E-5	-0,240
42,000	6,689E-5	-0,244
42,050	3,271E-5	-0,249
42,100	-1,528E-4	-0,252
42,150	-5,396E-5	-0,258
42,200	-8,447E-5	-0,261
42,250	-1,724E-4	-0,266
42,300	-2,322E-4	-0,270
42,350	-2,114E-4	-0,275
42,400	-2,456E-4	-0,279
42,450	-6,616E-5	-0,284
42,500	-3,616E-4	-0,288
42,550	-1,943E-4	-0,293
42,600	-3,518E-4	-0,297
42,650	-4,177E-4	-0,302
42,700	-3,762E-4	-0,306
42,750	-3,860E-4	-0,311
42,800	1,318E-5	-0,314
42,850	-1,064E-4	-0,320
42,900	-1,467E-4	-0,323
42,950	-2,627E-4	-0,329
43,000	-5,618E-4	-0,333
43,050	-2,065E-4	-0,338
43,100	-5,151E-5	-0,342
43,150	-3,274E-4	-0,348
43,200	-5,813E-4	-0,352
43,250	-4,312E-4	-0,357
43,300	-1,394E-4	-0,361
43,350	-4,666E-4	-0,367
43,400	-4,785E-5	-0,370
43,450	-7,837E-5	-0,376
43,500	-4,092E-4	-0,380
43,550	-8,936E-5	-0,385
43,600	-1,479E-4	-0,389
43,650	-3,164E-4	-0,395
43,700	-6,982E-5	-0,399
43,750	-5,151E-5	-0,405
43,800	-2,603E-4	-0,409
43,850	-4,128E-4	-0,415
43,900	-7,715E-5	-0,418
43,950	-2,700E-4	-0,424
44,000	-9,302E-5	-0,428
44,050	-6,982E-5	-0,434
44,100	-1,260E-4	-0,438
44,150	-8,447E-5	-0,444
44,200	-3,518E-4	-0,448
44,250	-4,495E-4	-0,454
44,300	-2,847E-4	-0,458
44,350	-2,932E-4	-0,464
44,400	-2,114E-4	-0,468
44,450	-3,286E-4	-0,474
44,500	-3,188E-4	-0,478
44,550	-2,102E-4	-0,484
44,600	-3,567E-4	-0,489
44,650	-1,846E-4	-0,494
44,700	-2,407E-4	-0,499
44,750	-2,505E-4	-0,504
44,800	-4,421E-4	-0,509
44,850	-4,238E-4	-0,515
44,900	-3,799E-4	-0,520
44,950	-4,470E-4	-0,526
45,000	-4,397E-4	-0,530
45,050	-3,872E-4	-0,536
45,100	-3,286E-4	-0,541
45,150	-1,748E-4	-0,547
45,200	-4,397E-4	-0,551
45,250	-5,007E-4	-0,557
45,300	-3,042E-4	-0,561
45,350	-1,187E-4	-0,567
45,400	-7,227E-5	-0,571
45,450	6,079E-5	-0,576
45,500	-2,688E-4	-0,581
45,550	-5,374E-4	-0,586
45,600	-3,262E-4	-0,590
45,650	-2,090E-4	-0,596
45,700	-7,471E-5	-0,600
45,750	-2,554E-4	-0,605
45,800	-3,164E-4	-0,609
45,850	9,521E-6	-0,613
45,900	-2,554E-4	-0,617
45,950	-3,799E-4	-0,622
46,000	-1,882E-4	-0,624
46,050	-3,420E-4	-0,629
46,100	-3,860E-4	-0,631
46,150	-3,799E-4	-0,635
46,200	-5,007E-4	-0,636
46,250	-6,338E-4	-0,639
46,300	-4,397E-4	-0,640
46,350	-5,605E-4	-0,643
46,400	-1,785E-4	-0,643
46,450	-6,204E-4	-0,645
46,500	-6,069E-4	-0,645
46,550	-4,409E-4	-0,646
46,600	-5,129E-4	-0,646
46,650	-6,094E-4	-0,648
46,700	-3,188E-4	-0,647
46,750	-7,095E-4	-0,649
46,800	-6,484E-4	-0,648
46,850	-5,068E-4	-0,649
46,900	-5,715E-4	-0,649
46,950	-5,178E-4	-0,650
47,000	-4,702E-4	-0,649
47,050	-5,654E-4	-0,650
47,100	-7,900E-4	-0,650
47,150	-4,714E-4	-0,650
47,200	-8,425E-4	-0,650
47,250	-6,716E-4	-0,651
47,300	-5,374E-4	-0,650
47,350	-5,947E-4	-0,651
47,400	-6,777E-4	-0,651
47,450	-5,410E-4	-0,651
47,500	-8,059E-4	-0,651
47,550	-8,926E-4	-0,652
47,600	-5,496E-4	-0,651
47,650	-5,813E-4	-0,652
47,700	-8,633E-4	-0,652
47,750	-8,743E-4	-0,653
47,800	-6,277E-4	-0,652
47,850	-7,742E-4	-0,653
47,900	-9,207E-4	-0,652
47,950	-7,510E-4	-0,653
48,000	-9,573E-4	-0,653
48,050	-0,001	-0,654
48,100	-6,155E-4	-0,653
48,150	-5,947E-4	-0,654
48,200	-6,277E-4	-0,654
48,250	-0,001	-0,655
48,300	-4,775E-4	-0,654
48,350	-6,521E-4	-0,655
48,400	-6,814E-4	-0,655
48,450	-7,644E-4	-0,656
48,500	-8,816E-4	-0,656
48,550	-5,190E-4	-0,657
48,600	-9,036E-4	-0,657
48,650	-7,803E-4	-0,658
48,700	-6,338E-4	-0,657
48,750	-5,435E-4	-0,658
48,800	-6,973E-4	-0,658
48,850	-8,120E-4	-0,659
48,900	-8,450E-4	-0,659
48,950	-7,632E-4	-0,660
49,000	-8,462E-4	-0,659
49,050	-6,399E-4	-0,660
49,100	-7,412E-4	-0,660
49,150	-9,023E-4	-0,661
49,200	-7,632E-4	-0,661
49,250	-9,487E-4	-0,662
49,300	-9,158E-4	-0,662
49,350	-9,719E-4	-0,663
49,400	-0,001	-0,663
49,450	-0,001	-0,664
49,500	-0,001	-0,664
49,550	-9,536E-4	-0,665
49,600	-0,001	-0,665
49,650	-8,730E-4	-0,666
49,700	-0,001	-0,666
49,750	-0,001	-0,667
49,800	-0,001	-0,667
49,850	-0,001	-0,668
49,900	-0,001	-0,667
49,950	-0,001	-0,669
50,000	-0,001	-0,669
50,050	-0,001	-0,669
50,100	-0,001	-0,669
50,150	-0,001	-0,670
50,200	-0,001	-0,670
50,250	-0,001	-0,671
50,300	-0,001	-0,670
50,350	-0,002	-0,672
50,400	-0,002	-0,672
50,450	-0,001	-0,672
50,500	-0,001	-0,672
50,550	-0,001	-0,673
50,600	-0,001	-0,673
50,650	-0,001	-0,673
50,700	-0,001	-0,673
50,750	-0,002	-0,674
50,800	-0,001	-0,674
50,850	-0,002	-0,675
50,900	-0,001	-0,675
50,950	-0,001	-0,675
51,000	-0,002	-0,676
51,050	-0,002	-0,676
51,100	-0,001	-0,676
51,150	-0,001	-0,677
51,200	-0,002	-0,677
51,250	-0,002	-0,678
51,300	-0,002	-0,678
51,350	-0,002	-0,678
51,400	-0,002	-0,678
51,450	-0,002	-0,679
51,500	-0,002	-0,678
51,550	-0,002	-0,679
51,600	-0,001	-0,679
51,650	-0,002	-0,680
51,700	-0,002	-0,680
51,750	-0,002	-0,681
51,800	-0,002	-0,681
51,850	-0,002	-0,681
51,900	-0,002	-0,681
51,950	-0,002	-0,682
52,000	-0,002	-0,682
52,050	-0,002	-0,683
52,100	-0,002	-0,683
52,150	-0,002	-0,683
52,200	-0,002	-0,683
52,250	-0,002	-0,684
52,300	-0,002	-0,684
52,350	-0,002	-0,684
52,400	-0,002	-0,685
52,450	-0,002	-0,685
52,500	-0,002	-0,685
52,550	-0,002	-0,685
52,600	-0,002	-0,685
52,650	-0,002	-0,685
52,700	-0,002	-0,685
52,750	-0,002	-0,686
52,800	-0,002	-0,685
52,850	-0,002	-0,686
52,900	-0,002	-0,686
52,950	-0,002	-0,686
53,000	-0,002	-0,686
53,050	-0,002	-0,686
53,100	-0,003	-0,687
53,150	-0,003	-0,687
53,200	-0,003	-0,687
53,250	-0,003	-0,688
53,300	-0,003	-0,687
53,350	-0,003	-0,688
53,400	-0,003	-0,688
53,450	-0,003	-0,689
53,500	-0,003	-0,688
53,550	-0,003	-0,689
53,600	-0,003	-0,689
53,650	-0,003	-0,690
53,700	-0,003	-0,690
53,750	-0,003	-0,690
53,800	-0,003	-0,690
53,850	-0,003	-0,690
53,900	-0,003	-0,691
53,950	-0,003	-0,692
54,000	-0,003	-0,692
54,050	-0,003	-0,692
54,100	-0,003	-0,692
54,150	-0,003	-0,693
54,200	-0,003	-0,693
54,250	-0,004	-0,693
54,300	-0,003	-0,693
54,350	-0,003	-0,694
54,400	-0,004	-0,694
54,450	-0,004	-0,695
54,500	-0,004	-0,696
54,550	-0,004	-0,696
54,600	-0,004	-0,697
54,650	-0,004	-0,698
54,700	-0,004	-0,698
54,750	-0,004	-0,698
54,800	-0,004	-0,698
54,850	-0,004	-0,698
54,900	-0,004	-0,699
54,950	-0,005	-0,699
55,000	-0,005	-0,699
55,050	-0,005	-0,699
55,100	-0,004	-0,699
55,150	-0,005	-0,699
55,200	-0,005	-0,700
55,250	-0,005	-0,700
55,300	-0,005	-0,700
55,350	-0,005	-0,700
55,400	-0,005	-0,700
55,450	-0,005	-0,700
55,500	-0,005	-0,701
55,550	-0,005	-0,700
55,600	-0,005	-0,701
55,650	-0,005	-0,701
55,700	-0,005	-0,701
55,750	-0,005	-0,701
55,800	-0,005	-0,701
55,850	-0,005	-0,700
55,900	-0,005	-0,701
55,950	-0,005	-0,701
56,000	-0,005	-0,701
56,050	-0,005	-0,700
56,100	-0,005	-0,701
56,150	-0,005	-0,700
56,200	-0,005	-0,702
56,250	-0,005	-0,702
56,300	-0,006	-0,704
56,350	-0,006	-0,703
56,400	-0,006	-0,704
56,450	-0,006	-0,704
56,500	-0,006	-0,705
56,550	-0,006	-0,704
56,600	-0,006	-0,705
56,650	-0,006	-0,704
56,700	-0,006	-0,705
56,750	-0,006	-0,705
56,800	-0,006	-0,705
56,850	-0,006	-0,705
56,900	-0,006	-0,706
56,950	-0,006	-0,705
57,000	-0,006	-0,706
57,050	-0,006	-0,706
57,100	-0,006	-0,707
57,150	-0,006	-0,706
57,200	-0,006	-0,707
57,250	-0,006	-0,706
57,300	-0,006	-0,707
57,350	-0,007	-0,707
57,400	-0,007	-0,708
57,450	-0,006	-0,707
57,500	-0,006	-0,708
57,550	-0,006	-0,707
57,600	-0,007	-0,708
57,650	-0,007	-0,708
57,700	-0,007	-0,709
57,750	-0,007	-0,708
57,800	-0,007	-0,709
57,850	-0,007	-0,709
57,900	-0,007	-0,709
57,950	-0,007	-0,709
58,000	-0,007	-0,709
58,050	-0,007	-0,709
58,100	-0,007	-0,710
58,150	-0,007	-0,709
58,200	-0,007	-0,710
58,250	-0,008	-0,710
58,300	-0,007	-0,710
58,350	-0,007	-0,710
58,400	-0,007	-0,711
58,450	-0,007	-0,710
58,500	-0,008	-0,711
58,550	-0,008	-0,711
58,600	-0,008	-0,711
58,650	-0,008	-0,711
58,700	-0,008	-0,711
58,750	-0,008	-0,711
58,800	-0,008	-0,712
58,850	-0,008	-0,712
58,900	-0,008	-0,712
58,950	-0,008	-0,712
59,000	-0,008	-0,712
59,050	-0,008	-0,712
59,100	-0,008	-0,713
59,150	-0,008	-0,712
59,200	-0,008	-0,713
59,250	-0,008	-0,713
59,300	-0,008	-0,713
59,350	-0,008	-0,713
59,400	-0,008	-0,713
59,450	-0,008	-0,713
59,500	-0,009	-0,714
59,550	-0,008	-0,713
59,600	-0,008	-0,714
59,650	-0,009	-0,714
59,700	-0,009	-0,714
59,750	-0,009	-0,714
59,800	-0,009	-0,715
59,850	-0,009	-0,714
59,900	-0,009	-0,715
59,950	-0,009	-0,714
60,000	-0,009	-0,715
60,050	-0,009	-0,714
60,100	-0,009	-0,715
60,150	-0,009	-0,715
60,200	-0,009	-0,716
60,250	-0,009	-0,715
60,300	-0,009	-0,715
60,350	-0,009	-0,715
60,400	-0,009	-0,716
60,450	-0,009	-0,715
60,500	-0,009	-0,716
60,550	-0,009	-0,715
60,600	-0,009	-0,716
60,650	-0,009	-0,715
60,700	-0,009	-0,716
60,750	-0,009	-0,715
60,800	-0,009	-0,716
60,850	-0,010	-0,716
60,900	-0,009	-0,717
60,950	-0,009	-0,716
61,000	-0,009	-0,717
61,050	-0,010	-0,717
61,100	-0,010	-0,718
61,150	-0,010	-0,717
61,200	-0,010	-0,718
61,250	-0,010	-0,717
61,300	-0,010	-0,718
61,350	-0,010	-0,717
61,400	-0,010	-0,719
61,450	-0,010	-0,718
61,500	-0,010	-0,718
61,550	-0,010	-0,718
61,600	-0,010	-0,719
61,650	-0,010	-0,718
61,700	-0,010	-0,719
61,750	-0,010	-0,718
61,800	-0,010	-0,719
61,850	-0,011	-0,718
61,900	-0,011	-0,720
61,950	-0,010	-0,718
62,000	-0,010	-0,719
62,050	-0,011	-0,719
62,100	-0,011	-0,720
62,150	-0,011	-0,719
62,200	-0,011	-0,720
62,250	-0,011	-0,719
62,300	-0,011	-0,720
62,350	-0,011	-0,719
62,400	-0,011	-0,720
62,450	-0,011	-0,720
62,500	-0,011	-0,721
62,550	-0,011	-0,720
62,600	-0,011	-0,721
62,650	-0,012	-0,720
62,700	-0,011	-0,721
62,750	-0,012	-0,721
62,800	-0,011	-0,721
62,850	-0,011	-0,720
62,900	-0,012	-0,722
62,950	-0,012	-0,721
63,000	-0,012	-0,722
63,050	-0,011	-0,721
63,100	-0,011	-0,722
63,150	-0,011	-0,721
63,200	-0,011	-0,722
63,250	-0,012	-0,721
63,300	-0,012	-0,722
63,350	-0,012	-0,721
63,400	-0,012	-0,722
63,450	-0,012	-0,721
63,500	-0,012	-0,723
63,550	-0,012	-0,722
63,600	-0,012	-0,723
63,650	-0,012	-0,722
63,700	-0,012	-0,723
63,750	-0,012	-0,722
63,800	-0,012	-0,723
63,850	-0,012	-0,722
63,900	-0,012	-0,723
63,950	-0,012	-0,722
64,000	-0,012	-0,723
64,050	-0,012	-0,722
64,100	-0,012	-0,723
64,150	-0,012	-0,722
64,200	-0,012	-0,723
64,250	-0,013	-0,723
64,300	-0,012	-0,723
64,350	-0,012	-0,723
64,400	-0,013	-0,724
64,450	-0,012	-0,723
64,500	-0,013	-0,724
64,550	-0,013	-0,724
64,600	-0,013	-0,725
64,650	-0,013	-0,724
64,700	-0,013	-0,724
64,750	-0,013	-0,724
64,800	-0,013	-0,725
64,850	-0,013	-0,724
64,900	-0,013	-0,725
64,950	-0,013	-0,724
65,000	-0,013	-0,725
65,050	-0,013	-0,724
65,100	-0,013	-0,725
65,150	-0,013	-0,724
65,200	-0,013	-0,725
65,250	-0,013	-0,724
65,300	-0,013	-0,725
65,350	-0,013	-0,724
65,400	-0,013	-0,725
65,450	-0,013	-0,724
65,500	-0,013	-0,725
65,550	-0,013	-0,724
65,600	-0,013	-0,725
65,650	-0,013	-0,724
65,700	-0,013	-0,725
65,750	-0,013	-0,724
65,800	-0,013	-0,725
65,850	-0,013	-0,725
65,900	-0,013	-0,726
65,950	-0,014	-0,725
66,000	-0,014	-0,726
66,050	-0,014	-0,725
66,100	-0,014	-0,726
66,150	-0,014	-0,726
66,200	-0,014	-0,727
66,250	-0,014	-0,726
66,300	-0,014	-0,727
66,350	-0,014	-0,726
66,400	-0,014	-0,727
66,450	-0,014	-0,726
66,500	-0,014	-0,727
66,550	-0,014	-0,726
66,600	-0,014	-0,727
66,650	-0,014	-0,726
66,700	-0,014	-0,727
66,750	-0,014	-0,727
66,800	-0,014	-0,728
66,850	-0,014	-0,727
66,900	-0,014	-0,728
66,950	-0,015	-0,727
67,000	-0,015	-0,728
67,050	-0,014	-0,727
67,100	-0,015	-0,728
67,150	-0,015	-0,727
67,200	-0,015	-0,728
67,250	-0,015	-0,727
67,300	-0,015	-0,728
67,350	-0,015	-0,727
67,400	-0,015	-0,728
67,450	-0,015	-0,727
67,500	-0,015	-0,728
67,550	-0,014	-0,727
67,600	-0,015	-0,728
67,650	-0,015	-0,727
67,700	-0,015	-0,728
67,750	-0,015	-0,727
67,800	-0,015	-0,728
67,850	-0,015	-0,727
67,900	-0,015	-0,729
67,950	-0,015	-0,728
68,000	-0,015	-0,729
68,050	-0,015	-0,728
68,100	-0,015	-0,728
68,150	-0,015	-0,728
68,200	-0,015	-0,729
68,250	-0,015	-0,728
68,300	-0,015	-0,729
68,350	-0,015	-0,728
68,400	-0,015	-0,729
68,450	-0,015	-0,728
68,500	-0,015	-0,729
68,550	-0,015	-0,728
68,600	-0,015	-0,729
68,650	-0,015	-0,728
68,700	-0,016	-0,729
68,750	-0,015	-0,728
68,800	-0,015	-0,729
68,850	-0,016	-0,729
68,900	-0,016	-0,730
68,950	-0,016	-0,729
69,000	-0,016	-0,730
69,050	-0,016	-0,729
69,100	-0,016	-0,730
69,150	-0,016	-0,729
69,200	-0,016	-0,730
69,250	-0,016	-0,729
69,300	-0,016	-0,730
69,350	-0,016	-0,730
69,400	-0,016	-0,730
69,450	-0,016	-0,730
69,500	-0,016	-0,730
69,550	-0,016	-0,730
69,600	-0,016	-0,731
69,650	-0,017	-0,731
69,700	-0,017	-0,731
69,750	-0,017	-0,731
69,800	-0,017	-0,732
69,850	-0,017	-0,731
69,900	-0,017	-0,732
69,950	-0,017	-0,731
70,000	-0,017	-0,732
70,050	-0,017	-0,731
70,100	-0,017	-0,732
70,150	-0,017	-0,731
70,200	-0,017	-0,732
70,250	-0,017	-0,732
70,300	-0,017	-0,732
70,350	-0,017	-0,732
70,400	-0,017	-0,732
70,450	-0,018	-0,732
70,500	-0,018	-0,733
70,550	-0,017	-0,732
70,600	-0,018	-0,733
70,650	-0,018	-0,732
70,700	-0,018	-0,733
70,750	-0,018	-0,732
70,800	-0,018	-0,733
70,850	-0,018	-0,732
70,900	-0,018	-0,733
70,950	-0,018	-0,732
71,000	-0,018	-0,733
71,050	-0,018	-0,733
71,100	-0,018	-0,734
71,150	-0,018	-0,733
71,200	-0,018	-0,734
71,250	-0,018	-0,733
71,300	-0,018	-0,734
71,350	-0,019	-0,733
71,400	-0,019	-0,734
71,450	-0,018	-0,733
71,500	-0,019	-0,734
71,550	-0,019	-0,734
71,600	-0,019	-0,734
71,650	-0,019	-0,733
71,700	-0,019	-0,734
71,750	-0,018	-0,733
71,800	-0,019	-0,734
71,850	-0,018	-0,733
71,900	-0,019	-0,734
71,950	-0,018	-0,733
72,000	-0,018	-0,734
72,050	-0,019	-0,734
72,100	-0,019	-0,734
72,150	-0,018	-0,733
72,200	-0,018	-0,734
72,250	-0,019	-0,733
72,300	-0,019	-0,734
72,350	-0,019	-0,734
72,400	-0,019	-0,734
72,450	-0,019	-0,733
72,500	-0,019	-0,734
72,550	-0,019	-0,733
72,600	-0,019	-0,734
72,650	-0,018	-0,733
72,700	-0,019	-0,734
72,750	-0,019	-0,733
72,800	-0,019	-0,734
72,850	-0,019	-0,734
72,900	-0,019	-0,734
72,950	-0,018	-0,733
73,000	-0,019	-0,734
73,050	-0,018	-0,733
73,100	-0,019	-0,734
73,150	-0,018	-0,733
73,200	-0,018	-0,734
73,250	-0,019	-0,733
73,300	-0,019	-0,734
73,350	-0,019	-0,733
73,400	-0,019	-0,734
73,450	-0,018	-0,733
73,500	-0,019	-0,734
73,550	-0,019	-0,733
73,600	-0,018	-0,734
73,650	-0,019	-0,733
73,700	-0,019	-0,734
73,750	-0,018	-0,733
73,800	-0,018	-0,733
73,850	-0,018	-0,733
73,900	-0,018	-0,733
73,950	-0,018	-0,733
74,000	-0,018	-0,733
74,050	-0,018	-0,732
74,100	-0,018	-0,733
74,150	-0,018	-0,732
74,200	-0,018	-0,733
74,250	-0,018	-0,732
74,300	-0,018	-0,733
74,350	-0,018	-0,732
74,400	-0,018	-0,733
74,450	-0,018	-0,732
74,500	-0,018	-0,732
74,550	-0,018	-0,732
74,600	-0,017	-0,732
74,650	-0,017	-0,732
74,700	-0,017	-0,732
74,750	-0,017	-0,732
74,800	-0,017	-0,732
74,850	-0,017	-0,731
74,900	-0,017	-0,732
74,950	-0,017	-0,731
75,000	-0,017	-0,732
75,050	-0,017	-0,732
75,100	-0,017	-0,732
75,150	-0,017	-0,731
75,200	-0,017	-0,732
75,250	-0,017	-0,731
75,300	-0,016	-0,731
75,350	-0,017	-0,731
75,400	-0,016	-0,731
75,450	-0,016	-0,731
75,500	-0,016	-0,731
75,550	-0,016	-0,730
75,600	-0,016	-0,731
75,650	-0,016	-0,730
75,700	-0,016	-0,730
75,750	-0,016	-0,730
75,800	-0,016	-0,730
75,850	-0,016	-0,730
75,900	-0,016	-0,730
75,950	-0,016	-0,730
76,000	-0,015	-0,729
76,050	-0,016	-0,730
76,100	-0,015	-0,729
76,150	-0,015	-0,729
76,200	-0,015	-0,729
76,250	-0,015	-0,729
76,300	-0,015	-0,729
76,350	-0,015	-0,729
76,400	-0,014	-0,728
76,450	-0,014	-0,728
76,500	-0,014	-0,728
76,550	-0,014	-0,728
76,600	-0,014	-0,728
76,650	-0,014	-0,727
76,700	-0,014	-0,727
76,750	-0,013	-0,727
76,800	-0,014	-0,727
76,850	-0,014	-0,727
76,900	-0,014	-0,727
76,950	-0,014	-0,727
77,000	-0,014	-0,727
77,050	-0,013	-0,727
77,100	-0,013	-0,727
77,150	-0,014	-0,727
77,200	-0,014	-0,727
77,250	-0,014	-0,727
77,300	-0,014	-0,727
77,350	-0,014	-0,727
77,400	-0,014	-0,727
77,450	-0,014	-0,727
77,500	-0,013	-0,726
77,550	-0,013	-0,727
77,600	-0,013	-0,726
77,650	-0,013	-0,726
77,700	-0,013	-0,726
77,750	-0,013	-0,726
77,800	-0,013	-0,726
77,850	-0,013	-0,726
77,900	-0,013	-0,726
77,950	-0,013	-0,726
78,000	-0,013	-0,726
78,050	-0,013	-0,726
78,100	-0,013	-0,726
78,150	-0,013	-0,726
78,200	-0,013	-0,726
78,250	-0,013	-0,725
78,300	-0,013	-0,725
78,350	-0,012	-0,725
78,400	-0,013	-0,725
78,450	-0,012	-0,725
78,500	-0,012	-0,725
78,550	-0,012	-0,725
78,600	-0,012	-0,725
78,650	-0,013	-0,725
78,700	-0,012	-0,725
78,750	-0,013	-0,725
78,800	-0,012	-0,725
78,850	-0,012	-0,725
78,900	-0,012	-0,725
78,950	-0,012	-0,725
79,000	-0,012	-0,724
79,050	-0,012	-0,724
79,100	-0,012	-0,724
79,150	-0,011	-0,723
79,200	-0,012	-0,723
79,250	-0,011	-0,723
79,300	-0,011	-0,723
79,350	-0,011	-0,723
79,400	-0,011	-0,723
79,450	-0,011	-0,723
79,500	-0,011	-0,722
79,550	-0,011	-0,723
79,600	-0,011	-0,722
79,650	-0,011	-0,722
79,700	-0,011	-0,721
79,750	-0,010	-0,721
79,800	-0,010	-0,721
79,850	-0,010	-0,721
79,900	-0,010	-0,721
79,950	-0,010	-0,721
80,000	-0,010	-0,721
80,050	-0,010	-0,721
80,100	-0,010	-0,720
80,150	-0,010	-0,721
80,200	-0,010	-0,720
80,250	-0,010	-0,721
80,300	-0,010	-0,721
80,350	-0,010	-0,721
80,400	-0,010	-0,721
80,450	-0,010	-0,721
80,500	-0,010	-0,721
80,550	-0,010	-0,721
80,600	-0,010	-0,720
80,650	-0,010	-0,721
80,700	-0,010	-0,720
80,750	-0,010	-0,721
80,800	-0,010	-0,720
80,850	-0,010	-0,720
80,900	-0,010	-0,720
80,950	-0,009	-0,719
81,000	-0,009	-0,719
81,050	-0,009	-0,719
81,100	-0,009	-0,718
81,150	-0,009	-0,718
81,200	-0,009	-0,717
81,250	-0,008	-0,718
81,300	-0,008	-0,717
81,350	-0,008	-0,717
81,400	-0,008	-0,717
81,450	-0,008	-0,717
81,500	-0,008	-0,716
81,550	-0,008	-0,717
81,600	-0,008	-0,716
81,650	-0,008	-0,716
81,700	-0,008	-0,716
81,750	-0,008	-0,716
81,800	-0,008	-0,715
81,850	-0,008	-0,716
81,900	-0,008	-0,716
81,950	-0,008	-0,716
82,000	-0,008	-0,715
82,050	-0,008	-0,716
82,100	-0,008	-0,715
82,150	-0,008	-0,716
82,200	-0,008	-0,715
82,250	-0,008	-0,716
82,300	-0,008	-0,715
82,350	-0,007	-0,715
82,400	-0,008	-0,715
82,450	-0,008	-0,716
82,500	-0,008	-0,715
82,550	-0,008	-0,715
82,600	-0,007	-0,714
82,650	-0,007	-0,715
82,700	-0,007	-0,714
82,750	-0,007	-0,714
82,800	-0,007	-0,714
82,850	-0,008	-0,715
82,900	-0,008	-0,714
82,950	-0,007	-0,714
83,000	-0,007	-0,714
83,050	-0,007	-0,714
83,100	-0,007	-0,713
83,150	-0,007	-0,714
83,200	-0,007	-0,713
83,250	-0,006	-0,713
83,300	-0,006	-0,712
83,350	-0,006	-0,712
83,400	-0,006	-0,711
83,450	-0,006	-0,712
83,500	-0,006	-0,711
83,550	-0,006	-0,711
83,600	-0,006	-0,711
83,650	-0,006	-0,711
83,700	-0,005	-0,710
83,750	-0,005	-0,711
83,800	-0,005	-0,710
83,850	-0,005	-0,711
83,900	-0,006	-0,710
83,950	-0,005	-0,710
84,000	-0,006	-0,710
84,050	-0,005	-0,710
84,100	-0,005	-0,709
84,150	-0,005	-0,710
84,200	-0,005	-0,709
84,250	-0,005	-0,710
84,300	-0,005	-0,709
84,350	-0,005	-0,710
84,400	-0,005	-0,709
84,450	-0,005	-0,709
84,500	-0,005	-0,708
84,550	-0,005	-0,709
84,600	-0,005	-0,708
84,650	-0,005	-0,708
84,700	-0,004	-0,707
84,750	-0,005	-0,708
84,800	-0,004	-0,707
84,850	-0,004	-0,708
84,900	-0,005	-0,707
84,950	-0,004	-0,708
85,000	-0,004	-0,707
85,050	-0,004	-0,708
85,100	-0,004	-0,707
85,150	-0,004	-0,708
85,200	-0,004	-0,707
85,250	-0,004	-0,707
85,300	-0,004	-0,707
85,350	-0,004	-0,708
85,400	-0,004	-0,707
85,450	-0,004	-0,708
85,500	-0,005	-0,707
85,550	-0,004	-0,707
85,600	-0,004	-0,706
85,650	-0,004	-0,706
85,700	-0,004	-0,705
85,750	-0,004	-0,706
85,800	-0,004	-0,705
85,850	-0,004	-0,706
85,900	-0,003	-0,704
85,950	-0,003	-0,705
86,000	-0,003	-0,704
86,050	-0,003	-0,705
86,100	-0,003	-0,703
86,150	-0,003	-0,703
86,200	-0,003	-0,702
86,250	-0,003	-0,703
86,300	-0,003	-0,702
86,350	-0,003	-0,702
86,400	-0,003	-0,701
86,450	-0,002	-0,701
86,500	-0,003	-0,701
86,550	-0,003	-0,702
86,600	-0,003	-0,701
86,650	-0,002	-0,701
86,700	-0,003	-0,700
86,750	-0,003	-0,701
86,800	-0,002	-0,700
86,850	-0,002	-0,701
86,900	-0,002	-0,699
86,950	-0,002	-0,700
87,000	-0,002	-0,699
87,050	-0,002	-0,700
87,100	-0,002	-0,699
87,150	-0,002	-0,700
87,200	-0,002	-0,699
87,250	-0,002	-0,700
87,300	-0,002	-0,699
87,350	-0,002	-0,700
87,400	-0,002	-0,699
87,450	-0,002	-0,700
87,500	-0,002	-0,700
87,550	-0,002	-0,700
87,600	-0,002	-0,700
87,650	-0,002	-0,700
87,700	-0,002	-0,699
87,750	-0,002	-0,700
87,800	-0,002	-0,699
87,850	-0,002	-0,700
87,900	-0,002	-0,699
87,950	-0,002	-0,700
88,000	-0,002	-0,699
88,050	-0,002	-0,700
88,100	-0,002	-0,699
88,150	-0,002	-0,700
88,200	-0,002	-0,699
88,250	-0,002	-0,700
88,300	-0,002	-0,699
88,350	-0,002	-0,700
88,400	-0,002	-0,699
88,450	-0,002	-0,700
88,500	-0,002	-0,699
88,550	-0,002	-0,699
88,600	-0,002	-0,698
88,650	-0,002	-0,698
88,700	-0,002	-0,697
88,750	-0,001	-0,698
88,800	-0,002	-0,697
88,850	-0,002	-0,698
88,900	-0,001	-0,696
88,950	-0,002	-0,697
89,000	-0,001	-0,696
89,050	-0,001	-0,696
89,100	-0,001	-0,695
89,150	-0,002	-0,696
89,200	-0,001	-0,695
89,250	-0,001	-0,695
89,300	-9,280E-4	-0,694
89,350	-0,001	-0,694
89,400	-9,048E-4	-0,693
89,450	-6,985E-4	-0,693
89,500	-8,401E-4	-0,692
89,550	-5,508E-4	-0,692
89,600	-3,884E-4	-0,691
89,650	-5,288E-4	-0,692
89,700	-2,725E-4	-0,690
89,750	-3,103E-4	-0,690
89,800	-2,358E-4	-0,689
89,850	-1,748E-4	-0,689
89,900	3,638E-5	-0,688
89,950	-5,640E-5	-0,688
90,000	-3,809E-5	-0,687
90,050	2,964E-4	-0,687
90,100	3,611E-4	-0,685
90,150	2,170E-4	-0,686
90,200	1,096E-4	-0,685
90,250	2,158E-4	-0,685
90,300	2,451E-4	-0,684
90,350	4,197E-4	-0,685
90,400	4,221E-4	-0,684
90,450	9,619E-5	-0,685
90,500	5,979E-4	-0,684
90,550	1,853E-4	-0,685
90,600	2,549E-4	-0,684
90,650	3,281E-4	-0,685
90,700	3,208E-4	-0,684
90,750	4,905E-4	-0,685
90,800	5,713E-5	-0,684
90,850	2,463E-4	-0,685
90,900	2,219E-4	-0,684
90,950	3,635E-4	-0,685
91,000	2,622E-4	-0,684
91,050	4,014E-4	-0,685
91,100	3,110E-4	-0,684
91,150	9,521E-6	-0,685
91,200	8,643E-5	-0,684
91,250	3,098E-4	-0,685
91,300	3,477E-4	-0,684
91,350	3,806E-4	-0,685
91,400	3,149E-5	-0,684
91,450	7,788E-5	-0,685
91,500	2,354E-4	-0,684
91,550	2,451E-4	-0,685
91,600	1,304E-4	-0,684
91,650	7,544E-5	-0,685
91,700	3,208E-4	-0,684
91,750	2,244E-4	-0,685
91,800	-1,003E-4	-0,684
91,850	3,684E-4	-0,685
91,900	3,025E-4	-0,684
91,950	1,670E-4	-0,684
92,000	5,320E-4	-0,680
92,050	6,040E-4	-0,680
92,100	4,270E-4	-0,678
92,150	7,297E-4	-0,679
92,200	9,910E-4	-0,677
92,250	6,296E-4	-0,678
92,300	7,761E-4	-0,677
92,350	8,115E-4	-0,678
92,400	6,077E-4	-0,677
92,450	6,858E-4	-0,678
92,500	9,824E-4	-0,677
92,550	5,198E-4	-0,678
92,600	6,321E-4	-0,677
92,650	3,757E-4	-0,678
92,700	9,250E-4	-0,677
92,750	9,800E-4	-0,677
92,800	3,635E-4	-0,677
92,850	9,263E-4	-0,677
92,900	6,663E-4	-0,677
92,950	8,188E-4	-0,677
93,000	0,001	-0,676
93,050	0,001	-0,676
93,100	8,701E-4	-0,675
93,150	5,442E-4	-0,676
93,200	9,360E-4	-0,674
93,250	5,027E-4	-0,675
93,300	9,373E-4	-0,674
93,350	8,506E-4	-0,675
93,400	8,604E-4	-0,673
93,450	0,001	-0,674
93,500	7,908E-4	-0,673
93,550	7,896E-4	-0,673
93,600	8,079E-4	-0,672
93,650	0,001	-0,672
93,700	8,323E-4	-0,672
93,750	8,591E-4	-0,672
93,800	9,690E-4	-0,671
93,850	8,152E-4	-0,672
93,900	9,653E-4	-0,671
93,950	8,750E-4	-0,671
94,000	5,845E-4	-0,670
94,050	8,262E-4	-0,671
94,100	0,001	-0,669
94,150	6,467E-4	-0,670
94,200	7,725E-4	-0,669
94,250	0,001	-0,669
94,300	8,848E-4	-0,668
94,350	7,822E-4	-0,668
94,400	8,774E-4	-0,667
94,450	9,824E-4	-0,668
94,500	0,001	-0,666
94,550	0,001	-0,667
94,600	0,001	-0,666
94,650	0,001	-0,666
94,700	0,001	-0,664
94,750	0,001	-0,665
94,800	0,001	-0,663
94,850	0,001	-0,663
94,900	0,001	-0,662
94,950	0,001	-0,662
95,000	0,001	-0,661
95,050	9,019E-4	-0,661
95,100	9,312E-4	-0,660
95,150	9,104E-4	-0,660
95,200	0,001	-0,658
95,250	0,001	-0,659
95,300	8,042E-4	-0,657
95,350	8,750E-4	-0,657
95,400	0,001	-0,655
95,450	0,001	-0,656
95,500	0,001	-0,654
95,550	9,495E-4	-0,654
95,600	9,360E-4	-0,652
95,650	0,001	-0,652
95,700	0,001	-0,650
95,750	0,001	-0,650
95,800	0,001	-0,649
95,850	9,849E-4	-0,649
95,900	9,128E-4	-0,647
95,950	0,001	-0,647
96,000	0,001	-0,645
96,050	0,001	-0,645
96,100	0,001	-0,643
96,150	0,001	-0,643
96,200	0,001	-0,641
96,250	0,001	-0,641
96,300	0,001	-0,639
96,350	9,006E-4	-0,639
96,400	0,001	-0,637
96,450	9,592E-4	-0,637
96,500	0,001	-0,635
96,550	0,001	-0,635
96,600	9,702E-4	-0,633
96,650	0,001	-0,632
96,700	9,604E-4	-0,631
96,750	0,001	-0,630
96,800	0,001	-0,628
96,850	0,001	-0,628
96,900	9,934E-4	-0,626
96,950	0,001	-0,625
97,000	0,001	-0,624
97,050	0,001	-0,623
97,100	0,001	-0,621
97,150	0,001	-0,621
97,200	0,001	-0,619
97,250	0,001	-0,618
97,300	0,001	-0,616
97,350	0,001	-0,615
97,400	0,001	-0,613
97,450	0,001	-0,612
97,500	0,001	-0,610
97,550	0,001	-0,609
97,600	7,468E-4	-0,608
97,650	0,001	-0,606
97,700	0,001	-0,604
97,750	9,104E-4	-0,604
97,800	9,824E-4	-0,602
97,850	0,001	-0,600
97,900	0,001	-0,598
97,950	0,001	-0,598
98,000	0,001	-0,595
98,050	0,001	-0,594
98,100	0,001	-0,592
98,150	0,001	-0,591
98,200	0,001	-0,588
98,250	0,001	-0,587
98,300	0,001	-0,584
98,350	7,517E-4	-0,584
98,400	0,001	-0,581
98,450	0,001	-0,579
98,500	0,001	-0,577
98,550	0,001	-0,576
98,600	8,994E-4	-0,573
98,650	9,324E-4	-0,571
98,700	0,001	-0,568
98,750	6,858E-4	-0,567
98,800	0,001	-0,564
98,850	0,001	-0,562
98,900	8,970E-4	-0,559
98,950	9,214E-4	-0,558
99,000	8,518E-4	-0,555
99,050	0,001	-0,553
99,100	0,001	-0,549
99,150	9,177E-4	-0,548
99,200	0,001	-0,544
99,250	9,666E-4	-0,542
99,300	8,457E-4	-0,538
99,350	0,001	-0,536
99,400	0,001	-0,532
99,450	9,043E-4	-0,530
99,500	0,001	-0,526
99,550	7,761E-4	-0,524
99,600	0,001	-0,521
99,650	0,001	-0,518
99,700	9,910E-4	-0,515
99,750	0,001	-0,512
99,800	0,001	-0,508
99,850	9,507E-4	-0,505
99,900	9,897E-4	-0,501
99,950	0,001	-0,499
100,000	0,001	-0,495
100,050	0,001	-0,492
100,100	0,001	-0,488
100,150	0,002	-0,485
100,200	0,001	-0,481
100,250	8,274E-4	-0,479
100,300	8,176E-4	-0,475
100,350	0,001	-0,471
100,400	0,001	-0,467
100,450	0,001	-0,465
100,500	0,001	-0,461
100,550	0,001	-0,458
100,600	0,001	-0,454
100,650	0,001	-0,451
100,700	0,001	-0,446
100,750	0,001	-0,443
100,800	0,001	-0,439
100,850	0,001	-0,436
100,900	0,001	-0,431
100,950	0,001	-0,428
101,000	0,001	-0,424
101,050	0,001	-0,420
101,100	0,001	-0,416
101,150	0,001	-0,413
101,200	0,001	-0,408
101,250	0,001	-0,406
101,300	0,001	-0,401
101,350	0,001	-0,398
101,400	0,001	-0,394
101,450	0,001	-0,391
101,500	0,001	-0,387
101,550	9,116E-4	-0,384
101,600	0,001	-0,379
101,650	0,001	-0,376
101,700	0,001	-0,372
101,750	0,001	-0,369
101,800	0,001	-0,365
101,850	0,001	-0,362
101,900	0,001	-0,357
101,950	0,001	-0,354
102,000	0,001	-0,350
102,050	0,001	-0,347
102,100	9,714E-4	-0,343
102,150	9,666E-4	-0,340
102,200	0,001	-0,336
102,250	0,002	-0,332
102,300	0,001	-0,328
102,350	0,001	-0,325
102,400	0,001	-0,321
102,450	0,001	-0,318
102,500	0,001	-0,314
102,550	0,001	-0,311
102,600	0,001	-0,307
102,650	0,001	-0,304
102,700	0,001	-0,300
102,750	0,001	-0,297
102,800	0,001	-0,293
102,850	0,001	-0,289
102,900	0,001	-0,286
102,950	0,001	-0,282
103,000	0,001	-0,278
103,050	9,446E-4	-0,275
103,100	0,001	-0,271
103,150	0,001	-0,268
103,200	0,001	-0,264
103,250	0,001	-0,261
103,300	0,001	-0,257
103,350	0,001	-0,254
103,400	0,001	-0,249
103,450	0,001	-0,246
103,500	0,001	-0,242
103,550	0,001	-0,239
103,600	0,001	-0,235
103,650	0,001	-0,232
103,700	0,001	-0,227
103,750	0,001	-0,224
103,800	0,001	-0,220
103,850	0,001	-0,217
103,900	0,001	-0,212
103,950	0,001	-0,209
104,000	0,001	-0,205
104,050	0,001	-0,202
104,100	0,001	-0,197
104,150	0,001	-0,194
104,200	0,001	-0,190
104,250	0,001	-0,186
104,300	0,001	-0,182
104,350	0,001	-0,179
104,400	0,001	-0,174
104,450	0,001	-0,171
104,500	0,001	-0,167
104,550	0,001	-0,163
104,600	0,001	-0,159
104,650	0,002	-0,156
104,700	0,001	-0,152
104,750	0,001	-0,149
104,800	0,001	-0,145
104,850	0,001	-0,142
104,900	0,001	-0,138
104,950	0,001	-0,135
105,000	0,001	-0,131
105,050	0,001	-0,128
105,100	0,001	-0,125
105,150	0,002	-0,122
105,200	0,001	-0,119
105,250	0,001	-0,116
105,300	0,001	-0,113
105,350	0,002	-0,110
105,400	0,001	-0,107
105,450	0,001	-0,105
105,500	0,001	-0,102
105,550	0,001	-0,101
105,600	0,002	-0,099
105,650	0,001	-0,098
105,700	0,001	-0,095
105,750	0,001	-0,095
105,800	0,002	-0,093
105,850	0,002	-0,093
105,900	0,002	-0,091
105,950	0,002	-0,091
106,000	0,002	-0,090
106,050	0,001	-0,090
106,100	0,001	-0,089
106,150	0,001	-0,089
106,200	0,001	-0,088
106,250	0,001	-0,088
106,300	0,002	-0,087
106,350	0,001	-0,087
106,400	0,001	-0,087
106,450	0,002	-0,086
106,500	0,002	-0,085
106,550	0,002	-0,086
106,600	0,001	-0,085
106,650	0,002	-0,085
106,700	0,002	-0,085
106,750	0,002	-0,085
106,800	0,001	-0,084
106,850	0,001	-0,085
106,900	0,002	-0,084
106,950	0,002	-0,084
107,000	0,002	-0,084
107,050	0,002	-0,084
107,100	0,002	-0,083
107,150	0,002	-0,084
107,200	0,002	-0,083
107,250	0,001	-0,083
107,300	0,001	-0,083
107,350	0,002	-0,082
107,400	0,001	-0,082
107,450	0,001	-0,082
107,500	0,001	-0,082
107,550	0,002	-0,082
107,600	0,001	-0,081
107,650	0,002	-0,081
107,700	0,002	-0,080
107,750	0,002	-0,081
107,800	0,002	-0,080
107,850	0,002	-0,080
107,900	0,001	-0,080
107,950	0,002	-0,079
108,000	0,002	-0,079
108,050	0,002	-0,079
108,100	0,002	-0,078
108,150	0,001	-0,079
108,200	0,001	-0,078
108,250	0,002	-0,078
108,300	0,002	-0,077
108,350	0,002	-0,077
108,400	0,002	-0,077
108,450	0,002	-0,077
108,500	0,002	-0,076
108,550	0,002	-0,076
108,600	0,002	-0,075
108,650	0,002	-0,075
108,700	0,002	-0,074
108,750	0,002	-0,074
108,800	0,002	-0,074
108,850	0,002	-0,074
108,900	0,002	-0,073
108,950	0,002	-0,073
109,000	0,002	-0,073
109,050	0,002	-0,072
109,100	0,002	-0,072
109,150	0,002	-0,072
109,200	0,002	-0,071
109,250	0,002	-0,071
109,300	0,002	-0,071
109,350	0,002	-0,071
109,400	0,002	-0,070
109,450	0,002	-0,070
109,500	0,002	-0,069
109,550	0,002	-0,069
109,600	0,002	-0,068
109,650	0,002	-0,068
109,700	0,002	-0,067
109,750	0,002	-0,067
109,800	0,002	-0,067
109,850	0,002	-0,067
109,900	0,002	-0,066
109,950	0,002	-0,066
110,000	0,002	-0,066
110,050	0,002	-0,066
110,100	0,002	-0,065
110,150	0,002	-0,065
110,200	0,002	-0,065
110,250	0,002	-0,064
110,300	0,002	-0,064
110,350	0,002	-0,064
110,400	0,002	-0,063
110,450	0,002	-0,063
110,500	0,002	-0,063
110,550	0,002	-0,063
110,600	0,002	-0,062
110,650	0,002	-0,062
110,700	0,002	-0,061
110,750	0,002	-0,061
110,800	0,002	-0,061
110,850	0,002	-0,061
110,900	0,002	-0,060
110,950	0,002	-0,060
111,000	0,002	-0,059
111,050	0,003	-0,059
111,100	0,002	-0,059
111,150	0,002	-0,059
111,200	0,003	-0,058
111,250	0,003	-0,058
111,300	0,003	-0,058
111,350	0,002	-0,058
111,400	0,002	-0,057
111,450	0,003	-0,057
111,500	0,002	-0,057
111,550	0,003	-0,056
111,600	0,003	-0,056
111,650	0,003	-0,056
111,700	0,003	-0,055
111,750	0,003	-0,055
111,800	0,003	-0,055
111,850	0,003	-0,054
111,900	0,003	-0,054
111,950	0,002	-0,054
112,000	0,003	-0,053
112,050	0,003	-0,053
112,100	0,003	-0,053
112,150	0,003	-0,053
112,200	0,003	-0,052
112,250	0,003	-0,052
112,300	0,003	-0,052
112,350	0,003	-0,052
112,400	0,003	-0,051
112,450	0,003	-0,051
112,500	0,003	-0,051
112,550	0,003	-0,050
112,600	0,003	-0,050
112,650	0,003	-0,050
112,700	0,003	-0,050
112,750	0,003	-0,050
112,800	0,003	-0,049
112,850	0,003	-0,049
112,900	0,003	-0,049
112,950	0,003	-0,048
113,000	0,003	-0,048
113,050	0,003	-0,048
113,100	0,003	-0,048
113,150	0,003	-0,048
113,200	0,003	-0,047
113,250	0,003	-0,047
113,300	0,003	-0,047
113,350	0,003	-0,047
113,400	0,004	-0,046
113,450	0,003	-0,046
113,500	0,003	-0,046
113,550	0,003	-0,045
113,600	0,003	-0,045
113,650	0,004	-0,045
113,700	0,003	-0,045
113,750	0,004	-0,045
113,800	0,004	-0,045
113,850	0,003	-0,045
113,900	0,004	-0,045
113,950	0,004	-0,045
114,000	0,003	-0,045
114,050	0,004	-0,045
114,100	0,004	-0,045
114,150	0,004	-0,045
114,200	0,004	-0,045
114,250	0,003	-0,045
114,300	0,004	-0,045
114,350	0,004	-0,044
114,400	0,004	-0,044
114,450	0,004	-0,043
114,500	0,004	-0,043
114,550	0,004	-0,042
114,600	0,004	-0,042
114,650	0,004	-0,042
114,700	0,004	-0,042
114,750	0,004	-0,042
114,800	0,004	-0,042
114,850	0,004	-0,041
114,900	0,004	-0,041
114,950	0,004	-0,041
115,000	0,004	-0,041
115,050	0,004	-0,040
115,100	0,004	-0,041
115,150	0,004	-0,040
115,200	0,004	-0,040
115,250	0,004	-0,040
115,300	0,004	-0,040
115,350	0,004	-0,039
115,400	0,004	-0,040
115,450	0,004	-0,039
115,500	0,004	-0,039
115,550	0,004	-0,039
115,600	0,004	-0,039
115,650	0,004	-0,039
115,700	0,004	-0,039
115,750	0,004	-0,039
115,800	0,004	-0,039
115,850	0,004	-0,039
115,900	0,004	-0,039
115,950	0,004	-0,039
116,000	0,004	-0,039
116,050	0,004	-0,039
116,100	0,004	-0,039
116,150	0,005	-0,039
116,200	0,004	-0,039
116,250	0,005	-0,039
116,300	0,004	-0,039
116,350	0,005	-0,038
116,400	0,004	-0,038
116,450	0,005	-0,037
116,500	0,005	-0,037
116,550	0,005	-0,037
116,600	0,005	-0,037
116,650	0,005	-0,037
116,700	0,005	-0,037
116,750	0,005	-0,037
116,800	0,005	-0,037
116,850	0,005	-0,036
116,900	0,005	-0,037
116,950	0,005	-0,037
117,000	0,005	-0,037
117,050	0,005	-0,036
117,100	0,005	-0,037
117,150	0,005	-0,036
117,200	0,005	-0,037
117,250	0,005	-0,036
117,300	0,005	-0,037
117,350	0,005	-0,036
117,400	0,005	-0,036
117,450	0,005	-0,036
117,500	0,005	-0,036
117,550	0,005	-0,035
117,600	0,005	-0,035
117,650	0,005	-0,034
117,700	0,005	-0,034
117,750	0,005	-0,033
117,800	0,005	-0,033
117,850	0,005	-0,033
117,900	0,005	-0,033
117,950	0,006	-0,032
118,000	0,005	-0,033
118,050	0,005	-0,032
118,100	0,006	-0,032
118,150	0,006	-0,032
118,200	0,006	-0,032
118,250	0,006	-0,031
118,300	0,006	-0,031
118,350	0,006	-0,030
118,400	0,006	-0,031
118,450	0,006	-0,030
118,500	0,006	-0,030
118,550	0,006	-0,030
118,600	0,006	-0,030
118,650	0,006	-0,029
118,700	0,006	-0,030
118,750	0,006	-0,029
118,800	0,006	-0,029
118,850	0,006	-0,028
118,900	0,007	-0,028
118,950	0,007	-0,027
119,000	0,007	-0,027
119,050	0,007	-0,025
119,100	0,007	-0,026
119,150	0,007	-0,025
119,200	0,007	-0,025
119,250	0,008	-0,024
119,300	0,008	-0,024
119,350	0,008	-0,023
119,400	0,008	-0,024
119,450	0,008	-0,023
119,500	0,008	-0,024
119,550	0,008	-0,023
119,600	0,007	-0,024
119,650	0,008	-0,022
119,700	0,008	-0,023
119,750	0,008	-0,022
119,800	0,008	-0,023
119,850	0,008	-0,022
119,900	0,007	-0,023
119,950	0,008	-0,023
120,000	0,008	-0,023
120,050	0,008	-0,022
120,100	0,008	-0,023
120,150	0,008	-0,023
120,200	0,008	-0,023
120,250	0,008	-0,023
120,300	0,008	-0,023
120,350	0,008	-0,022
120,400	0,008	-0,023
120,450	0,008	-0,023
120,500	0,008	-0,023
120,550	0,008	-0,022
120,600	0,008	-0,023
120,650	0,008	-0,022
120,700	0,008	-0,022
120,750	0,008	-0,022
120,800	0,008	-0,023
120,850	0,008	-0,022
120,900	0,008	-0,023
120,950	0,008	-0,021
121,000	0,008	-0,022
121,050	0,008	-0,021
121,100	0,008	-0,022
121,150	0,008	-0,021
121,200	0,008	-0,022
121,250	0,008	-0,021
121,300	0,008	-0,022
121,350	0,009	-0,020
121,400	0,008	-0,021
121,450	0,008	-0,021
121,500	0,008	-0,022
121,550	0,008	-0,020
121,600	0,009	-0,021
121,650	0,009	-0,020
121,700	0,009	-0,020
121,750	0,009	-0,019
121,800	0,009	-0,019
121,850	0,009	-0,019
121,900	0,009	-0,019
121,950	0,009	-0,018
122,000	0,009	-0,019
122,050	0,009	-0,018
122,100	0,009	-0,018
122,150	0,009	-0,017
122,200	0,009	-0,018
122,250	0,009	-0,017
122,300	0,010	-0,017
122,350	0,010	-0,017
122,400	0,010	-0,017
122,450	0,010	-0,017
122,500	0,010	-0,017
122,550	0,010	-0,016
122,600	0,010	-0,016
122,650	0,010	-0,016
122,700	0,010	-0,016
122,750	0,010	-0,016
122,800	0,009	-0,017
122,850	0,010	-0,015
122,900	0,010	-0,016
122,950	0,010	-0,015
123,000	0,010	-0,016
123,050	0,010	-0,015
123,100	0,010	-0,016
123,150	0,010	-0,014
123,200	0,010	-0,015
123,250	0,010	-0,014
123,300	0,011	-0,015
123,350	0,011	-0,013
123,400	0,011	-0,014
123,450	0,011	-0,013
123,500	0,011	-0,014
123,550	0,011	-0,013
123,600	0,011	-0,013
123,650	0,012	-0,012
123,700	0,012	-0,012
123,750	0,012	-0,011
123,800	0,012	-0,011
123,850	0,012	-0,010
123,900	0,012	-0,010
123,950	0,013	-0,009
124,000	0,013	-0,009
124,050	0,013	-0,008
124,100	0,013	-0,008
124,150	0,014	-0,007
124,200	0,013	-0,008
124,250	0,014	-0,006
124,300	0,014	-0,007
124,350	0,014	-0,006
124,400	0,014	-0,006
124,450	0,014	-0,006
124,500	0,014	-0,006
124,550	0,015	-0,005
124,600	0,015	-0,006
124,650	0,015	-0,004
124,700	0,015	-0,005
124,750	0,015	-0,004
124,800	0,015	-0,004
124,850	0,015	-0,003
124,900	0,015	-0,005
124,950	0,015	-0,004
125,000	0,016	-0,004
125,050	0,015	-0,003
125,100	0,015	-0,004
125,150	0,015	-0,004
125,200	0,015	-0,004
125,250	0,015	-0,003
125,300	0,015	-0,004
125,350	0,015	-0,004
125,400	0,015	-0,004
125,450	0,015	-0,003
125,500	0,016	-0,004
125,550	0,016	-0,003
125,600	0,016	-0,004
125,650	0,016	-0,002
125,700	0,016	-0,003
125,750	0,016	-0,002
125,800	0,016	-0,003
125,850	0,016	-0,002
125,900	0,016	-0,002
125,950	0,016	-0,001
126,000	0,017	-0,002
126,050	0,017	-6,598E-4
126,100	0,017	-0,001
126,150	0,017	-4,291E-4
126,200	0,017	-7,635E-4
126,250	0,017	2,313E-4
126,300	0,017	-8,917E-4
126,350	0,017	2,155E-4
126,400	0,018	-4,205E-4
126,450	0,018	9,662E-4
126,500	0,018	-4,700E-5
126,550	0,018	0,001
126,600	0,018	8,484E-5
126,650	0,018	0,001
126,700	0,018	1,862E-4
126,750	0,018	0,001
126,800	0,018	1,740E-4
126,850	0,018	0,001
126,900	0,018	3,998E-4
126,950	0,018	0,001
127,000	0,018	3,766E-4
127,050	0,018	0,001
127,100	0,018	1,642E-4
127,150	0,018	0,001
127,200	0,018	4,620E-4
127,250	0,018	0,001
127,300	0,018	6,268E-4
127,350	0,018	0,002
127,400	0,018	9,869E-4
127,450	0,018	0,002
127,500	0,019	0,001
127,550	0,018	0,002
127,600	0,019	0,001
127,650	0,019	0,002
127,700	0,019	0,001
127,750	0,018	0,002
127,800	0,019	0,002
127,850	0,018	0,002
127,900	0,018	0,001
127,950	0,018	0,002
128,000	0,019	0,001
128,050	0,019	0,002
128,100	0,019	0,001
128,150	0,018	0,002
128,200	0,019	0,001
128,250	0,019	0,003
128,300	0,019	0,002
128,350	0,019	0,003
128,400	0,019	0,002
128,450	0,019	0,003
128,500	0,019	0,002
128,550	0,019	0,003
128,600	0,019	0,002
128,650	0,019	0,003
128,700	0,019	0,002
128,750	0,019	0,003
128,800	0,019	0,002
128,850	0,019	0,003
128,900	0,019	0,002
128,950	0,020	0,004
129,000	0,019	0,002
129,050	0,019	0,003
129,100	0,019	0,002
129,150	0,019	0,003
129,200	0,019	0,003
129,250	0,020	0,004
129,300	0,020	0,003
129,350	0,020	0,004
129,400	0,020	0,003
129,450	0,020	0,004
129,500	0,020	0,003
129,550	0,020	0,004
129,600	0,020	0,003
129,650	0,020	0,004
129,700	0,020	0,003
129,750	0,020	0,004
129,800	0,020	0,003
129,850	0,020	0,004
129,900	0,020	0,003
129,950	0,020	0,004
130,000	0,020	0,003
130,050	0,020	0,004
130,100	0,020	0,004
130,150	0,020	0,004
130,200	0,020	0,003
130,250	0,020	0,004
130,300	0,020	0,003
130,350	0,020	0,004
130,400	0,020	0,003
130,450	0,020	0,004
130,500	0,020	0,004
130,550	0,020	0,004
130,600	0,020	0,004
130,650	0,020	0,004
130,700	0,020	0,003
130,750	0,020	0,004
130,800	0,020	0,003
130,850	0,020	0,004
130,900	0,020	0,003
130,950	0,020	0,004
131,000	0,020	0,003
131,050	0,020	0,004
131,100	0,020	0,003
131,150	0,020	0,004
131,200	0,020	0,003
131,250	0,020	0,004
131,300	0,020	0,003
131,350	0,020	0,004
131,400	0,020	0,004
131,450	0,020	0,004
131,500	0,020	0,004
131,550	0,020	0,004
131,600	0,020	0,003
131,650	0,020	0,004
131,700	0,020	0,004
131,750	0,020	0,004
131,800	0,020	0,004
131,850	0,020	0,004
131,900	0,020	0,004
131,950	0,020	0,004
132,000	0,020	0,003
132,050	0,020	0,004
132,100	0,020	0,004
132,150	0,020	0,004
132,200	0,020	0,004
132,250	0,020	0,004
132,300	0,020	0,003
132,350	0,020	0,004
132,400	0,020	0,004
132,450	0,020	0,004
132,500	0,020	0,004
132,550	0,020	0,004
132,600	0,020	0,004
