DC0
1000
2 153 15 10000000 65 120 0
2 306 9 10000000 65 120 0
2 458 12 10000000 65 120 0
2 611 8 10000000 65 120 0
2 763 5 10000000 65 120 0
2 916 10 10000000 65 120 0
2 1069 5 10000000 65 120 0
2 1221 11 10000000 65 120 0
2 1374 8 10000000 65 120 0
2 1526 7 10000000 65 120 0
2 1679 5 10000000 65 120 0
2 1832 4 10000000 65 120 0
2 1984 3 10000000 65 120 0
2 2137 9 10000000 65 120 0
2 2289 9 10000000 65 120 0
2 2442 7 10000000 65 120 0
2 2594 8 10000000 65 120 0
2 2747 10 10000000 65 120 0
2 2900 13 10000000 65 120 0
2 3052 8 10000000 65 120 0
2 3205 12 10000000 65 120 0
2 3357 9 10000000 65 120 0
2 3510 10 10000000 65 120 0
2 3663 5 10000000 65 120 0
2 3815 11 10000000 65 120 0
2 3968 7 10000000 65 120 0
2 4120 6 10000000 65 120 0
2 4273 8 10000000 65 120 0
2 4426 10 10000000 65 120 0
2 4578 10 10000000 65 120 0
2 4731 5 10000000 65 120 0
2 4883 15 10000000 65 120 0
2 5036 6 10000000 65 120 0
2 5188 3 10000000 65 120 0
2 5341 8 10000000 65 120 0
2 5494 8 10000000 65 120 0
2 5646 2 10000000 65 120 0
2 5799 8 10000000 65 120 0
2 5951 14 10000000 65 120 0
2 6104 10 10000000 65 120 0
2 6257 9 10000000 65 120 0
2 6409 6 10000000 65 120 0
2 6562 13 10000000 65 120 0
2 6714 7 10000000 65 120 0
2 6867 5 10000000 65 120 0
2 7019 7 10000000 65 120 0
2 7172 7 10000000 65 120 0
2 7325 10 10000000 65 120 0
2 7477 7 10000000 65 120 0
2 7630 6 10000000 65 120 0
2 7782 11 10000000 65 120 0
2 7935 9 10000000 65 120 0
2 8088 6 10000000 65 120 0
2 8240 9 10000000 65 120 0
2 8393 4 10000000 65 120 0
2 8545 11 10000000 65 120 0
2 8698 8 10000000 65 120 0
2 8851 8 10000000 65 120 0
2 9003 5 10000000 65 120 0
2 9156 13 10000000 65 120 0
2 9308 6 10000000 65 120 0
2 9461 9 10000000 65 120 0
2 9613 15 10000000 65 120 0
2 9766 3 10000000 65 120 0
2 9919 6 10000000 65 120 0
2 10071 7 10000000 65 120 0
2 10224 6 10000000 65 120 0
2 10376 7 10000000 65 120 0
2 10529 13 10000000 65 120 0
2 10682 11 10000000 65 120 0
2 10834 7 10000000 65 120 0
2 10987 4 10000000 65 120 0
2 11139 10 10000000 65 120 0
2 11292 11 10000000 65 120 0
2 11445 12 10000000 65 120 0
2 11597 8 10000000 65 120 0
2 11750 9 10000000 65 120 0
2 11902 14 10000000 65 120 0
2 12055 3 10000000 65 120 0
2 12208 6 10000000 65 120 0
2 12360 8 10000000 65 120 0
2 12513 7 10000000 65 120 0
2 12665 13 10000000 65 120 0
2 12818 4 10000000 65 120 0
2 12970 8 10000000 65 120 0
2 13123 13 10000000 65 120 0
2 13276 10 10000000 65 120 0
2 13428 7 10000000 65 120 0
2 13581 11 10000000 65 120 0
2 13733 14 10000000 65 120 0
2 13886 9 10000000 65 120 0
2 14039 8 10000000 65 120 0
2 14191 7 10000000 65 120 0
2 14344 9 10000000 65 120 0
2 14496 8 10000000 65 120 0
2 14649 8 10000000 65 120 0
2 14801 8 10000000 65 120 0
2 14954 7 10000000 65 120 0
2 15107 9 10000000 65 120 0
2 15259 9 10000000 65 120 0
2 15412 6 10000000 65 120 0
2 15564 17 10000000 65 120 0
2 15717 5 10000000 65 120 0
2 15870 15 10000000 65 120 0
2 16022 16 10000000 65 120 0
2 16175 10 10000000 65 120 0
2 16327 8 10000000 65 120 0
2 16480 5 10000000 65 120 0
2 16633 14 10000000 65 120 0
2 16785 8 10000000 65 120 0
2 16938 9 10000000 65 120 0
2 17090 6 10000000 65 120 0
2 17243 6 10000000 65 120 0
2 17395 9 10000000 65 120 0
2 17548 8 10000000 65 120 0
2 17701 2 10000000 65 120 0
2 17853 7 10000000 65 120 0
2 18006 8 10000000 65 120 0
2 18158 10 10000000 65 120 0
2 18311 14 10000000 65 120 0
2 18464 6 10000000 65 120 0
2 18616 9 10000000 65 120 0
2 18769 6 10000000 65 120 0
2 18921 8 10000000 65 120 0
2 19074 5 10000000 65 120 0
2 19227 9 10000000 65 120 0
2 19379 9 10000000 65 120 0
2 19532 10 10000000 65 120 0
2 19684 9 10000000 65 120 0
2 19837 3 10000000 65 120 0
2 19990 7 10000000 65 120 0
2 20142 11 10000000 65 120 0
2 20295 12 10000000 65 120 0
2 20447 12 10000000 65 120 0
2 20600 7 10000000 65 120 0
2 20752 6 10000000 65 120 0
2 20905 6 10000000 65 120 0
2 21058 2 10000000 65 120 0
2 21210 9 10000000 65 120 0
2 21363 11 10000000 65 120 0
2 21515 6 10000000 65 120 0
2 21668 11 10000000 65 120 0
2 21821 10 10000000 65 120 0
2 21973 8 10000000 65 120 0
2 22126 9 10000000 65 120 0
2 22278 11 10000000 65 120 0
2 22431 3 10000000 65 120 0
2 22583 11 10000000 65 120 0
2 22736 12 10000000 65 120 0
2 22889 6 10000000 65 120 0
2 23041 11 10000000 65 120 0
2 23194 10 10000000 65 120 0
2 23346 7 10000000 65 120 0
2 23499 8 10000000 65 120 0
2 23652 10 10000000 65 120 0
2 23804 9 10000000 65 120 0
2 23957 9 10000000 65 120 0
2 24109 5 10000000 65 120 0
2 24262 11 10000000 65 120 0
2 24415 6 10000000 65 120 0
2 24567 8 10000000 65 120 0
2 24720 13 10000000 65 120 0
2 24872 9 10000000 65 120 0
2 25025 8 10000000 65 120 0
2 25177 8 10000000 65 120 0
2 25330 7 10000000 65 120 0
2 25483 8 10000000 65 120 0
2 25635 7 10000000 65 120 0
2 25788 9 10000000 65 120 0
2 25940 5 10000000 65 120 0
2 26093 5 10000000 65 120 0
2 26246 9 10000000 65 120 0
2 26398 12 10000000 65 120 0
2 26551 11 10000000 65 120 0
2 26703 6 10000000 65 120 0
2 26856 10 10000000 65 120 0
2 27009 7 10000000 65 120 0
2 27161 6 10000000 65 120 0
2 27314 5 10000000 65 120 0
2 27466 5 10000000 65 120 0
2 27619 5 10000000 65 120 0
2 27771 6 10000000 65 120 0
2 27924 6 10000000 65 120 0
2 28077 3 10000000 65 120 0
2 28229 4 10000000 65 120 0
2 28382 10 10000000 65 120 0
2 28534 9 10000000 65 120 0
2 28687 5 10000000 65 120 0
2 28840 13 10000000 65 120 0
2 28992 12 10000000 65 120 0
2 29145 9 10000000 65 120 0
2 29297 3 10000000 65 120 0
2 29450 6 10000000 65 120 0
2 29603 9 10000000 65 120 0
2 29755 7 10000000 65 120 0
2 29908 9 10000000 65 120 0
2 30060 11 10000000 65 120 0
2 30213 11 10000000 65 120 0
2 30365 8 10000000 65 120 0
2 30518 8 10000000 65 120 0
2 30671 13 10000000 65 120 0
2 30823 7 10000000 65 120 0
2 30976 7 10000000 65 120 0
2 31128 6 10000000 65 120 0
2 31281 13 10000000 65 120 0
2 31434 5 10000000 65 120 0
2 31586 8 10000000 65 120 0
2 31739 8 10000000 65 120 0
2 31891 4 10000000 65 120 0
2 32044 7 10000000 65 120 0
2 32197 7 10000000 65 120 0
2 32349 5 10000000 65 120 0
2 32502 2 10000000 65 120 0
2 32654 15 10000000 65 120 0
2 32807 10 10000000 65 120 0
2 32959 9 10000000 65 120 0
2 33112 5 10000000 65 120 0
2 33265 5 10000000 65 120 0
2 33417 12 10000000 65 120 0
2 33570 4 10000000 65 120 0
2 33722 6 10000000 65 120 0
2 33875 4 10000000 65 120 0
2 34028 9 10000000 65 120 0
2 34180 9 10000000 65 120 0
2 34333 3 10000000 65 120 0
2 34485 11 10000000 65 120 0
2 34638 6 10000000 65 120 0
2 34791 8 10000000 65 120 0
2 34943 5 10000000 65 120 0
2 35096 8 10000000 65 120 0
2 35248 5 10000000 65 120 0
2 35401 8 10000000 65 120 0
2 35553 4 10000000 65 120 0
2 35706 6 10000000 65 120 0
2 35859 6 10000000 65 120 0
2 36011 10 10000000 65 120 0
2 36164 5 10000000 65 120 0
2 36316 5 10000000 65 120 0
2 36469 12 10000000 65 120 0
2 36622 8 10000000 65 120 0
2 36774 11 10000000 65 120 0
2 36927 11 10000000 65 120 0
2 37079 17 10000000 65 120 0
2 37232 11 10000000 65 120 0
2 37384 6 10000000 65 120 0
2 37537 9 10000000 65 120 0
2 37690 12 10000000 65 120 0
2 37842 4 10000000 65 120 0
2 37995 5 10000000 65 120 0
2 38147 9 10000000 65 120 0
2 38300 10 10000000 65 120 0
2 38453 9 10000000 65 120 0
2 38605 6 10000000 65 120 0
2 38758 11 10000000 65 120 0
2 38910 5 10000000 65 120 0
2 39063 13 10000000 65 120 0
2 39216 10 10000000 65 120 0
2 39368 10 10000000 65 120 0
2 39521 6 10000000 65 120 0
2 39673 14 10000000 65 120 0
2 39826 10 10000000 65 120 0
2 39979 4 10000000 65 120 0
2 40131 8 10000000 65 120 0
2 40284 2 10000000 65 120 0
2 40436 10 10000000 65 120 0
2 40589 9 10000000 65 120 0
2 40741 5 10000000 65 120 0
2 40894 8 10000000 65 120 0
2 41047 6 10000000 65 120 0
2 41199 7 10000000 65 120 0
2 41352 10 10000000 65 120 0
2 41504 10 10000000 65 120 0
2 41657 5 10000000 65 120 0
2 41810 6 10000000 65 120 0
2 41962 6 10000000 65 120 0
2 42115 9 10000000 65 120 0
2 42267 7 10000000 65 120 0
2 42420 4 10000000 65 120 0
2 42572 10 10000000 65 120 0
2 42725 4 10000000 65 120 0
2 42878 8 10000000 65 120 0
2 43030 4 10000000 65 120 0
2 43183 9 10000000 65 120 0
2 43335 12 10000000 65 120 0
2 43488 4 10000000 65 120 0
2 43641 10 10000000 65 120 0
2 43793 8 10000000 65 120 0
2 43946 4 10000000 65 120 0
2 44098 4 10000000 65 120 0
2 44251 12 10000000 65 120 0
2 44404 7 10000000 65 120 0
2 44556 10 10000000 65 120 0
2 44709 9 10000000 65 120 0
2 44861 5 10000000 65 120 0
2 45014 9 10000000 65 120 0
2 45166 4 10000000 65 120 0
2 45319 14 10000000 65 120 0
2 45472 6 10000000 65 120 0
2 45624 8 10000000 65 120 0
2 45777 10 10000000 65 120 0
2 45929 6 10000000 65 120 0
2 46082 10 10000000 65 120 0
2 46235 10 10000000 65 120 0
2 46387 5 10000000 65 120 0
2 46540 8 10000000 65 120 0
2 46692 3 10000000 65 120 0
2 46845 9 10000000 65 120 0
2 46998 12 10000000 65 120 0
2 47150 5 10000000 65 120 0
2 47303 9 10000000 65 120 0
2 47455 8 10000000 65 120 0
2 47608 10 10000000 65 120 0
2 47761 6 10000000 65 120 0
2 47913 7 10000000 65 120 0
2 48066 7 10000000 65 120 0
2 48218 10 10000000 65 120 0
2 48371 9 10000000 65 120 0
2 48523 8 10000000 65 120 0
2 48676 9 10000000 65 120 0
2 48829 12 10000000 65 120 0
2 48981 9 10000000 65 120 0
2 49134 11 10000000 65 120 0
2 49286 8 10000000 65 120 0
2 49439 9 10000000 65 120 0
2 49592 6 10000000 65 120 0
2 49744 8 10000000 65 120 0
2 49897 4 10000000 65 120 0
2 50049 7 10000000 65 120 0
2 50202 9 10000000 65 120 0
2 50354 5 10000000 65 120 0
2 50507 0 10000000 65 120 0
2 50660 4 10000000 65 120 0
2 50812 8 10000000 65 120 0
2 50965 11 10000000 65 120 0
2 51117 9 10000000 65 120 0
2 51270 10 10000000 65 120 0
2 51423 3 10000000 65 120 0
2 51575 7 10000000 65 120 0
2 51728 6 10000000 65 120 0
2 51880 5 10000000 65 120 0
2 52033 9 10000000 65 120 0
2 52186 5 10000000 65 120 0
2 52338 11 10000000 65 120 0
2 52491 11 10000000 65 120 0
2 52643 11 10000000 65 120 0
2 52796 7 10000000 65 120 0
2 52948 10 10000000 65 120 0
2 53101 10 10000000 65 120 0
2 53254 10 10000000 65 120 0
2 53406 9 10000000 65 120 0
2 53559 7 10000000 65 120 0
2 53711 3 10000000 65 120 0
2 53864 6 10000000 65 120 0
2 54017 5 10000000 65 120 0
2 54169 10 10000000 65 120 0
2 54322 6 10000000 65 120 0
2 54474 7 10000000 65 120 0
2 54627 6 10000000 65 120 0
2 54780 2 10000000 65 120 0
2 54932 9 10000000 65 120 0
2 55085 9 10000000 65 120 0
2 55237 5 10000000 65 120 0
2 55390 9 10000000 65 120 0
2 55542 10 10000000 65 120 0
2 55695 7 10000000 65 120 0
2 55848 6 10000000 65 120 0
2 56000 4 10000000 65 120 0
2 56153 9 10000000 65 120 0
2 56305 5 10000000 65 120 0
2 56458 7 10000000 65 120 0
2 56611 7 10000000 65 120 0
2 56763 7 10000000 65 120 0
2 56916 10 10000000 65 120 0
2 57068 5 10000000 65 120 0
2 57221 7 10000000 65 120 0
2 57374 7 10000000 65 120 0
2 57526 13 10000000 65 120 0
2 57679 5 10000000 65 120 0
2 57831 8 10000000 65 120 0
2 57984 5 10000000 65 120 0
2 58136 5 10000000 65 120 0
2 58289 6 10000000 65 120 0
2 58442 6 10000000 65 120 0
2 58594 6 10000000 65 120 0
2 58747 11 10000000 65 120 0
2 58899 8 10000000 65 120 0
2 59052 8 10000000 65 120 0
2 59205 8 10000000 65 120 0
2 59357 5 10000000 65 120 0
2 59510 10 10000000 65 120 0
2 59662 7 10000000 65 120 0
2 59815 6 10000000 65 120 0
2 59968 8 10000000 65 120 0
2 60120 11 10000000 65 120 0
2 60273 7 10000000 65 120 0
2 60425 8 10000000 65 120 0
2 60578 5 10000000 65 120 0
2 60730 10 10000000 65 120 0
2 60883 7 10000000 65 120 0
2 61036 7 10000000 65 120 0
2 61188 8 10000000 65 120 0
2 61341 7 10000000 65 120 0
2 61493 9 10000000 65 120 0
2 61646 8 10000000 65 120 0
2 61799 18 10000000 65 120 0
2 61951 8 10000000 65 120 0
2 62104 13 10000000 65 120 0
2 62256 10 10000000 65 120 0
2 62409 7 10000000 65 120 0
2 62562 8 10000000 65 120 0
2 62714 9 10000000 65 120 0
2 62867 7 10000000 65 120 0
2 63019 7 10000000 65 120 0
2 63172 6 10000000 65 120 0
2 63324 13 10000000 65 120 0
2 63477 11 10000000 65 120 0
2 63630 11 10000000 65 120 0
2 63782 8 10000000 65 120 0
2 63935 14 10000000 65 120 0
2 64087 10 10000000 65 120 0
2 64240 7 10000000 65 120 0
2 64393 5 10000000 65 120 0
2 64545 4 10000000 65 120 0
2 64698 8 10000000 65 120 0
2 64850 5 10000000 65 120 0
2 65003 5 10000000 65 120 0
2 65156 7 10000000 65 120 0
2 65308 9 10000000 65 120 0
2 65461 14 10000000 65 120 0
2 65613 7 10000000 65 120 0
2 65766 19 10000000 65 120 0
2 65918 11 10000000 65 120 0
2 66071 6 10000000 65 120 0
2 66224 9 10000000 65 120 0
2 66376 8 10000000 65 120 0
2 66529 11 10000000 65 120 0
2 66681 4 10000000 65 120 0
2 66834 10 10000000 65 120 0
2 66987 5 10000000 65 120 0
2 67139 7 10000000 65 120 0
2 67292 10 10000000 65 120 0
2 67444 5 10000000 65 120 0
2 67597 10 10000000 65 120 0
2 67749 10 10000000 65 120 0
2 67902 8 10000000 65 120 0
2 68055 10 10000000 65 120 0
2 68207 6 10000000 65 120 0
2 68360 7 10000000 65 120 0
2 68512 11 10000000 65 120 0
2 68665 6 10000000 65 120 0
2 68818 6 10000000 65 120 0
2 68970 6 10000000 65 120 0
2 69123 8 10000000 65 120 0
2 69275 8 10000000 65 120 0
2 69428 8 10000000 65 120 0
2 69581 6 10000000 65 120 0
2 69733 7 10000000 65 120 0
2 69886 6 10000000 65 120 0
2 70038 12 10000000 65 120 0
2 70191 10 10000000 65 120 0
2 70344 4 10000000 65 120 0
2 70496 7 10000000 65 120 0
2 70649 10 10000000 65 120 0
2 70801 9 10000000 65 120 0
2 70954 5 10000000 65 120 0
2 71106 5 10000000 65 120 0
2 71259 7 10000000 65 120 0
2 71412 7 10000000 65 120 0
2 71564 4 10000000 65 120 0
2 71717 9 10000000 65 120 0
2 71869 6 10000000 65 120 0
2 72022 12 10000000 65 120 0
2 72175 8 10000000 65 120 0
2 72327 7 10000000 65 120 0
2 72480 11 10000000 65 120 0
2 72632 7 10000000 65 120 0
2 72785 7 10000000 65 120 0
2 72938 5 10000000 65 120 0
2 73090 10 10000000 65 120 0
2 73243 4 10000000 65 120 0
2 73395 7 10000000 65 120 0
2 73548 4 10000000 65 120 0
2 73700 6 10000000 65 120 0
2 73853 7 10000000 65 120 0
2 74006 7 10000000 65 120 0
2 74158 10 10000000 65 120 0
2 74311 5 10000000 65 120 0
2 74463 5 10000000 65 120 0
2 74616 6 10000000 65 120 0
2 74769 7 10000000 65 120 0
2 74921 5 10000000 65 120 0
2 75074 7 10000000 65 120 0
2 75226 3 10000000 65 120 0
2 75379 6 10000000 65 120 0
2 75532 8 10000000 65 120 0
2 75684 7 10000000 65 120 0
2 75837 4 10000000 65 120 0
2 75989 7 10000000 65 120 0
2 76142 8 10000000 65 120 0
2 76294 6 10000000 65 120 0
2 76447 6 10000000 65 120 0
2 76600 10 10000000 65 120 0
2 76752 8 10000000 65 120 0
2 76905 6 10000000 65 120 0
2 77057 10 10000000 65 120 0
2 77210 5 10000000 65 120 0
2 77363 10 10000000 65 120 0
2 77515 9 10000000 65 120 0
2 77668 3 10000000 65 120 0
2 77820 17 10000000 65 120 0
2 77973 3 10000000 65 120 0
2 78125 10 10000000 65 120 0
2 78278 6 10000000 65 120 0
2 78431 7 10000000 65 120 0
2 78583 5 10000000 65 120 0
2 78736 8 10000000 65 120 0
2 78888 5 10000000 65 120 0
2 79041 7 10000000 65 120 0
2 79194 6 10000000 65 120 0
2 79346 6 10000000 65 120 0
2 79499 6 10000000 65 120 0
2 79651 10 10000000 65 120 0
2 79804 8 10000000 65 120 0
2 79957 5 10000000 65 120 0
2 80109 3 10000000 65 120 0
2 80262 4 10000000 65 120 0
2 80414 10 10000000 65 120 0
2 80567 9 10000000 65 120 0
2 80719 9 10000000 65 120 0
2 80872 12 10000000 65 120 0
2 81025 4 10000000 65 120 0
2 81177 10 10000000 65 120 0
2 81330 9 10000000 65 120 0
2 81482 10 10000000 65 120 0
2 81635 12 10000000 65 120 0
2 81788 3 10000000 65 120 0
2 81940 8 10000000 65 120 0
2 82093 9 10000000 65 120 0
2 82245 5 10000000 65 120 0
2 82398 8 10000000 65 120 0
2 82551 6 10000000 65 120 0
2 82703 7 10000000 65 120 0
2 82856 12 10000000 65 120 0
2 83008 5 10000000 65 120 0
2 83161 8 10000000 65 120 0
2 83313 7 10000000 65 120 0
2 83466 6 10000000 65 120 0
2 83619 6 10000000 65 120 0
2 83771 11 10000000 65 120 0
2 83924 13 10000000 65 120 0
2 84076 10 10000000 65 120 0
2 84229 8 10000000 65 120 0
2 84382 10 10000000 65 120 0
2 84534 10 10000000 65 120 0
2 84687 7 10000000 65 120 0
2 84839 13 10000000 65 120 0
2 84992 7 10000000 65 120 0
2 85145 8 10000000 65 120 0
2 85297 9 10000000 65 120 0
2 85450 5 10000000 65 120 0
2 85602 4 10000000 65 120 0
2 85755 17 10000000 65 120 0
2 85907 7 10000000 65 120 0
2 86060 11 10000000 65 120 0
2 86213 6 10000000 65 120 0
2 86365 13 10000000 65 120 0
2 86518 10 10000000 65 120 0
2 86670 10 10000000 65 120 0
2 86823 2 10000000 65 120 0
2 86976 6 10000000 65 120 0
2 87128 1 10000000 65 120 0
2 87281 11 10000000 65 120 0
2 87433 7 10000000 65 120 0
2 87586 10 10000000 65 120 0
2 87739 7 10000000 65 120 0
2 87891 12 10000000 65 120 0
2 88044 8 10000000 65 120 0
2 88196 9 10000000 65 120 0
2 88349 7 10000000 65 120 0
2 88501 9 10000000 65 120 0
2 88654 10 10000000 65 120 0
2 88807 7 10000000 65 120 0
2 88959 13 10000000 65 120 0
2 89112 10 10000000 65 120 0
2 89264 9 10000000 65 120 0
2 89417 8 10000000 65 120 0
2 89570 8 10000000 65 120 0
2 89722 6 10000000 65 120 0
2 89875 9 10000000 65 120 0
2 90027 8 10000000 65 120 0
2 90180 10 10000000 65 120 0
2 90333 9 10000000 65 120 0
2 90485 4 10000000 65 120 0
2 90638 7 10000000 65 120 0
2 90790 6 10000000 65 120 0
2 90943 8 10000000 65 120 0
2 91095 5 10000000 65 120 0
2 91248 4 10000000 65 120 0
2 91401 4 10000000 65 120 0
2 91553 8 10000000 65 120 0
2 91706 6 10000000 65 120 0
2 91858 5 10000000 65 120 0
2 92011 4 10000000 65 120 0
2 92164 8 10000000 65 120 0
2 92316 8 10000000 65 120 0
2 92469 10 10000000 65 120 0
2 92621 8 10000000 65 120 0
2 92774 4 10000000 65 120 0
2 92927 7 10000000 65 120 0
2 93079 7 10000000 65 120 0
2 93232 5 10000000 65 120 0
2 93384 11 10000000 65 120 0
2 93537 5 10000000 65 120 0
2 93689 6 10000000 65 120 0
2 93842 8 10000000 65 120 0
2 93995 13 10000000 65 120 0
2 94147 6 10000000 65 120 0
2 94300 6 10000000 65 120 0
2 94452 7 10000000 65 120 0
2 94605 5 10000000 65 120 0
2 94758 3 10000000 65 120 0
2 94910 5 10000000 65 120 0
2 95063 11 10000000 65 120 0
2 95215 7 10000000 65 120 0
2 95368 6 10000000 65 120 0
2 95521 6 10000000 65 120 0
2 95673 9 10000000 65 120 0
2 95826 7 10000000 65 120 0
2 95978 8 10000000 65 120 0
2 96131 7 10000000 65 120 0
2 96283 5 10000000 65 120 0
2 96436 7 10000000 65 120 0
2 96589 9 10000000 65 120 0
2 96741 6 10000000 65 120 0
2 96894 6 10000000 65 120 0
2 97046 6 10000000 65 120 0
2 97199 12 10000000 65 120 0
2 97352 10 10000000 65 120 0
2 97504 9 10000000 65 120 0
2 97657 9 10000000 65 120 0
2 97809 6 10000000 65 120 0
2 97962 6 10000000 65 120 0
2 98115 9 10000000 65 120 0
2 98267 6 10000000 65 120 0
2 98420 5 10000000 65 120 0
2 98572 6 10000000 65 120 0
2 98725 5 10000000 65 120 0
2 98877 8 10000000 65 120 0
2 99030 10 10000000 65 120 0
2 99183 6 10000000 65 120 0
2 99335 5 10000000 65 120 0
2 99488 11 10000000 65 120 0
2 99640 9 10000000 65 120 0
2 99793 10 10000000 65 120 0
2 99946 8 10000000 65 120 0
2 100098 6 10000000 65 120 0
2 100251 11 10000000 65 120 0
2 100403 10 10000000 65 120 0
2 100556 3 10000000 65 120 0
2 100708 6 10000000 65 120 0
2 100861 14 10000000 65 120 0
2 101014 10 10000000 65 120 0
2 101166 3 10000000 65 120 0
2 101319 7 10000000 65 120 0
2 101471 10 10000000 65 120 0
2 101624 8 10000000 65 120 0
2 101777 9 10000000 65 120 0
2 101929 7 10000000 65 120 0
2 102082 4 10000000 65 120 0
2 102234 10 10000000 65 120 0
2 102387 5 10000000 65 120 0
2 102540 6 10000000 65 120 0
2 102692 11 10000000 65 120 0
2 102845 9 10000000 65 120 0
2 102997 7 10000000 65 120 0
2 103150 13 10000000 65 120 0
2 103302 5 10000000 65 120 0
2 103455 13 10000000 65 120 0
2 103608 5 10000000 65 120 0
2 103760 7 10000000 65 120 0
2 103913 6 10000000 65 120 0
2 104065 4 10000000 65 120 0
2 104218 15 10000000 65 120 0
2 104371 10 10000000 65 120 0
2 104523 10 10000000 65 120 0
2 104676 5 10000000 65 120 0
2 104828 8 10000000 65 120 0
2 104981 11 10000000 65 120 0
2 105134 8 10000000 65 120 0
2 105286 9 10000000 65 120 0
2 105439 7 10000000 65 120 0
2 105591 10 10000000 65 120 0
2 105744 11 10000000 65 120 0
2 105896 10 10000000 65 120 0
2 106049 10 10000000 65 120 0
2 106202 4 10000000 65 120 0
2 106354 7 10000000 65 120 0
2 106507 16 10000000 65 120 0
2 106659 7 10000000 65 120 0
2 106812 8 10000000 65 120 0
2 106965 5 10000000 65 120 0
2 107117 11 10000000 65 120 0
2 107270 10 10000000 65 120 0
2 107422 3 10000000 65 120 0
2 107575 9 10000000 65 120 0
2 107728 12 10000000 65 120 0
2 107880 7 10000000 65 120 0
2 108033 10 10000000 65 120 0
2 108185 6 10000000 65 120 0
2 108338 3 10000000 65 120 0
2 108490 13 10000000 65 120 0
2 108643 11 10000000 65 120 0
2 108796 9 10000000 65 120 0
2 108948 5 10000000 65 120 0
2 109101 4 10000000 65 120 0
2 109253 7 10000000 65 120 0
2 109406 6 10000000 65 120 0
2 109559 8 10000000 65 120 0
2 109711 10 10000000 65 120 0
2 109864 7 10000000 65 120 0
2 110016 7 10000000 65 120 0
2 110169 10 10000000 65 120 0
2 110322 8 10000000 65 120 0
2 110474 7 10000000 65 120 0
2 110627 1 10000000 65 120 0
2 110779 8 10000000 65 120 0
2 110932 6 10000000 65 120 0
2 111084 7 10000000 65 120 0
2 111237 7 10000000 65 120 0
2 111390 7 10000000 65 120 0
2 111542 11 10000000 65 120 0
2 111695 4 10000000 65 120 0
2 111847 7 10000000 65 120 0
2 112000 10 10000000 65 120 0
2 112153 17 10000000 65 120 0
2 112305 8 10000000 65 120 0
2 112458 8 10000000 65 120 0
2 112610 10 10000000 65 120 0
2 112763 10 10000000 65 120 0
2 112916 7 10000000 65 120 0
2 113068 9 10000000 65 120 0
2 113221 7 10000000 65 120 0
2 113373 5 10000000 65 120 0
2 113526 3 10000000 65 120 0
2 113678 9 10000000 65 120 0
2 113831 9 10000000 65 120 0
2 113984 8 10000000 65 120 0
2 114136 8 10000000 65 120 0
2 114289 3 10000000 65 120 0
2 114441 7 10000000 65 120 0
2 114594 10 10000000 65 120 0
2 114747 8 10000000 65 120 0
2 114899 5 10000000 65 120 0
2 115052 6 10000000 65 120 0
2 115204 4 10000000 65 120 0
2 115357 15 10000000 65 120 0
2 115510 10 10000000 65 120 0
2 115662 7 10000000 65 120 0
2 115815 17 10000000 65 120 0
2 115967 11 10000000 65 120 0
2 116120 11 10000000 65 120 0
2 116272 4 10000000 65 120 0
2 116425 8 10000000 65 120 0
2 116578 5 10000000 65 120 0
2 116730 7 10000000 65 120 0
2 116883 11 10000000 65 120 0
2 117035 7 10000000 65 120 0
2 117188 6 10000000 65 120 0
2 117341 7 10000000 65 120 0
2 117493 8 10000000 65 120 0
2 117646 8 10000000 65 120 0
2 117798 9 10000000 65 120 0
2 117951 3 10000000 65 120 0
2 118104 7 10000000 65 120 0
2 118256 13 10000000 65 120 0
2 118409 12 10000000 65 120 0
2 118561 10 10000000 65 120 0
2 118714 11 10000000 65 120 0
2 118866 11 10000000 65 120 0
2 119019 12 10000000 65 120 0
2 119172 9 10000000 65 120 0
2 119324 5 10000000 65 120 0
2 119477 8 10000000 65 120 0
2 119629 6 10000000 65 120 0
2 119782 1 10000000 65 120 0
2 119935 11 10000000 65 120 0
2 120087 9 10000000 65 120 0
2 120240 11 10000000 65 120 0
2 120392 7 10000000 65 120 0
2 120545 6 10000000 65 120 0
2 120698 8 10000000 65 120 0
2 120850 5 10000000 65 120 0
2 121003 9 10000000 65 120 0
2 121155 8 10000000 65 120 0
2 121308 12 10000000 65 120 0
2 121460 13 10000000 65 120 0
2 121613 7 10000000 65 120 0
2 121766 10 10000000 65 120 0
2 121918 10 10000000 65 120 0
2 122071 11 10000000 65 120 0
2 122223 3 10000000 65 120 0
2 122376 11 10000000 65 120 0
2 122529 10 10000000 65 120 0
2 122681 8 10000000 65 120 0
2 122834 12 10000000 65 120 0
2 122986 9 10000000 65 120 0
2 123139 6 10000000 65 120 0
2 123292 8 10000000 65 120 0
2 123444 8 10000000 65 120 0
2 123597 5 10000000 65 120 0
2 123749 8 10000000 65 120 0
2 123902 8 10000000 65 120 0
2 124054 9 10000000 65 120 0
2 124207 11 10000000 65 120 0
2 124360 6 10000000 65 120 0
2 124512 9 10000000 65 120 0
2 124665 5 10000000 65 120 0
2 124817 8 10000000 65 120 0
2 124970 8 10000000 65 120 0
2 125123 8 10000000 65 120 0
2 125275 13 10000000 65 120 0
2 125428 9 10000000 65 120 0
2 125580 9 10000000 65 120 0
2 125733 8 10000000 65 120 0
2 125885 10 10000000 65 120 0
2 126038 11 10000000 65 120 0
2 126191 11 10000000 65 120 0
2 126343 12 10000000 65 120 0
2 126496 7 10000000 65 120 0
2 126648 8 10000000 65 120 0
2 126801 7 10000000 65 120 0
2 126954 8 10000000 65 120 0
2 127106 9 10000000 65 120 0
2 127259 12 10000000 65 120 0
2 127411 9 10000000 65 120 0
2 127564 8 10000000 65 120 0
2 127717 5 10000000 65 120 0
2 127869 7 10000000 65 120 0
2 128022 4 10000000 65 120 0
2 128174 4 10000000 65 120 0
2 128327 10 10000000 65 120 0
2 128479 6 10000000 65 120 0
2 128632 8 10000000 65 120 0
2 128785 9 10000000 65 120 0
2 128937 5 10000000 65 120 0
2 129090 7 10000000 65 120 0
2 129242 2 10000000 65 120 0
2 129395 6 10000000 65 120 0
2 129548 8 10000000 65 120 0
2 129700 2 10000000 65 120 0
2 129853 7 10000000 65 120 0
2 130005 11 10000000 65 120 0
2 130158 7 10000000 65 120 0
2 130311 7 10000000 65 120 0
2 130463 6 10000000 65 120 0
2 130616 11 10000000 65 120 0
2 130768 8 10000000 65 120 0
2 130921 8 10000000 65 120 0
2 131073 12 10000000 65 120 0
2 131226 15 10000000 65 120 0
2 131379 7 10000000 65 120 0
2 131531 9 10000000 65 120 0
2 131684 13 10000000 65 120 0
2 131836 12 10000000 65 120 0
2 131989 5 10000000 65 120 0
2 132142 4 10000000 65 120 0
2 132294 7 10000000 65 120 0
2 132447 9 10000000 65 120 0
2 132599 8 10000000 65 120 0
2 132752 6 10000000 65 120 0
2 132905 8 10000000 65 120 0
2 133057 9 10000000 65 120 0
2 133210 4 10000000 65 120 0
2 133362 9 10000000 65 120 0
2 133515 10 10000000 65 120 0
2 133667 2 10000000 65 120 0
2 133820 3 10000000 65 120 0
2 133973 6 10000000 65 120 0
2 134125 1 10000000 65 120 0
2 134278 9 10000000 65 120 0
2 134430 5 10000000 65 120 0
2 134583 11 10000000 65 120 0
2 134736 12 10000000 65 120 0
2 134888 9 10000000 65 120 0
2 135041 8 10000000 65 120 0
2 135193 9 10000000 65 120 0
2 135346 4 10000000 65 120 0
2 135499 6 10000000 65 120 0
2 135651 6 10000000 65 120 0
2 135804 9 10000000 65 120 0
2 135956 6 10000000 65 120 0
2 136109 6 10000000 65 120 0
2 136261 4 10000000 65 120 0
2 136414 10 10000000 65 120 0
2 136567 7 10000000 65 120 0
2 136719 10 10000000 65 120 0
2 136872 11 10000000 65 120 0
2 137024 13 10000000 65 120 0
2 137177 4 10000000 65 120 0
2 137330 11 10000000 65 120 0
2 137482 11 10000000 65 120 0
2 137635 9 10000000 65 120 0
2 137787 3 10000000 65 120 0
2 137940 7 10000000 65 120 0
2 138093 9 10000000 65 120 0
2 138245 5 10000000 65 120 0
2 138398 4 10000000 65 120 0
2 138550 9 10000000 65 120 0
2 138703 10 10000000 65 120 0
2 138855 11 10000000 65 120 0
2 139008 8 10000000 65 120 0
2 139161 8 10000000 65 120 0
2 139313 10 10000000 65 120 0
2 139466 13 10000000 65 120 0
2 139618 8 10000000 65 120 0
2 139771 8 10000000 65 120 0
2 139924 10 10000000 65 120 0
2 140076 12 10000000 65 120 0
2 140229 9 10000000 65 120 0
2 140381 3 10000000 65 120 0
2 140534 9 10000000 65 120 0
2 140687 8 10000000 65 120 0
2 140839 5 10000000 65 120 0
2 140992 5 10000000 65 120 0
2 141144 8 10000000 65 120 0
2 141297 7 10000000 65 120 0
2 141449 7 10000000 65 120 0
2 141602 9 10000000 65 120 0
2 141755 12 10000000 65 120 0
2 141907 7 10000000 65 120 0
2 142060 6 10000000 65 120 0
2 142212 9 10000000 65 120 0
2 142365 10 10000000 65 120 0
2 142518 8 10000000 65 120 0
2 142670 7 10000000 65 120 0
2 142823 6 10000000 65 120 0
2 142975 11 10000000 65 120 0
2 143128 5 10000000 65 120 0
2 143280 10 10000000 65 120 0
2 143433 7 10000000 65 120 0
2 143586 6 10000000 65 120 0
2 143738 7 10000000 65 120 0
2 143891 11 10000000 65 120 0
2 144043 7 10000000 65 120 0
2 144196 0 10000000 65 120 0
2 144349 6 10000000 65 120 0
2 144501 10 10000000 65 120 0
2 144654 8 10000000 65 120 0
2 144806 11 10000000 65 120 0
2 144959 6 10000000 65 120 0
2 145112 2 10000000 65 120 0
2 145264 15 10000000 65 120 0
2 145417 8 10000000 65 120 0
2 145569 5 10000000 65 120 0
2 145722 6 10000000 65 120 0
2 145875 9 10000000 65 120 0
2 146027 6 10000000 65 120 0
2 146180 7 10000000 65 120 0
2 146332 11 10000000 65 120 0
2 146485 6 10000000 65 120 0
2 146637 11 10000000 65 120 0
2 146790 18 10000000 65 120 0
2 146943 10 10000000 65 120 0
2 147095 7 10000000 65 120 0
2 147248 7 10000000 65 120 0
2 147400 2 10000000 65 120 0
2 147553 8 10000000 65 120 0
2 147706 5 10000000 65 120 0
2 147858 12 10000000 65 120 0
2 148011 7 10000000 65 120 0
2 148163 7 10000000 65 120 0
2 148316 5 10000000 65 120 0
2 148468 13 10000000 65 120 0
2 148621 8 10000000 65 120 0
2 148774 9 10000000 65 120 0
2 148926 11 10000000 65 120 0
2 149079 8 10000000 65 120 0
2 149231 10 10000000 65 120 0
2 149384 5 10000000 65 120 0
2 149537 11 10000000 65 120 0
2 149689 9 10000000 65 120 0
2 149842 7 10000000 65 120 0
2 149994 8 10000000 65 120 0
2 150147 3 10000000 65 120 0
2 150300 10 10000000 65 120 0
2 150452 7 10000000 65 120 0
2 150605 3 10000000 65 120 0
2 150757 9 10000000 65 120 0
2 150910 15 10000000 65 120 0
2 151063 6 10000000 65 120 0
2 151215 5 10000000 65 120 0
2 151368 5 10000000 65 120 0
2 151520 12 10000000 65 120 0
2 151673 7 10000000 65 120 0
2 151825 10 10000000 65 120 0
2 151978 8 10000000 65 120 0
2 152131 14 10000000 65 120 0
2 152283 10 10000000 65 120 0
2 152436 7 10000000 65 120 0
2 152588 9 10000000 65 120 0

n

0 1024 500 0 0 0 0 1 0 0 0 0 0 0 0 1

t
s
0 16384 5000 0 1 0 0 1 0 0 0 0 0 0 0 1

N
Imp
-0.0001 19.9501 5 0 0 1 0 1 0 0 1 0 0 0 0 1

R
1/s
-0.0001 1.9951 0.5 0 0 1 0 1 0 0 1 0 0 0 0 1

f_1
Hz
0 10 5 0 2 0 0 1 1000 0 1 0 0 0 0 1

f_2
Hz
0 10 5 0 2 0 0 1 1000 0 1 0 0 0 0 1

dt_1
s
0 10 5 0 3 0 0 1 10000 0 1 0 0 0 0 1

dt_2
s
0 10 5 0 3 0 0 1 10000 0 1 0 0 0 0 1

f

-10 10 10 0 2 0 0 1 1000 0 0 0 0 0 0 1
0
0 1 0 1
0 1 0 1
0 1 0 1
0 1 0 1
0 1 0 1
0 1 0 1
0 1 0 1
0
58432 
0
