DC0
1000
2 16 1 1000000 65 120 0
2 31 1 1000000 65 120 0
2 46 1 1000000 65 120 0
2 62 3 1000000 65 120 0
2 77 1 1000000 65 120 0
2 92 1 1000000 65 120 0
2 107 0 1000000 65 120 0
2 123 2 1000000 65 120 0
2 138 1 1000000 65 120 0
2 153 3 1000000 65 120 0
2 168 2 1000000 65 120 0
2 184 0 1000000 65 120 0
2 199 0 1000000 65 120 0
2 214 0 1000000 65 120 0
2 229 1 1000000 65 120 0
2 245 0 1000000 65 120 0
2 260 1 1000000 65 120 0
2 275 0 1000000 65 120 0
2 290 1 1000000 65 120 0
2 306 0 1000000 65 120 0
2 321 0 1000000 65 120 0
2 336 0 1000000 65 120 0
2 351 2 1000000 65 120 0
2 367 0 1000000 65 120 0
2 382 0 1000000 65 120 0
2 397 0 1000000 65 120 0
2 412 3 1000000 65 120 0
2 428 0 1000000 65 120 0
2 443 1 1000000 65 120 0
2 458 0 1000000 65 120 0
2 474 2 1000000 65 120 0
2 489 1 1000000 65 120 0
2 504 2 1000000 65 120 0
2 519 2 1000000 65 120 0
2 535 0 1000000 65 120 0
2 550 1 1000000 65 120 0
2 565 0 1000000 65 120 0
2 580 0 1000000 65 120 0
2 596 0 1000000 65 120 0
2 611 0 1000000 65 120 0
2 626 2 1000000 65 120 0
2 641 1 1000000 65 120 0
2 657 1 1000000 65 120 0
2 672 0 1000000 65 120 0
2 687 2 1000000 65 120 0
2 702 1 1000000 65 120 0
2 718 0 1000000 65 120 0
2 733 1 1000000 65 120 0
2 748 0 1000000 65 120 0
2 763 0 1000000 65 120 0
2 779 1 1000000 65 120 0
2 794 1 1000000 65 120 0
2 809 1 1000000 65 120 0
2 824 0 1000000 65 120 0
2 840 2 1000000 65 120 0
2 855 0 1000000 65 120 0
2 870 0 1000000 65 120 0
2 886 0 1000000 65 120 0
2 901 0 1000000 65 120 0
2 916 0 1000000 65 120 0
2 931 0 1000000 65 120 0
2 947 3 1000000 65 120 0
2 962 1 1000000 65 120 0
2 977 1 1000000 65 120 0
2 992 0 1000000 65 120 0
2 1008 2 1000000 65 120 0
2 1023 1 1000000 65 120 0
2 1038 0 1000000 65 120 0
2 1053 0 1000000 65 120 0
2 1069 2 1000000 65 120 0
2 1084 2 1000000 65 120 0
2 1099 0 1000000 65 120 0
2 1114 2 1000000 65 120 0
2 1130 0 1000000 65 120 0
2 1145 1 1000000 65 120 0
2 1160 0 1000000 65 120 0
2 1175 0 1000000 65 120 0
2 1191 0 1000000 65 120 0
2 1206 2 1000000 65 120 0
2 1221 0 1000000 65 120 0
2 1236 0 1000000 65 120 0
2 1252 2 1000000 65 120 0
2 1267 0 1000000 65 120 0
2 1282 2 1000000 65 120 0
2 1297 0 1000000 65 120 0
2 1313 0 1000000 65 120 0
2 1328 2 1000000 65 120 0
2 1343 1 1000000 65 120 0
2 1359 0 1000000 65 120 0
2 1374 0 1000000 65 120 0
2 1389 0 1000000 65 120 0
2 1404 2 1000000 65 120 0
2 1420 0 1000000 65 120 0
2 1435 1 1000000 65 120 0
2 1450 2 1000000 65 120 0
2 1465 1 1000000 65 120 0
2 1481 0 1000000 65 120 0
2 1496 1 1000000 65 120 0
2 1511 0 1000000 65 120 0
2 1526 0 1000000 65 120 0
2 1542 2 1000000 65 120 0
2 1557 0 1000000 65 120 0
2 1572 3 1000000 65 120 0
2 1587 0 1000000 65 120 0
2 1603 0 1000000 65 120 0
2 1618 1 1000000 65 120 0
2 1633 0 1000000 65 120 0
2 1648 0 1000000 65 120 0
2 1664 1 1000000 65 120 0
2 1679 1 1000000 65 120 0
2 1694 3 1000000 65 120 0
2 1709 1 1000000 65 120 0
2 1725 0 1000000 65 120 0
2 1740 3 1000000 65 120 0
2 1755 0 1000000 65 120 0
2 1770 1 1000000 65 120 0
2 1786 0 1000000 65 120 0
2 1801 1 1000000 65 120 0
2 1816 0 1000000 65 120 0
2 1832 0 1000000 65 120 0
2 1847 1 1000000 65 120 0
2 1862 1 1000000 65 120 0
2 1877 0 1000000 65 120 0
2 1893 1 1000000 65 120 0
2 1908 2 1000000 65 120 0
2 1923 0 1000000 65 120 0
2 1938 0 1000000 65 120 0
2 1954 1 1000000 65 120 0
2 1969 1 1000000 65 120 0
2 1984 0 1000000 65 120 0
2 1999 1 1000000 65 120 0
2 2015 2 1000000 65 120 0
2 2030 0 1000000 65 120 0
2 2045 0 1000000 65 120 0
2 2060 0 1000000 65 120 0
2 2076 1 1000000 65 120 0
2 2091 1 1000000 65 120 0
2 2106 2 1000000 65 120 0
2 2121 1 1000000 65 120 0
2 2137 0 1000000 65 120 0
2 2152 1 1000000 65 120 0
2 2167 0 1000000 65 120 0
2 2182 1 1000000 65 120 0
2 2198 2 1000000 65 120 0
2 2213 1 1000000 65 120 0
2 2228 0 1000000 65 120 0
2 2244 0 1000000 65 120 0
2 2259 0 1000000 65 120 0
2 2274 2 1000000 65 120 0
2 2289 0 1000000 65 120 0
2 2305 2 1000000 65 120 0
2 2320 1 1000000 65 120 0
2 2335 1 1000000 65 120 0
2 2350 0 1000000 65 120 0
2 2366 0 1000000 65 120 0
2 2381 0 1000000 65 120 0
2 2396 1 1000000 65 120 0
2 2411 2 1000000 65 120 0
2 2427 0 1000000 65 120 0
2 2442 1 1000000 65 120 0
2 2457 0 1000000 65 120 0
2 2472 0 1000000 65 120 0
2 2488 2 1000000 65 120 0
2 2503 2 1000000 65 120 0
2 2518 2 1000000 65 120 0
2 2533 1 1000000 65 120 0
2 2549 0 1000000 65 120 0
2 2564 0 1000000 65 120 0
2 2579 0 1000000 65 120 0
2 2594 0 1000000 65 120 0
2 2610 1 1000000 65 120 0
2 2625 0 1000000 65 120 0
2 2640 2 1000000 65 120 0
2 2656 0 1000000 65 120 0
2 2671 1 1000000 65 120 0
2 2686 0 1000000 65 120 0
2 2701 2 1000000 65 120 0
2 2717 2 1000000 65 120 0
2 2732 1 1000000 65 120 0
2 2747 1 1000000 65 120 0
2 2762 2 1000000 65 120 0
2 2778 0 1000000 65 120 0
2 2793 1 1000000 65 120 0
2 2808 2 1000000 65 120 0
2 2823 0 1000000 65 120 0
2 2839 0 1000000 65 120 0
2 2854 0 1000000 65 120 0
2 2869 0 1000000 65 120 0
2 2884 2 1000000 65 120 0
2 2900 0 1000000 65 120 0
2 2915 0 1000000 65 120 0
2 2930 1 1000000 65 120 0
2 2945 0 1000000 65 120 0
2 2961 0 1000000 65 120 0
2 2976 1 1000000 65 120 0
2 2991 3 1000000 65 120 0
2 3006 1 1000000 65 120 0
2 3022 0 1000000 65 120 0
2 3037 1 1000000 65 120 0
2 3052 0 1000000 65 120 0
2 3068 1 1000000 65 120 0
2 3083 0 1000000 65 120 0
2 3098 2 1000000 65 120 0
2 3113 0 1000000 65 120 0
2 3129 0 1000000 65 120 0
2 3144 0 1000000 65 120 0
2 3159 0 1000000 65 120 0
2 3174 0 1000000 65 120 0
2 3190 0 1000000 65 120 0
2 3205 0 1000000 65 120 0
2 3220 3 1000000 65 120 0
2 3235 0 1000000 65 120 0
2 3251 2 1000000 65 120 0
2 3266 1 1000000 65 120 0
2 3281 3 1000000 65 120 0
2 3296 0 1000000 65 120 0
2 3312 3 1000000 65 120 0
2 3327 1 1000000 65 120 0
2 3342 1 1000000 65 120 0
2 3357 1 1000000 65 120 0
2 3373 1 1000000 65 120 0
2 3388 0 1000000 65 120 0
2 3403 0 1000000 65 120 0
2 3418 2 1000000 65 120 0
2 3434 0 1000000 65 120 0
2 3449 0 1000000 65 120 0
2 3464 1 1000000 65 120 0
2 3480 1 1000000 65 120 0
2 3495 0 1000000 65 120 0
2 3510 0 1000000 65 120 0
2 3525 2 1000000 65 120 0
2 3541 0 1000000 65 120 0
2 3556 1 1000000 65 120 0
2 3571 0 1000000 65 120 0
2 3586 1 1000000 65 120 0
2 3602 0 1000000 65 120 0
2 3617 1 1000000 65 120 0
2 3632 2 1000000 65 120 0
2 3647 2 1000000 65 120 0
2 3663 1 1000000 65 120 0
2 3678 0 1000000 65 120 0
2 3693 1 1000000 65 120 0
2 3708 1 1000000 65 120 0
2 3724 0 1000000 65 120 0
2 3739 2 1000000 65 120 0
2 3754 0 1000000 65 120 0
2 3769 0 1000000 65 120 0
2 3785 4 1000000 65 120 0
2 3800 2 1000000 65 120 0
2 3815 0 1000000 65 120 0
2 3830 1 1000000 65 120 0
2 3846 0 1000000 65 120 0
2 3861 1 1000000 65 120 0
2 3876 1 1000000 65 120 0
2 3891 2 1000000 65 120 0
2 3907 1 1000000 65 120 0
2 3922 0 1000000 65 120 0
2 3937 1 1000000 65 120 0
2 3953 2 1000000 65 120 0
2 3968 1 1000000 65 120 0
2 3983 0 1000000 65 120 0
2 3998 0 1000000 65 120 0
2 4014 0 1000000 65 120 0
2 4029 1 1000000 65 120 0
2 4044 0 1000000 65 120 0
2 4059 1 1000000 65 120 0
2 4075 0 1000000 65 120 0
2 4090 4 1000000 65 120 0
2 4105 2 1000000 65 120 0
2 4120 0 1000000 65 120 0
2 4136 0 1000000 65 120 0
2 4151 1 1000000 65 120 0
2 4166 2 1000000 65 120 0
2 4181 0 1000000 65 120 0
2 4197 1 1000000 65 120 0
2 4212 1 1000000 65 120 0
2 4227 1 1000000 65 120 0
2 4242 0 1000000 65 120 0
2 4258 0 1000000 65 120 0
2 4273 0 1000000 65 120 0
2 4288 1 1000000 65 120 0
2 4303 0 1000000 65 120 0
2 4319 1 1000000 65 120 0
2 4334 0 1000000 65 120 0
2 4349 1 1000000 65 120 0
2 4365 0 1000000 65 120 0
2 4380 2 1000000 65 120 0
2 4395 0 1000000 65 120 0
2 4410 0 1000000 65 120 0
2 4426 0 1000000 65 120 0
2 4441 0 1000000 65 120 0
2 4456 1 1000000 65 120 0
2 4471 1 1000000 65 120 0
2 4487 2 1000000 65 120 0
2 4502 1 1000000 65 120 0
2 4517 1 1000000 65 120 0
2 4532 2 1000000 65 120 0
2 4548 0 1000000 65 120 0
2 4563 0 1000000 65 120 0
2 4578 3 1000000 65 120 0
2 4593 0 1000000 65 120 0
2 4609 0 1000000 65 120 0
2 4624 0 1000000 65 120 0
2 4639 0 1000000 65 120 0
2 4654 0 1000000 65 120 0
2 4670 1 1000000 65 120 0
2 4685 1 1000000 65 120 0
2 4700 1 1000000 65 120 0
2 4715 1 1000000 65 120 0
2 4731 1 1000000 65 120 0
2 4746 1 1000000 65 120 0
2 4761 0 1000000 65 120 0
2 4776 0 1000000 65 120 0
2 4792 0 1000000 65 120 0
2 4807 0 1000000 65 120 0
2 4822 0 1000000 65 120 0
2 4838 2 1000000 65 120 0
2 4853 1 1000000 65 120 0
2 4868 0 1000000 65 120 0
2 4883 1 1000000 65 120 0
2 4899 1 1000000 65 120 0
2 4914 0 1000000 65 120 0
2 4929 0 1000000 65 120 0
2 4944 1 1000000 65 120 0
2 4960 0 1000000 65 120 0
2 4975 0 1000000 65 120 0
2 4990 0 1000000 65 120 0
2 5005 0 1000000 65 120 0
2 5021 0 1000000 65 120 0
2 5036 2 1000000 65 120 0
2 5051 0 1000000 65 120 0
2 5066 0 1000000 65 120 0
2 5082 1 1000000 65 120 0
2 5097 2 1000000 65 120 0
2 5112 0 1000000 65 120 0
2 5127 2 1000000 65 120 0
2 5143 0 1000000 65 120 0
2 5158 0 1000000 65 120 0
2 5173 0 1000000 65 120 0
2 5188 1 1000000 65 120 0
2 5204 1 1000000 65 120 0
2 5219 0 1000000 65 120 0
2 5234 0 1000000 65 120 0
2 5250 0 1000000 65 120 0
2 5265 1 1000000 65 120 0
2 5280 0 1000000 65 120 0
2 5295 2 1000000 65 120 0
2 5311 3 1000000 65 120 0
2 5326 3 1000000 65 120 0
2 5341 0 1000000 65 120 0
2 5356 3 1000000 65 120 0
2 5372 0 1000000 65 120 0
2 5387 1 1000000 65 120 0
2 5402 1 1000000 65 120 0
2 5417 0 1000000 65 120 0
2 5433 2 1000000 65 120 0
2 5448 1 1000000 65 120 0
2 5463 0 1000000 65 120 0
2 5478 0 1000000 65 120 0
2 5494 1 1000000 65 120 0
2 5509 1 1000000 65 120 0
2 5524 2 1000000 65 120 0
2 5539 1 1000000 65 120 0
2 5555 0 1000000 65 120 0
2 5570 0 1000000 65 120 0
2 5585 1 1000000 65 120 0
2 5600 1 1000000 65 120 0
2 5616 0 1000000 65 120 0
2 5631 0 1000000 65 120 0
2 5646 0 1000000 65 120 0
2 5661 1 1000000 65 120 0
2 5677 0 1000000 65 120 0
2 5692 2 1000000 65 120 0
2 5707 0 1000000 65 120 0
2 5723 1 1000000 65 120 0
2 5738 0 1000000 65 120 0
2 5753 2 1000000 65 120 0
2 5768 1 1000000 65 120 0
2 5784 1 1000000 65 120 0
2 5799 2 1000000 65 120 0
2 5814 0 1000000 65 120 0
2 5829 0 1000000 65 120 0
2 5845 0 1000000 65 120 0
2 5860 0 1000000 65 120 0
2 5875 1 1000000 65 120 0
2 5890 0 1000000 65 120 0
2 5906 1 1000000 65 120 0
2 5921 1 1000000 65 120 0
2 5936 0 1000000 65 120 0
2 5951 1 1000000 65 120 0
2 5967 1 1000000 65 120 0
2 5982 0 1000000 65 120 0
2 5997 0 1000000 65 120 0
2 6012 0 1000000 65 120 0
2 6028 1 1000000 65 120 0
2 6043 0 1000000 65 120 0
2 6058 3 1000000 65 120 0
2 6073 0 1000000 65 120 0
2 6089 0 1000000 65 120 0
2 6104 2 1000000 65 120 0
2 6119 0 1000000 65 120 0
2 6135 1 1000000 65 120 0
2 6150 1 1000000 65 120 0
2 6165 0 1000000 65 120 0
2 6180 2 1000000 65 120 0
2 6196 0 1000000 65 120 0
2 6211 0 1000000 65 120 0
2 6226 1 1000000 65 120 0
2 6241 0 1000000 65 120 0
2 6257 0 1000000 65 120 0
2 6272 0 1000000 65 120 0
2 6287 3 1000000 65 120 0
2 6302 0 1000000 65 120 0
2 6318 4 1000000 65 120 0
2 6333 1 1000000 65 120 0
2 6348 0 1000000 65 120 0
2 6363 1 1000000 65 120 0
2 6379 0 1000000 65 120 0
2 6394 1 1000000 65 120 0
2 6409 2 1000000 65 120 0
2 6424 0 1000000 65 120 0
2 6440 0 1000000 65 120 0
2 6455 1 1000000 65 120 0
2 6470 0 1000000 65 120 0
2 6485 1 1000000 65 120 0
2 6501 0 1000000 65 120 0
2 6516 1 1000000 65 120 0
2 6531 0 1000000 65 120 0
2 6547 1 1000000 65 120 0
2 6562 0 1000000 65 120 0
2 6577 0 1000000 65 120 0
2 6592 0 1000000 65 120 0
2 6608 0 1000000 65 120 0
2 6623 2 1000000 65 120 0
2 6638 0 1000000 65 120 0
2 6653 1 1000000 65 120 0
2 6669 0 1000000 65 120 0
2 6684 0 1000000 65 120 0
2 6699 2 1000000 65 120 0
2 6714 0 1000000 65 120 0
2 6730 0 1000000 65 120 0
2 6745 0 1000000 65 120 0
2 6760 2 1000000 65 120 0
2 6775 1 1000000 65 120 0
2 6791 1 1000000 65 120 0
2 6806 1 1000000 65 120 0
2 6821 1 1000000 65 120 0
2 6836 0 1000000 65 120 0
2 6852 0 1000000 65 120 0
2 6867 0 1000000 65 120 0
2 6882 0 1000000 65 120 0
2 6897 2 1000000 65 120 0
2 6913 0 1000000 65 120 0
2 6928 0 1000000 65 120 0
2 6943 0 1000000 65 120 0
2 6958 0 1000000 65 120 0
2 6974 5 1000000 65 120 0
2 6989 0 1000000 65 120 0
2 7004 0 1000000 65 120 0
2 7020 1 1000000 65 120 0
2 7035 1 1000000 65 120 0
2 7050 1 1000000 65 120 0
2 7065 3 1000000 65 120 0
2 7081 2 1000000 65 120 0
2 7096 0 1000000 65 120 0
2 7111 1 1000000 65 120 0
2 7126 1 1000000 65 120 0
2 7142 1 1000000 65 120 0
2 7157 0 1000000 65 120 0
2 7172 1 1000000 65 120 0
2 7187 3 1000000 65 120 0
2 7203 2 1000000 65 120 0
2 7218 2 1000000 65 120 0
2 7233 0 1000000 65 120 0
2 7248 0 1000000 65 120 0
2 7264 1 1000000 65 120 0
2 7279 0 1000000 65 120 0
2 7294 0 1000000 65 120 0
2 7309 0 1000000 65 120 0
2 7325 0 1000000 65 120 0
2 7340 0 1000000 65 120 0
2 7355 1 1000000 65 120 0
2 7370 0 1000000 65 120 0
2 7386 0 1000000 65 120 0
2 7401 0 1000000 65 120 0
2 7416 0 1000000 65 120 0
2 7432 0 1000000 65 120 0
2 7447 1 1000000 65 120 0
2 7462 1 1000000 65 120 0
2 7477 0 1000000 65 120 0
2 7493 2 1000000 65 120 0
2 7508 0 1000000 65 120 0
2 7523 0 1000000 65 120 0
2 7538 0 1000000 65 120 0
2 7554 1 1000000 65 120 0
2 7569 1 1000000 65 120 0
2 7584 1 1000000 65 120 0
2 7599 1 1000000 65 120 0
2 7615 0 1000000 65 120 0
2 7630 2 1000000 65 120 0
2 7645 0 1000000 65 120 0
2 7660 2 1000000 65 120 0
2 7676 1 1000000 65 120 0
2 7691 0 1000000 65 120 0
2 7706 0 1000000 65 120 0
2 7721 0 1000000 65 120 0
2 7737 0 1000000 65 120 0
2 7752 1 1000000 65 120 0
2 7767 3 1000000 65 120 0
2 7782 0 1000000 65 120 0
2 7798 0 1000000 65 120 0
2 7813 1 1000000 65 120 0
2 7828 0 1000000 65 120 0
2 7844 0 1000000 65 120 0
2 7859 0 1000000 65 120 0
2 7874 1 1000000 65 120 0
2 7889 1 1000000 65 120 0
2 7905 1 1000000 65 120 0
2 7920 0 1000000 65 120 0
2 7935 0 1000000 65 120 0
2 7950 1 1000000 65 120 0
2 7966 1 1000000 65 120 0
2 7981 0 1000000 65 120 0
2 7996 0 1000000 65 120 0
2 8011 0 1000000 65 120 0
2 8027 1 1000000 65 120 0
2 8042 1 1000000 65 120 0
2 8057 1 1000000 65 120 0
2 8072 3 1000000 65 120 0
2 8088 1 1000000 65 120 0
2 8103 0 1000000 65 120 0
2 8118 0 1000000 65 120 0
2 8133 1 1000000 65 120 0
2 8149 1 1000000 65 120 0
2 8164 0 1000000 65 120 0
2 8179 0 1000000 65 120 0
2 8194 2 1000000 65 120 0
2 8210 2 1000000 65 120 0
2 8225 2 1000000 65 120 0
2 8240 1 1000000 65 120 0
2 8255 2 1000000 65 120 0
2 8271 0 1000000 65 120 0
2 8286 1 1000000 65 120 0
2 8301 0 1000000 65 120 0
2 8317 1 1000000 65 120 0
2 8332 0 1000000 65 120 0
2 8347 1 1000000 65 120 0
2 8362 0 1000000 65 120 0
2 8378 3 1000000 65 120 0
2 8393 1 1000000 65 120 0
2 8408 2 1000000 65 120 0
2 8423 1 1000000 65 120 0
2 8439 1 1000000 65 120 0
2 8454 0 1000000 65 120 0
2 8469 0 1000000 65 120 0
2 8484 2 1000000 65 120 0
2 8500 1 1000000 65 120 0
2 8515 0 1000000 65 120 0
2 8530 1 1000000 65 120 0
2 8545 0 1000000 65 120 0
2 8561 0 1000000 65 120 0
2 8576 2 1000000 65 120 0
2 8591 0 1000000 65 120 0
2 8606 1 1000000 65 120 0
2 8622 2 1000000 65 120 0
2 8637 0 1000000 65 120 0
2 8652 1 1000000 65 120 0
2 8667 1 1000000 65 120 0
2 8683 0 1000000 65 120 0
2 8698 0 1000000 65 120 0
2 8713 0 1000000 65 120 0
2 8729 0 1000000 65 120 0
2 8744 2 1000000 65 120 0
2 8759 0 1000000 65 120 0
2 8774 1 1000000 65 120 0
2 8790 1 1000000 65 120 0
2 8805 0 1000000 65 120 0
2 8820 1 1000000 65 120 0
2 8835 0 1000000 65 120 0
2 8851 3 1000000 65 120 0
2 8866 0 1000000 65 120 0
2 8881 2 1000000 65 120 0
2 8896 0 1000000 65 120 0
2 8912 0 1000000 65 120 0
2 8927 0 1000000 65 120 0
2 8942 0 1000000 65 120 0
2 8957 2 1000000 65 120 0
2 8973 1 1000000 65 120 0
2 8988 1 1000000 65 120 0
2 9003 0 1000000 65 120 0
2 9018 1 1000000 65 120 0
2 9034 1 1000000 65 120 0
2 9049 0 1000000 65 120 0
2 9064 3 1000000 65 120 0
2 9079 0 1000000 65 120 0
2 9095 0 1000000 65 120 0
2 9110 0 1000000 65 120 0
2 9125 2 1000000 65 120 0
2 9140 1 1000000 65 120 0
2 9156 2 1000000 65 120 0
2 9171 0 1000000 65 120 0
2 9186 0 1000000 65 120 0
2 9202 0 1000000 65 120 0
2 9217 0 1000000 65 120 0
2 9232 1 1000000 65 120 0
2 9247 0 1000000 65 120 0
2 9263 0 1000000 65 120 0
2 9278 0 1000000 65 120 0
2 9293 0 1000000 65 120 0
2 9308 1 1000000 65 120 0
2 9324 2 1000000 65 120 0
2 9339 0 1000000 65 120 0
2 9354 0 1000000 65 120 0
2 9369 2 1000000 65 120 0
2 9385 2 1000000 65 120 0
2 9400 2 1000000 65 120 0
2 9415 2 1000000 65 120 0
2 9430 1 1000000 65 120 0
2 9446 0 1000000 65 120 0
2 9461 0 1000000 65 120 0
2 9476 0 1000000 65 120 0
2 9491 0 1000000 65 120 0
2 9507 1 1000000 65 120 0
2 9522 1 1000000 65 120 0
2 9537 0 1000000 65 120 0
2 9552 1 1000000 65 120 0
2 9568 1 1000000 65 120 0
2 9583 1 1000000 65 120 0
2 9598 0 1000000 65 120 0
2 9614 1 1000000 65 120 0
2 9629 2 1000000 65 120 0
2 9644 0 1000000 65 120 0
2 9659 0 1000000 65 120 0
2 9675 1 1000000 65 120 0
2 9690 0 1000000 65 120 0
2 9705 1 1000000 65 120 0
2 9720 0 1000000 65 120 0
2 9736 1 1000000 65 120 0
2 9751 2 1000000 65 120 0
2 9766 0 1000000 65 120 0
2 9781 0 1000000 65 120 0
2 9797 1 1000000 65 120 0
2 9812 0 1000000 65 120 0
2 9827 0 1000000 65 120 0
2 9842 0 1000000 65 120 0
2 9858 2 1000000 65 120 0
2 9873 2 1000000 65 120 0
2 9888 0 1000000 65 120 0
2 9903 1 1000000 65 120 0
2 9919 0 1000000 65 120 0
2 9934 1 1000000 65 120 0
2 9949 0 1000000 65 120 0
2 9964 1 1000000 65 120 0
2 9980 2 1000000 65 120 0
2 9995 0 1000000 65 120 0
2 10010 1 1000000 65 120 0
2 10026 1 1000000 65 120 0
2 10041 0 1000000 65 120 0
2 10056 1 1000000 65 120 0
2 10071 0 1000000 65 120 0
2 10087 1 1000000 65 120 0
2 10102 1 1000000 65 120 0
2 10117 1 1000000 65 120 0
2 10132 0 1000000 65 120 0
2 10148 0 1000000 65 120 0
2 10163 0 1000000 65 120 0
2 10178 0 1000000 65 120 0
2 10193 0 1000000 65 120 0
2 10209 0 1000000 65 120 0
2 10224 0 1000000 65 120 0
2 10239 1 1000000 65 120 0
2 10254 1 1000000 65 120 0
2 10270 0 1000000 65 120 0
2 10285 1 1000000 65 120 0
2 10300 0 1000000 65 120 0
2 10315 0 1000000 65 120 0
2 10331 2 1000000 65 120 0
2 10346 0 1000000 65 120 0
2 10361 0 1000000 65 120 0
2 10376 2 1000000 65 120 0
2 10392 0 1000000 65 120 0
2 10407 1 1000000 65 120 0
2 10422 1 1000000 65 120 0
2 10438 1 1000000 65 120 0
2 10453 0 1000000 65 120 0
2 10468 1 1000000 65 120 0
2 10483 0 1000000 65 120 0
2 10499 1 1000000 65 120 0
2 10514 1 1000000 65 120 0
2 10529 1 1000000 65 120 0
2 10544 2 1000000 65 120 0
2 10560 1 1000000 65 120 0
2 10575 0 1000000 65 120 0
2 10590 0 1000000 65 120 0
2 10605 0 1000000 65 120 0
2 10621 1 1000000 65 120 0
2 10636 0 1000000 65 120 0
2 10651 1 1000000 65 120 0
2 10666 1 1000000 65 120 0
2 10682 0 1000000 65 120 0
2 10697 0 1000000 65 120 0
2 10712 0 1000000 65 120 0
2 10727 2 1000000 65 120 0
2 10743 3 1000000 65 120 0
2 10758 0 1000000 65 120 0
2 10773 0 1000000 65 120 0
2 10788 0 1000000 65 120 0
2 10804 2 1000000 65 120 0
2 10819 1 1000000 65 120 0
2 10834 2 1000000 65 120 0
2 10849 2 1000000 65 120 0
2 10865 2 1000000 65 120 0
2 10880 0 1000000 65 120 0
2 10895 2 1000000 65 120 0
2 10911 0 1000000 65 120 0
2 10926 1 1000000 65 120 0
2 10941 0 1000000 65 120 0
2 10956 1 1000000 65 120 0
2 10972 0 1000000 65 120 0
2 10987 0 1000000 65 120 0
2 11002 1 1000000 65 120 0
2 11017 0 1000000 65 120 0
2 11033 1 1000000 65 120 0
2 11048 0 1000000 65 120 0
2 11063 0 1000000 65 120 0
2 11078 1 1000000 65 120 0
2 11094 0 1000000 65 120 0
2 11109 1 1000000 65 120 0
2 11124 0 1000000 65 120 0
2 11139 0 1000000 65 120 0
2 11155 1 1000000 65 120 0
2 11170 4 1000000 65 120 0
2 11185 0 1000000 65 120 0
2 11200 1 1000000 65 120 0
2 11216 0 1000000 65 120 0
2 11231 1 1000000 65 120 0
2 11246 0 1000000 65 120 0
2 11261 1 1000000 65 120 0
2 11277 1 1000000 65 120 0
2 11292 0 1000000 65 120 0
2 11307 1 1000000 65 120 0
2 11323 0 1000000 65 120 0
2 11338 0 1000000 65 120 0
2 11353 0 1000000 65 120 0
2 11368 3 1000000 65 120 0
2 11384 0 1000000 65 120 0
2 11399 0 1000000 65 120 0
2 11414 2 1000000 65 120 0
2 11429 0 1000000 65 120 0
2 11445 4 1000000 65 120 0
2 11460 0 1000000 65 120 0
2 11475 1 1000000 65 120 0
2 11490 1 1000000 65 120 0
2 11506 1 1000000 65 120 0
2 11521 0 1000000 65 120 0
2 11536 0 1000000 65 120 0
2 11551 1 1000000 65 120 0
2 11567 0 1000000 65 120 0
2 11582 0 1000000 65 120 0
2 11597 0 1000000 65 120 0
2 11612 2 1000000 65 120 0
2 11628 1 1000000 65 120 0
2 11643 0 1000000 65 120 0
2 11658 2 1000000 65 120 0
2 11673 1 1000000 65 120 0
2 11689 0 1000000 65 120 0
2 11704 0 1000000 65 120 0
2 11719 0 1000000 65 120 0
2 11735 1 1000000 65 120 0
2 11750 2 1000000 65 120 0
2 11765 1 1000000 65 120 0
2 11780 0 1000000 65 120 0
2 11796 0 1000000 65 120 0
2 11811 1 1000000 65 120 0
2 11826 2 1000000 65 120 0
2 11841 0 1000000 65 120 0
2 11857 1 1000000 65 120 0
2 11872 0 1000000 65 120 0
2 11887 2 1000000 65 120 0
2 11902 1 1000000 65 120 0
2 11918 1 1000000 65 120 0
2 11933 0 1000000 65 120 0
2 11948 2 1000000 65 120 0
2 11963 1 1000000 65 120 0
2 11979 1 1000000 65 120 0
2 11994 1 1000000 65 120 0
2 12009 0 1000000 65 120 0
2 12024 0 1000000 65 120 0
2 12040 0 1000000 65 120 0
2 12055 0 1000000 65 120 0
2 12070 0 1000000 65 120 0
2 12085 1 1000000 65 120 0
2 12101 0 1000000 65 120 0
2 12116 1 1000000 65 120 0
2 12131 3 1000000 65 120 0
2 12146 1 1000000 65 120 0
2 12162 2 1000000 65 120 0
2 12177 1 1000000 65 120 0
2 12192 0 1000000 65 120 0
2 12208 0 1000000 65 120 0
2 12223 0 1000000 65 120 0
2 12238 2 1000000 65 120 0
2 12253 0 1000000 65 120 0
2 12269 1 1000000 65 120 0
2 12284 0 1000000 65 120 0
2 12299 0 1000000 65 120 0
2 12314 1 1000000 65 120 0
2 12330 2 1000000 65 120 0
2 12345 1 1000000 65 120 0
2 12360 2 1000000 65 120 0
2 12375 1 1000000 65 120 0
2 12391 2 1000000 65 120 0
2 12406 1 1000000 65 120 0
2 12421 1 1000000 65 120 0
2 12436 0 1000000 65 120 0
2 12452 0 1000000 65 120 0
2 12467 0 1000000 65 120 0
2 12482 1 1000000 65 120 0
2 12497 1 1000000 65 120 0
2 12513 1 1000000 65 120 0
2 12528 0 1000000 65 120 0
2 12543 2 1000000 65 120 0
2 12558 2 1000000 65 120 0
2 12574 1 1000000 65 120 0
2 12589 0 1000000 65 120 0
2 12604 1 1000000 65 120 0
2 12620 0 1000000 65 120 0
2 12635 2 1000000 65 120 0
2 12650 3 1000000 65 120 0
2 12665 0 1000000 65 120 0
2 12681 2 1000000 65 120 0
2 12696 0 1000000 65 120 0
2 12711 0 1000000 65 120 0
2 12726 2 1000000 65 120 0
2 12742 0 1000000 65 120 0
2 12757 2 1000000 65 120 0
2 12772 1 1000000 65 120 0
2 12787 2 1000000 65 120 0
2 12803 0 1000000 65 120 0
2 12818 0 1000000 65 120 0
2 12833 1 1000000 65 120 0
2 12848 0 1000000 65 120 0
2 12864 2 1000000 65 120 0
2 12879 0 1000000 65 120 0
2 12894 1 1000000 65 120 0
2 12909 0 1000000 65 120 0
2 12925 0 1000000 65 120 0
2 12940 3 1000000 65 120 0
2 12955 0 1000000 65 120 0
2 12970 0 1000000 65 120 0
2 12986 4 1000000 65 120 0
2 13001 1 1000000 65 120 0
2 13016 4 1000000 65 120 0
2 13031 1 1000000 65 120 0
2 13047 0 1000000 65 120 0
2 13062 0 1000000 65 120 0
2 13077 1 1000000 65 120 0
2 13093 0 1000000 65 120 0
2 13108 0 1000000 65 120 0
2 13123 0 1000000 65 120 0
2 13138 1 1000000 65 120 0
2 13154 1 1000000 65 120 0
2 13169 2 1000000 65 120 0
2 13184 3 1000000 65 120 0
2 13199 1 1000000 65 120 0
2 13215 2 1000000 65 120 0
2 13230 1 1000000 65 120 0
2 13245 0 1000000 65 120 0
2 13260 3 1000000 65 120 0
2 13276 0 1000000 65 120 0
2 13291 1 1000000 65 120 0
2 13306 0 1000000 65 120 0
2 13321 0 1000000 65 120 0
2 13337 1 1000000 65 120 0
2 13352 1 1000000 65 120 0
2 13367 2 1000000 65 120 0
2 13382 0 1000000 65 120 0
2 13398 1 1000000 65 120 0
2 13413 3 1000000 65 120 0
2 13428 2 1000000 65 120 0
2 13443 0 1000000 65 120 0
2 13459 1 1000000 65 120 0
2 13474 0 1000000 65 120 0
2 13489 0 1000000 65 120 0
2 13505 2 1000000 65 120 0
2 13520 0 1000000 65 120 0
2 13535 1 1000000 65 120 0
2 13550 3 1000000 65 120 0
2 13566 0 1000000 65 120 0
2 13581 0 1000000 65 120 0
2 13596 3 1000000 65 120 0
2 13611 2 1000000 65 120 0
2 13627 0 1000000 65 120 0
2 13642 2 1000000 65 120 0
2 13657 1 1000000 65 120 0
2 13672 2 1000000 65 120 0
2 13688 2 1000000 65 120 0
2 13703 1 1000000 65 120 0
2 13718 0 1000000 65 120 0
2 13733 0 1000000 65 120 0
2 13749 1 1000000 65 120 0
2 13764 1 1000000 65 120 0
2 13779 0 1000000 65 120 0
2 13794 0 1000000 65 120 0
2 13810 0 1000000 65 120 0
2 13825 1 1000000 65 120 0
2 13840 0 1000000 65 120 0
2 13855 1 1000000 65 120 0
2 13871 2 1000000 65 120 0
2 13886 0 1000000 65 120 0
2 13901 1 1000000 65 120 0
2 13916 3 1000000 65 120 0
2 13932 1 1000000 65 120 0
2 13947 1 1000000 65 120 0
2 13962 2 1000000 65 120 0
2 13978 1 1000000 65 120 0
2 13993 1 1000000 65 120 0
2 14008 1 1000000 65 120 0
2 14023 0 1000000 65 120 0
2 14039 0 1000000 65 120 0
2 14054 0 1000000 65 120 0
2 14069 1 1000000 65 120 0
2 14084 0 1000000 65 120 0
2 14100 0 1000000 65 120 0
2 14115 1 1000000 65 120 0
2 14130 1 1000000 65 120 0
2 14145 0 1000000 65 120 0
2 14161 1 1000000 65 120 0
2 14176 0 1000000 65 120 0
2 14191 0 1000000 65 120 0
2 14206 0 1000000 65 120 0
2 14222 0 1000000 65 120 0
2 14237 1 1000000 65 120 0
2 14252 1 1000000 65 120 0
2 14267 2 1000000 65 120 0
2 14283 1 1000000 65 120 0
2 14298 2 1000000 65 120 0
2 14313 1 1000000 65 120 0
2 14328 0 1000000 65 120 0
2 14344 0 1000000 65 120 0
2 14359 1 1000000 65 120 0
2 14374 1 1000000 65 120 0
2 14390 0 1000000 65 120 0
2 14405 0 1000000 65 120 0
2 14420 0 1000000 65 120 0
2 14435 1 1000000 65 120 0
2 14451 0 1000000 65 120 0
2 14466 1 1000000 65 120 0
2 14481 1 1000000 65 120 0
2 14496 1 1000000 65 120 0
2 14512 1 1000000 65 120 0
2 14527 2 1000000 65 120 0
2 14542 0 1000000 65 120 0
2 14557 0 1000000 65 120 0
2 14573 0 1000000 65 120 0
2 14588 2 1000000 65 120 0
2 14603 0 1000000 65 120 0
2 14618 3 1000000 65 120 0
2 14634 0 1000000 65 120 0
2 14649 0 1000000 65 120 0
2 14664 3 1000000 65 120 0
2 14679 0 1000000 65 120 0
2 14695 0 1000000 65 120 0
2 14710 0 1000000 65 120 0
2 14725 0 1000000 65 120 0
2 14740 1 1000000 65 120 0
2 14756 1 1000000 65 120 0
2 14771 0 1000000 65 120 0
2 14786 2 1000000 65 120 0
2 14802 1 1000000 65 120 0
2 14817 1 1000000 65 120 0
2 14832 0 1000000 65 120 0
2 14847 2 1000000 65 120 0
2 14863 1 1000000 65 120 0
2 14878 0 1000000 65 120 0
2 14893 0 1000000 65 120 0
2 14908 0 1000000 65 120 0
2 14924 0 1000000 65 120 0
2 14939 0 1000000 65 120 0
2 14954 1 1000000 65 120 0
2 14969 1 1000000 65 120 0
2 14985 1 1000000 65 120 0
2 15000 0 1000000 65 120 0
2 15015 1 1000000 65 120 0
2 15030 0 1000000 65 120 0
2 15046 1 1000000 65 120 0
2 15061 1 1000000 65 120 0
2 15076 0 1000000 65 120 0
2 15091 1 1000000 65 120 0
2 15107 0 1000000 65 120 0
2 15122 0 1000000 65 120 0
2 15137 1 1000000 65 120 0
2 15152 1 1000000 65 120 0
2 15168 1 1000000 65 120 0
2 15183 0 1000000 65 120 0
2 15198 0 1000000 65 120 0
2 15214 1 1000000 65 120 0
2 15229 2 1000000 65 120 0
2 15244 1 1000000 65 120 0
2 15259 2 1000000 65 120 0

n

0 1024 500 0 0 0 0 1 0 0 0 0 0 0 0 1

t
s
0 1024 500 0 1 0 0 1 0 0 0 0 0 0 0 1

N
Imp
-0.0001 5.2501 1 0 0 1 0 1 0 0 1 0 0 0 0 1

R
1/s
-0.0001 5.2501 1 0 0 1 0 1 0 0 1 0 0 0 0 1

f_1
Hz
0 1000 500 0 0 0 0 1 1000 0 1 0 0 0 0 1

f_2
Hz
0 1000 500 0 0 0 0 1 1000 0 1 0 0 0 0 1

dt_1
s
0 10 5 0 3 0 0 1 10000 0 1 0 0 0 0 1

dt_2
s
0 10 5 0 3 0 0 1 10000 0 1 0 0 0 0 1

f

-10 10 10 0 2 0 0 1 1000 0 0 0 0 0 0 1
0
0 1 0 1
0 1 0 1
0 1 0 1
0 1 0 1
0 1 0 1
0 1 0 1
0 1 0 1
0
58432 
0
