DC0
150
2 153 1180 10000000 65 140 0
2 306 1120 10000000 65 140 0
2 458 1010 10000000 65 140 0
2 611 1034 10000000 65 140 0
2 763 974 10000000 65 140 0
2 916 940 10000000 65 140 0
2 1069 892 10000000 65 140 0
2 1221 861 10000000 65 140 0
2 1374 851 10000000 65 140 0
2 1526 758 10000000 65 140 0
2 1679 701 10000000 65 140 0
2 1832 694 10000000 65 140 0
2 1984 710 10000000 65 140 0
2 2137 632 10000000 65 140 0
2 2289 672 10000000 65 140 0
2 2442 589 10000000 65 140 0
2 2594 562 10000000 65 140 0
2 2747 553 10000000 65 140 0
2 2900 543 10000000 65 140 0
2 3052 494 10000000 65 140 0
2 3205 468 10000000 65 140 0
2 3357 467 10000000 65 140 0
2 3510 449 10000000 65 140 0
2 3663 439 10000000 65 140 0
2 3815 415 10000000 65 140 0
2 3968 384 10000000 65 140 0
2 4120 347 10000000 65 140 0
2 4273 344 10000000 65 140 0
2 4426 339 10000000 65 140 0
2 4578 298 10000000 65 140 0
2 4731 297 10000000 65 140 0
2 4883 298 10000000 65 140 0
2 5036 284 10000000 65 140 0
2 5188 268 10000000 65 140 0
2 5341 263 10000000 65 140 0
2 5494 244 10000000 65 140 0
2 5646 228 10000000 65 140 0
2 5799 226 10000000 65 140 0
2 5951 201 10000000 65 140 0
2 6104 230 10000000 65 140 0
2 6257 197 10000000 65 140 0
2 6409 206 10000000 65 140 0
2 6562 176 10000000 65 140 0
2 6714 168 10000000 65 140 0
2 6867 179 10000000 65 140 0
2 7020 159 10000000 65 140 0
2 7172 186 10000000 65 140 0
2 7325 138 10000000 65 140 0
2 7477 139 10000000 65 140 0
2 7630 140 10000000 65 140 0
2 7782 130 10000000 65 140 0
2 7935 124 10000000 65 140 0
2 8088 114 10000000 65 140 0
2 8240 96 10000000 65 140 0
2 8393 115 10000000 65 140 0
2 8545 101 10000000 65 140 0
2 8698 98 10000000 65 140 0
2 8851 96 10000000 65 140 0
2 9003 80 10000000 65 140 0
2 9156 89 10000000 65 140 0
2 9308 70 10000000 65 140 0
2 9461 69 10000000 65 140 0
2 9614 70 10000000 65 140 0
2 9766 75 10000000 65 140 0
2 9919 77 10000000 65 140 0
2 10071 55 10000000 65 140 0
2 10224 63 10000000 65 140 0
2 10376 71 10000000 65 140 0
2 10529 61 10000000 65 140 0
2 10682 69 10000000 65 140 0
2 10834 40 10000000 65 140 0
2 10987 49 10000000 65 140 0
2 11139 59 10000000 65 140 0
2 11292 59 10000000 65 140 0
2 11445 43 10000000 65 140 0
2 11597 48 10000000 65 140 0
2 11750 33 10000000 65 140 0
2 11902 46 10000000 65 140 0
2 12055 45 10000000 65 140 0
2 12208 39 10000000 65 140 0
2 12360 36 10000000 65 140 0
2 12513 29 10000000 65 140 0
2 12665 26 10000000 65 140 0
2 12818 43 10000000 65 140 0
2 12970 44 10000000 65 140 0
2 13123 19 10000000 65 140 0
2 13276 35 10000000 65 140 0
2 13428 29 10000000 65 140 0
2 13581 25 10000000 65 140 0
2 13733 22 10000000 65 140 0
2 13886 23 10000000 65 140 0
2 14039 24 10000000 65 140 0
2 14191 29 10000000 65 140 0
2 14344 21 10000000 65 140 0
2 14496 23 10000000 65 140 0
2 14649 22 10000000 65 140 0
2 14802 20 10000000 65 140 0
2 14954 21 10000000 65 140 0
2 15107 13 10000000 65 140 0
2 15259 21 10000000 65 140 0
2 15412 19 10000000 65 140 0
2 15564 17 10000000 65 140 0
2 15717 18 10000000 65 140 0
2 15870 11 10000000 65 140 0
2 16022 14 10000000 65 140 0
2 16175 18 10000000 65 140 0
2 16327 15 10000000 65 140 0
2 16480 15 10000000 65 140 0
2 16633 14 10000000 65 140 0
2 16785 14 10000000 65 140 0
2 16938 13 10000000 65 140 0
2 17090 16 10000000 65 140 0
2 17243 15 10000000 65 140 0
2 17396 9 10000000 65 140 0
2 17548 11 10000000 65 140 0
2 17701 17 10000000 65 140 0
2 17853 14 10000000 65 140 0
2 18006 6 10000000 65 140 0
2 18158 13 10000000 65 140 0
2 18311 14 10000000 65 140 0
2 18464 11 10000000 65 140 0
2 18616 12 10000000 65 140 0
2 18769 12 10000000 65 140 0
2 18921 9 10000000 65 140 0
2 19074 5 10000000 65 140 0
2 19227 9 10000000 65 140 0
2 19379 7 10000000 65 140 0
2 19532 9 10000000 65 140 0
2 19684 12 10000000 65 140 0
2 19837 9 10000000 65 140 0
2 19990 9 10000000 65 140 0
2 20142 14 10000000 65 140 0
2 20295 6 10000000 65 140 0
2 20447 10 10000000 65 140 0
2 20600 5 10000000 65 140 0
2 20752 8 10000000 65 140 0
2 20905 10 10000000 65 140 0
2 21058 11 10000000 65 140 0
2 21210 6 10000000 65 140 0
2 21363 9 10000000 65 140 0
2 21515 4 10000000 65 140 0
2 21668 10 10000000 65 140 0
2 21821 7 10000000 65 140 0
2 21973 8 10000000 65 140 0
2 22126 6 10000000 65 140 0
2 22278 4 10000000 65 140 0
2 22431 7 10000000 65 140 0
2 22584 10 10000000 65 140 0
2 22736 8 10000000 65 140 0
2 22889 7 10000000 65 140 0

n

0 256 100 0 0 0 0 1 0 0 0 0 0 0 0 1

t
s
0 2048 1000 0 1 0 0 1 0 0 0 0 0 0 0 1

N
Imp
-0.0001 1239.0001 500 0 0 1 0 1 0 0 1 0 0 0 0 1

R
1/s
-0.0001 123.9001 50 0 0 1 0 1 0 0 1 0 0 0 0 1

f_1
Hz
0 1000 500 0 0 0 0 1 1000 0 1 0 0 0 0 1

f_2
Hz
0 1000 500 0 0 0 0 1 1000 0 1 0 0 0 0 1

dt_1
s
0 10 5 0 3 0 0 1 10000 0 1 0 0 0 0 1

dt_2
s
0 10 5 0 3 0 0 1 10000 0 1 0 0 0 0 1

f

-10 10 10 0 2 0 0 1 1000 0 0 0 0 0 0 1
0
0 1 0 1
0 1 0 1
0 1 0 1
0 1 0 1
0 1 0 1
0 1 0 1
0 1 0 1
0
58432 
0
