DC0
5
2 916 14 60000000 65 140 0
2 1832 18 60000000 65 140 0
2 2747 27 60000000 65 140 0
2 3663 18 60000000 65 140 0
2 4578 16 60000000 65 140 0

n

0 16 5 0 0 0 0 1 0 0 0 0 0 0 0 1

t
s
0 512 100 0 1 0 0 1 0 0 0 0 0 0 0 1

N
Imp
-0.0001 28.3501 10 0 0 1 0 1 0 0 1 0 0 0 0 1

R
1/s
-0.0001 0.4726 0.1 0 0 1 0 1 0 0 1 0 0 0 0 1

f_1
Hz
0 1000 500 0 0 0 0 1 1000 0 1 0 0 0 0 1

f_2
Hz
0 1000 500 0 0 0 0 1 1000 0 1 0 0 0 0 1

dt_1
s
0 10 5 0 3 0 0 1 10000 0 1 0 0 0 0 1

dt_2
s
0 10 5 0 3 0 0 1 10000 0 1 0 0 0 0 1

f

-10 10 10 0 2 0 0 1 1000 0 0 0 0 0 0 1
0
0 1 0 1
0 1 0 1
0 1 0 1
0 1 0 1
0 1 0 1
0 1 0 1
0 1 0 1
0
58432 
0
