DC0
29
2 916 0 60000000 65 125 0
2 1832 9 60000000 65 126 0
2 2747 0 60000000 65 124 0
2 3663 3 60000000 65 127 0
2 4578 488 60000000 65 129 0
2 5494 54 60000000 65 128 0
2 6409 661 60000000 65 130 0
2 7325 781 60000000 65 131 0
2 8240 764 60000000 65 132 0
2 9156 806 60000000 65 133 0
2 10071 777 60000000 65 134 0
2 10987 794 60000000 65 134 0
2 11902 853 60000000 65 135 0
2 12818 751 60000000 65 135 0
2 13733 818 60000000 65 136 0
2 14649 785 60000000 65 137 0
2 15564 751 60000000 65 138 0
2 16480 790 60000000 65 139 0
2 17395 842 60000000 65 140 0
2 18311 824 60000000 65 141 0
2 19227 808 60000000 65 142 0
2 20142 820 60000000 65 143 0
2 21058 772 60000000 65 144 0
2 21973 772 60000000 65 145 0
2 22889 823 60000000 65 146 0
2 23804 802 60000000 65 147 0
2 24720 821 60000000 65 148 0
2 25635 804 60000000 65 149 0
2 26551 822 60000000 65 150 0

n

0 32 10 0 0 0 0 1 0 0 0 0 0 0 0 1

t
s
0 2048 1000 0 3 0 0 1 0 0 0 0 0 0 0 1

N
Imp
-0.0001 895.6501 100 0 0 1 0 1 0 0 1 0 0 0 0 1

R
1/s
-0.0001 14.9276 5 0 0 1 0 1 0 0 1 0 0 0 0 1

f_1
Hz
0 10 5 0 2 0 0 1 1000 0 1 0 0 0 0 1

f_2
Hz
0 10 5 0 2 0 0 1 1000 0 1 0 0 0 0 1

dt_1
s
0 10 5 0 3 0 0 1 10000 0 1 0 0 0 0 1

dt_2
s
0 10 5 0 3 0 0 1 10000 0 1 0 0 0 0 1

f

-10 10 10 0 2 0 0 1 1000 0 0 0 0 0 0 1
0
0 1 0 1
0 1 0 1
0 1 0 1
0 1 0 1
0 1 0 1
0 1 0 1
0 1 0 1
6
58432 
0
